Velocity(m/s)	Chord(mm)
0.138238	0.179018
0.109272	0.196143
0.104602	0.132844
0.152998	0.341950
0.118740	0.236292
0.142031	0.329511
0.128219	0.190406
0.200801	0.552204
0.186036	0.454858
0.086845	0.110293
0.126329	0.148437
0.166478	0.261370
0.180331	0.307465
0.181714	0.421577
0.140787	0.334369
0.116206	0.190577
0.101180	0.138111
0.109635	0.167742
0.113650	0.144903
0.096275	0.149226
0.156935	0.708561
0.108343	0.174975
0.107483	0.216578
0.107714	0.186884
0.152637	0.269404
0.133357	0.172031
0.119237	0.125199
0.127848	0.159810
0.134315	0.304224
0.094596	0.177368
0.080689	0.154923
0.117819	0.204416
0.147660	0.311562
0.129957	0.159197
0.140914	0.187416
0.110931	0.173607
0.095107	0.136003
0.086424	0.159884
0.095823	0.158587
0.102927	0.181151
0.133002	0.209479
0.158441	0.412738
0.096992	0.268667
0.113660	0.937693
0.085687	0.135385
0.169877	0.445928
0.172252	0.337615
0.104460	0.120651
0.124784	0.220244
0.201494	0.681049
0.293161	1.243003
0.179601	0.413981
0.188615	0.347051
0.117686	0.196536
0.116867	0.174131
0.177913	0.418095
0.119597	0.107638
0.133069	0.205592
0.224040	0.426796
0.183347	0.245685
0.251864	0.783297
0.161741	0.209455
0.137060	0.202849
0.116975	0.147388
0.180096	0.492563
0.170884	0.226421
0.112017	0.217872
0.192493	0.387873
0.192952	0.263380
0.134220	0.114087
0.149407	0.141936
0.295361	0.840301
0.191312	0.245836
0.348942	0.963080
0.203904	0.327266
0.166572	0.245694
0.120605	0.124223
0.202064	0.393015
0.140971	0.191016
0.107451	0.139149
0.130315	0.310802
0.154866	0.299666
0.106385	0.122875
0.121298	0.264429
0.093601	0.121681
0.091328	0.135165
0.106387	0.156921
0.142842	0.324966
0.114873	0.137847
0.142270	0.311572
0.111622	0.189199
0.113232	0.222501
0.118703	0.292011
0.070507	0.124797
0.104151	0.218197
0.095136	0.210250
0.094557	0.195260
0.076659	0.147186
0.140040	0.458631
0.105240	0.176804
0.097951	0.290425
0.099275	0.161321
0.137060	0.291938
0.063177	0.167419
0.091583	0.163017
0.110808	0.281453
0.079842	0.123355
0.136279	0.397935
0.105177	0.276616
0.105241	0.285202
0.106219	0.150300
0.118429	0.152181
0.130620	0.171113
0.093457	0.150465
0.116001	0.360764
0.136019	0.178184
0.185633	0.294228
0.221927	0.550378
0.135162	0.382508
0.148782	0.284917
0.120337	0.190132
0.085725	0.139731
0.173343	0.482759
0.120791	0.227087
0.126856	0.247369
0.114463	0.260404
0.124583	0.241691
0.150627	0.336651
0.156272	0.251598
0.215708	0.593196
0.138768	0.217865
0.158969	0.313170
0.228165	0.786027
0.123745	0.180048
0.208988	0.343786
0.210544	0.496883
0.135040	0.228218
0.207495	0.399428
0.160220	0.326849
0.108007	0.125288
0.112590	0.111464
0.130818	0.145862
0.134855	0.227230
0.130030	0.232753
0.319349	3.072141
0.098907	0.181989
0.118511	0.177173
0.148806	0.340765
0.110331	0.262588
0.102854	0.171767
0.090267	0.128631
0.094573	0.180161
0.174603	0.339602
0.186931	0.403771
0.093900	0.138503
0.096724	0.149438
0.092102	0.138153
0.128553	0.223039
0.209156	0.520798
0.092568	0.137000
0.182191	0.404464
0.185169	0.359228
0.086432	0.139588
0.150199	0.356722
0.116066	0.190928
0.094678	0.141544
0.103782	0.129208
0.120420	0.257097
0.209748	0.668047
0.184990	0.440277
0.110148	0.123916
0.107560	0.169945
0.067869	0.099768
0.080849	0.230419
0.091103	0.168541
0.068476	0.136953
0.080603	0.138235
0.102511	0.198871
0.126612	0.227902
0.099128	0.170996
0.098667	0.190921
0.170054	0.383472
0.095796	0.130762
0.111496	0.154421
0.110881	0.233404
0.108657	0.190151
0.195599	0.761858
0.092633	0.132929
0.106012	0.195591
0.121308	0.182568
0.102949	0.115818
0.157583	0.274194
0.211849	0.407809
0.165963	0.386694
0.129930	0.202692
0.161176	0.292534
0.094239	0.216279
0.103316	0.130178
0.206753	0.636800
0.140824	0.386561
0.121165	0.206586
0.130489	0.233575
0.144951	0.371075
0.064115	0.136565
0.110437	0.129764
0.128526	0.149090
0.112622	0.145845
0.093259	0.118439
0.100520	0.168372
0.109193	0.121750
0.117641	0.314102
0.215447	0.684045
0.158701	0.455471
0.100321	0.257826
0.074465	0.169035
0.137788	0.283155
0.109442	0.177844
0.094215	0.129546
0.122675	0.238604
0.102828	0.121337
0.173575	0.576268
0.158807	0.291411
0.181596	0.471242
0.084866	0.241869
0.143355	0.254455
0.164741	0.196866
0.138141	0.249345
0.163464	0.337554
0.154886	0.298155
0.138970	0.182746
0.102900	0.110617
0.115503	0.125320
0.102411	0.133646
0.128679	0.385393
0.174377	0.458612
0.125104	0.132610
0.137999	0.180779
0.122060	0.181260
0.111534	0.197972
0.113376	0.252263
0.098038	0.264212
0.166340	0.575538
0.082992	0.114114
0.118733	0.181661
0.133379	0.195401
0.101338	0.213317
0.090252	0.128609
0.169535	0.363652
0.083925	0.100290
0.161865	0.331824
0.125095	0.201403
0.123706	0.205351
0.107456	0.167094
0.121410	0.122017
0.138969	0.182744
0.206652	0.775978
0.096900	0.116765
0.165310	0.395092
0.093602	0.204052
0.080568	0.122866
0.103844	0.144343
0.125109	0.272738
0.122582	0.226164
0.104013	0.206986
0.126518	0.231528
0.121452	0.202825
0.093782	0.105036
0.097178	0.172976
0.111484	0.226870
0.126298	0.210287
0.220851	0.803899
0.088002	0.591377
0.103235	0.204406
0.158702	0.485628
0.131833	0.329583
0.105317	0.218532
0.099694	0.152034
0.068078	0.109606
0.130533	0.229738
0.138819	0.271391
0.109547	0.155009
0.083520	0.142402
0.137924	0.309639
0.071483	0.114373
0.110032	0.131488
0.112754	0.108244
0.132596	0.169722
0.187307	0.234133
0.143806	0.260290
0.124143	0.196766
0.164898	0.169020
0.117251	0.134252
0.120789	0.224668
0.132466	0.102661
0.121327	0.228094
0.118136	0.127587
0.169930	0.336461
0.112169	0.206952
0.114520	0.199837
0.168509	0.214849
0.187938	0.395609
0.174669	0.408724
0.156523	0.295829
0.154350	0.298667
0.118769	0.195969
0.120889	0.172267
0.149026	0.283149
0.085208	0.169563
0.100254	0.143865
0.090422	0.120262
0.077081	0.103673
0.091185	0.106686
0.148060	0.318329
0.128468	0.302542
0.099972	0.198943
0.096280	0.166565
0.163234	0.501129
0.097011	0.170255
0.210721	0.568948
0.097854	0.136996
0.173479	0.409410
0.091160	0.166823
0.103637	0.128510
0.128096	0.214561
0.191162	0.445408
0.233788	0.507319
0.100381	0.176670
0.129290	0.277974
0.230532	0.593619
0.109018	0.168434
0.117755	0.243163
0.116991	0.187185
0.098589	0.228726
0.083582	0.123701
0.147574	0.302527
0.139728	0.221469
0.137920	0.313769
0.190070	0.423857
0.253294	0.791545
0.079802	0.132472
0.124712	0.184573
0.124535	0.184934
0.136221	0.200245
0.138974	0.423175
0.148842	0.230705
0.123787	0.157828
0.172316	0.395466
0.164414	0.262241
0.142940	0.191539
0.161282	0.268535
0.116957	0.194148
0.103961	0.111238
0.096154	0.120673
0.137117	0.239269
0.153989	0.303359
0.100960	0.146392
0.129940	0.295613
0.103492	0.274255
0.161622	0.362841
0.159739	0.379380
0.106094	0.160202
0.107365	0.178225
0.177099	0.343573
0.184073	0.406801
0.123240	0.173768
0.096359	0.230298
0.119665	0.204029
0.070144	0.153266
0.112705	0.172439
0.131712	0.305572
0.150585	0.163385
0.176068	0.299316
0.093144	0.109445
0.178115	0.263610
0.117515	0.185087
0.160038	0.371287
0.126092	0.162659
0.141162	0.203979
0.179229	0.258090
0.126392	0.175685
0.142993	0.147283
0.208998	0.494280
0.074920	0.122869
0.122928	0.200987
0.148787	0.229131
0.118543	0.209821
0.109586	0.184653
0.134169	0.231442
0.147832	0.401364
0.171885	0.384163
0.090649	0.150024
0.165382	0.449840
0.118758	0.216733
0.086518	0.144918
0.092135	0.282855
0.141204	0.508335
0.128413	0.182347
0.111368	0.146448
0.125560	0.310761
0.142622	0.243883
0.172433	0.451774
0.121492	0.263638
0.105514	0.174626
0.125188	0.359290
0.134109	0.331919
0.222901	0.826963
0.066693	0.153726
0.262322	1.134542
0.091398	0.132528
0.127028	0.225475
0.093102	0.167583
0.133590	0.249813
0.093260	0.142222
0.176814	0.390760
0.088376	0.156425
0.136885	0.169053
0.078810	0.098118
0.142727	0.415336
0.086566	0.124655
0.133253	0.287826
0.086494	0.217965
0.148269	0.387724
0.077757	0.115469
0.089054	0.108646
0.127130	0.246633
0.165813	0.499096
0.167385	0.570781
0.063527	0.194710
0.155681	0.469377
0.105067	0.212235
0.121985	0.304963
0.090009	0.180919
0.086731	0.131831
0.118785	0.150857
0.110253	0.147739
0.217300	0.497616
0.131283	0.240247
0.161772	0.260452
0.091938	0.168246
0.097009	0.159580
0.123470	0.182118
0.103356	0.118859
0.124636	0.144578
0.206597	0.540251
0.073315	0.110339
0.131929	0.315970
0.088760	0.147342
0.128178	0.284554
0.079153	0.169387
0.086060	0.187610
0.170897	0.452878
0.069641	0.126051
0.134736	0.399494
0.140118	0.332079
0.084881	0.239363
0.139381	0.347059
0.188900	0.438249
0.126329	0.169280
0.090011	0.173722
0.092825	0.196325
0.166182	0.461155
0.064841	0.206520
0.076478	0.165193
0.104728	0.212073
0.222638	0.469766
0.138788	0.168628
0.193850	0.343115
0.103908	0.164695
0.090220	0.128563
0.079242	0.130354
0.099007	0.140095
0.140586	0.229857
0.114455	0.122467
0.125941	0.170021
0.196248	0.361096
0.282225	1.025887
0.145033	0.443800
0.070596	0.105189
0.092736	0.142349
0.107591	0.171608
0.112805	0.130854
0.103424	0.174787
0.102148	0.131260
0.123952	0.213817
0.098813	0.194167
0.105320	0.175358
0.135124	0.410777
0.074529	0.089435
0.105199	0.201456
0.141244	0.178673
0.141099	0.237046
0.161749	0.274165
0.113905	0.174275
0.133345	0.297359
0.196166	0.455106
0.169127	0.401677
0.092573	0.141636
0.138503	0.273542
0.151173	0.410434
0.118127	0.237436
0.151265	0.278328
0.080457	0.112640
0.094364	0.090589
0.115393	0.217516
0.093790	0.151471
0.087541	0.137439
0.126972	0.120623
0.131295	0.173310
0.182912	0.188399
0.200255	0.408521
0.130807	0.177243
0.185538	0.238416
0.107713	0.127101
0.122307	0.163891
0.092149	0.089385
0.184336	0.389871
0.102899	0.118334
0.184519	0.387491
0.143489	0.241061
0.129128	0.227912
0.129028	0.201929
0.250765	0.639451
0.133302	0.249941
0.129503	0.154756
0.222184	0.411040
0.127377	0.142663
0.174994	0.326364
0.209740	0.468769
0.188202	0.322766
0.177779	0.368892
0.183402	0.375974
0.235009	0.714426
0.099082	0.166458
0.167578	0.118980
0.211719	0.305935
0.113734	0.147855
0.208414	0.331378
0.228030	0.446939
0.168004	0.368769
0.158787	0.312810
0.150611	0.137809
0.126773	0.151494
0.129750	0.190084
0.131838	0.174686
0.116705	0.125458
0.133227	0.123901
0.119837	0.131221
0.173917	0.280006
0.131768	0.146921
0.170187	0.142106
0.216124	0.358765
0.201068	0.508701
0.220547	0.287814
0.219943	0.390398
0.149424	0.121033
0.194824	0.394518
0.115263	0.181540
0.114242	0.135377
0.129644	0.229469
0.169800	0.375259
0.373219	4.417046
0.163211	0.297861
0.103268	0.148706
0.128398	0.249092
0.108281	0.138058
0.171353	0.378690
0.163529	0.314793
0.119382	0.212500
0.220045	0.628228
0.144959	0.125390
0.126393	0.200333
0.139141	0.193406
0.127236	0.196579
0.169518	0.161889
0.275196	0.403162
0.148156	0.222974
0.101462	0.116682
0.125781	0.160371
0.211646	0.409535
0.120829	0.178223
0.173261	0.278084
0.194906	0.259224
0.170557	0.225135
0.149942	0.259399
0.158505	0.213189
0.131833	0.176656
0.108923	0.097486
0.152863	0.200250
0.201792	0.472193
0.179065	0.156682
0.138624	0.341709
0.142735	0.194120
0.134148	0.145551
0.121420	0.123848
0.239201	0.365977
0.155902	0.186303
0.175627	0.319641
0.158061	0.159641
0.166824	0.221875
0.162772	0.257993
0.244602	0.382802
0.235002	0.467654
0.149157	0.111122
0.214321	0.266829
0.200930	0.273265
0.203063	0.388867
0.205444	0.313303
0.129163	0.162745
0.159810	0.230127
0.117048	0.189033
0.127580	0.103978
0.156151	0.284195
0.196931	0.464756
0.166118	0.235887
0.214032	0.385258
0.095183	0.112792
0.252887	0.513361
0.136884	0.209432
0.138907	0.164605
0.119996	0.148195
0.123770	0.141716
0.113368	0.226736
0.202663	0.477270
0.157599	0.203303
0.165615	0.479455
0.089179	0.095422
0.144606	0.233539
0.169701	0.254552
0.185244	0.410316
0.109923	0.183572
0.135712	0.343352
0.140506	0.348456
0.058081	0.126036
0.077968	0.114613
0.117074	0.177366
0.093665	0.156420
0.115781	0.143568
0.104444	0.247532
0.119567	0.230765
0.186539	0.281673
0.097293	0.159561
0.169038	0.398085
0.148749	0.346586
0.102477	0.095816
0.097906	0.131195
0.119204	0.282513
0.084422	0.159558
0.220377	0.568573
0.090962	0.116886
0.100978	0.167119
0.214245	0.761643
0.150721	0.298427
0.158718	0.346006
0.108306	0.147297
0.214928	0.206331
0.130804	0.317853
0.059843	0.195685
0.148104	0.307315
0.075766	0.171990
0.091250	0.148737
0.148414	0.351000
0.074890	0.120198
0.114435	0.133888
0.120342	0.193149
0.143905	0.320188
0.117107	0.217818
0.080699	0.123469
0.142976	0.315262
0.127052	0.297301
0.084356	0.142140
0.156311	0.302462
0.119668	0.174715
0.127676	0.150658
0.111319	0.137478
0.137691	0.332524
0.147663	0.447417
0.077824	0.142030
0.136691	0.327375
0.097149	0.130666
0.071705	0.102180
0.117782	0.186096
0.090100	0.123436
0.087426	0.142941
0.096528	0.170372
0.140719	0.625498
0.072528	0.153033
0.079238	0.130743
0.071985	0.117335
0.091539	0.250360
0.109457	0.220008
0.160575	0.393408
0.088002	0.117923
0.171537	0.319058
0.113789	0.217336
0.096782	0.113235
0.145839	0.275635
0.108181	0.104395
0.139831	0.222331
0.161012	0.390453
0.150150	0.331081
0.114828	0.215877
0.159631	0.287336
0.205250	0.579831
0.319870	1.920821
0.101093	0.130915
0.092678	0.112603
0.144832	0.653915
0.119001	0.245736
0.175272	0.328634
0.164340	0.143797
0.103394	0.128726
0.138084	0.187103
0.246556	0.437636
0.160697	0.299700
0.142543	0.173190
0.178257	0.223713
0.116324	0.146568
0.114007	0.168730
0.194438	0.436514
0.112848	0.116798
0.179321	0.295879
0.154988	0.257280
0.385640	2.919292
0.179972	0.287055
0.153465	0.269330
0.323705	1.841881
0.160320	0.249297
0.147771	0.265248
0.119113	0.114348
0.176292	0.181581
0.238709	0.533515
0.128347	0.163001
0.267404	0.560211
0.179906	0.291448
0.112964	0.124825
0.220870	0.506897
0.111658	0.136223
0.170597	0.200451
0.204434	0.341405
0.132537	0.149104
0.119729	0.168818
0.091951	0.127353
0.076573	0.163483
0.106250	0.178501
0.158170	0.275215
0.122506	0.126181
0.211447	0.208276
0.121175	0.216904
0.096625	0.160397
0.085031	0.114791
0.195614	0.326675
0.182472	0.283744
0.111808	0.155973
0.108244	0.146130
0.146026	0.395000
0.120647	0.297394
0.120947	0.188678
0.113890	0.174821
0.101106	0.199179
0.099310	0.157407
0.163603	0.336203
0.081728	0.107064
0.162863	0.320026
0.204198	0.471698
0.177053	0.444404
0.209998	0.640495
0.154860	0.257067
0.107968	0.151695
0.226658	0.627842
0.149735	0.289738
0.077188	0.125431
0.091841	0.146487
0.091965	0.165078
0.132140	0.280796
0.094960	0.108254
0.205736	0.456733
0.121330	0.177748
0.134637	0.203975
0.123051	0.184576
0.091982	0.215237
0.125641	0.198513
0.128013	0.247705
0.108990	0.244683
0.138797	0.310212
0.146794	0.209915
0.142550	0.225229
0.088798	0.190027
0.105628	0.223932
0.143599	0.274274
0.113212	0.301144
0.082602	0.211875
0.115604	0.336408
0.177272	0.345681
0.186196	0.409631
0.115700	0.149831
0.093134	0.094996
0.159922	0.212696
0.141854	0.219873
0.152151	0.257135
0.331036	1.875317
0.121954	0.126832
0.149254	0.400000
0.110809	0.224943
0.092836	0.224200
0.163421	0.560533
0.101403	0.134358
0.117507	0.195062
0.106945	0.160952
0.087639	0.122257
0.146504	0.405085
0.124249	0.230482
0.094729	0.114149
0.177198	0.438565
0.122153	0.129483
0.117439	0.123898
0.137748	0.303046
0.144758	0.204108
0.127100	0.251023
0.152454	0.299572
0.216654	0.682461
0.166551	0.359749
0.080612	0.128980
0.093619	0.128259
0.084441	0.118639
0.116561	0.120057
0.092198	0.131382
0.146614	0.281498
0.142711	0.246890
0.079350	0.126166
0.194479	0.388958
0.148247	0.143058
0.120935	0.146936
0.115198	0.153214
0.181216	0.639693
0.100100	0.169169
0.118878	0.161674
0.090989	0.171969
0.065056	0.116451
0.204121	0.634817
0.121560	0.114874
0.113867	0.173647
0.101376	0.203765
0.099788	0.184608
0.092560	0.153650
0.176947	0.268959
0.132323	0.150186
0.143919	0.269128
0.163311	0.297227
0.213081	0.715951
0.133731	0.131056
0.079146	0.100120
0.130937	0.189859
0.168624	0.276544
0.143166	0.234792
0.091910	0.122241
0.083858	0.137946
0.120301	0.223158
0.131937	0.184711
0.171623	0.293475
0.101959	0.168742
0.089039	0.279582
0.128247	0.294968
0.084648	0.118930
0.101110	0.143071
0.119235	0.149640
0.102723	0.143812
0.092435	0.216298
0.199979	1.072889
0.083037	0.168150
0.095774	0.131211
0.094886	0.140431
0.173537	0.398268
0.139885	0.323135
0.200363	0.384696
0.121033	0.155528
0.149125	0.228162
0.150153	0.354361
0.096628	0.130448
0.063700	0.092046
0.206744	0.477579
0.274121	1.428170
0.132693	0.223587
0.098096	0.224641
0.186217	0.528856
0.102702	0.119134
0.227242	0.771485
0.118891	0.221137
0.135824	0.277081
0.105383	0.161236
0.136868	0.192300
0.098913	0.121663
0.119497	0.192988
0.065300	0.100888
0.067558	0.110119
0.092754	0.117333
0.158294	0.292052
0.146675	0.197278
0.195120	0.447801
0.110790	0.171171
0.169118	0.145442
0.096250	0.187207
0.124317	0.189583
0.103498	0.211137
0.065103	0.158851
0.127603	0.188852
0.081723	0.205532
0.106299	0.206752
0.116939	0.267206
0.092704	0.141837
0.143710	0.234248
0.186423	0.715865
0.109226	0.199337
0.156855	0.506643
0.121012	0.381792
0.105769	0.116875
0.114844	0.201550
0.139065	0.309419
0.122013	0.157397
0.081455	0.140509
0.202383	0.488756
0.086073	0.134704
0.156666	0.363464
0.099287	0.141981
0.099826	0.205142
0.129418	0.228423
0.105258	0.240515
0.165821	0.570424
0.067317	0.128912
0.116765	0.195582
0.093463	0.130381
0.083944	0.146062
0.109446	0.145016
0.098406	0.153021
0.073294	0.099313
0.132379	0.176725
0.102530	0.105093
0.117496	0.222656
0.094428	0.147779
0.088590	0.106750
0.141025	0.253140
0.121578	0.303945
0.161653	0.590843
0.089324	0.301467
0.170716	0.231321
0.142965	0.193717
0.112242	0.141986
0.144428	0.213031
0.197755	0.670389
0.100066	0.196129
0.093952	0.188843
0.122056	0.233737
0.096229	0.253564
0.137640	0.467287
0.057817	0.169692
0.067919	0.132782
0.081326	0.159399
0.087392	0.176968
0.113605	0.257315
0.148792	0.551276
0.138296	0.234412
0.082863	0.124709
0.088853	0.182149
0.149550	0.242271
0.085433	0.157196
0.102046	0.196438
0.132573	0.222723
0.134249	0.195333
0.140829	0.380238
0.150277	0.350144
0.216007	0.343451
0.157786	0.230367
0.162291	0.322959
0.246747	0.655114
0.125843	0.173035
0.117868	0.427859
0.075882	0.139622
0.066726	0.110764
0.218462	0.817048
0.106711	0.130721
0.179290	0.561179
0.127302	0.208139
0.107446	0.197164
0.082218	0.136481
0.130008	0.245716
0.124293	0.251693
0.143978	0.254841
0.141170	0.233636
0.096680	0.175957
0.104816	0.269902
0.123243	0.268670
0.129372	0.155893
0.102571	0.152831
0.091066	0.138420
0.064509	0.111279
0.072854	0.101996
0.073059	0.127487
0.084824	0.141231
0.191579	0.424347
0.154022	0.272619
0.154180	0.308361
0.229199	0.553516
0.146517	0.275453
0.095925	0.182257
0.147173	0.366460
0.105135	0.153497
0.152829	0.223894
0.133471	0.339017
0.104036	0.176341
0.203544	0.565854
0.086773	0.224741
0.071955	0.167655
0.157603	0.278170
0.114220	0.149629
0.088370	0.121950
0.075588	0.106958
0.124297	0.182095
0.076184	0.152368
0.122439	0.208759
0.065367	0.116680
0.097430	0.204116
0.153275	0.426104
0.123563	0.237242
0.181281	0.617262
0.123455	0.190738
0.246816	0.625678
0.167808	0.405257
0.210387	0.497565
0.136712	0.317171
0.136479	0.222461
0.117966	0.259525
0.137486	0.262597
0.106224	0.130125
0.120047	0.137454
0.201160	0.589399
0.118122	0.288218
0.224519	0.637634
0.161261	0.316878
0.121941	0.135964
0.108479	0.188211
0.284604	1.255105
0.140336	0.226643
0.140761	0.155541
0.141463	0.231293
0.135152	0.245977
0.116316	0.150048
0.107668	0.110898
0.186612	0.417078
0.158965	0.482459
0.100252	0.126317
0.123033	0.143948
0.076491	0.196581
0.102603	0.136975
0.155438	0.381599
0.233855	0.681687
0.133325	0.104660
0.132443	0.177473
0.134498	0.150638
0.128744	0.186035
0.111373	0.147569
0.132369	0.178699
0.080880	0.130218
0.138444	0.239508
0.124584	0.211170
0.122762	0.192736
0.094716	0.196536
0.085515	0.194119
0.121517	0.302577
0.152950	0.224071
0.106195	0.116283
0.100406	0.104423
0.253521	0.867040
0.101518	0.157353
0.148980	0.268163
0.086845	0.103780
0.199012	0.418920
0.127649	0.221470
0.196794	0.517567
0.112330	0.191523
0.120088	0.138702
0.142021	0.185338
0.100849	0.118497
0.136642	0.226825
0.119686	0.231592
0.132590	0.156457
0.155183	0.236654
0.151877	0.323498
0.203405	0.699714
0.227556	0.918188
0.082627	0.140879
0.079217	0.181803
0.116774	0.204938
0.094338	0.155658
0.229444	0.770932
0.106994	0.159956
0.119183	0.204994
0.084052	0.088254
0.140846	0.286621
0.131283	0.189703
0.158201	0.321148
0.183424	0.406284
0.087023	0.096596
0.123100	0.141565
0.142993	0.248807
0.115680	0.170627
0.129280	0.261791
0.187891	0.299686
0.116010	0.168214
0.149814	0.280901
0.134133	0.221319
0.139106	0.264302
0.116914	0.294622
0.119217	0.202669
0.379859	1.422572
0.105443	0.132330
0.085486	0.157723
0.081013	0.123139
0.098185	0.206189
0.108626	0.319903
0.109961	0.278752
0.096624	0.160879
0.086161	0.111579
0.159946	0.382271
0.135096	0.339090
0.097948	0.187570
0.103926	0.169919
0.122399	0.168911
0.154923	0.316817
0.189031	0.487701
0.108950	0.134009
0.226163	0.361860
0.194373	0.355703
0.208725	0.344396
0.104729	0.146097
0.095131	0.185506
0.092509	0.147552
0.130796	0.311295
0.136643	0.337507
0.119342	0.237491
0.131442	0.287857
0.102521	0.170698
0.110871	0.149121
0.080573	0.114817
0.133011	0.156953
0.084053	0.105066
0.094238	0.162561
0.110087	0.213018
0.118437	0.257008
0.075641	0.166032
0.124565	0.303939
0.092525	0.139251
0.095028	0.204311
0.088418	0.114502
0.102423	0.147489
0.113866	0.183893
0.237798	0.852507
0.220946	0.672781
0.113087	0.150406
0.322445	1.786347
0.126991	0.210170
0.099467	0.145221
0.127718	0.252882
0.083071	0.153266
0.139045	0.383068
0.147462	0.404782
0.102427	0.141862
0.177925	0.309590
0.135043	0.413907
0.129816	0.162919
0.140578	0.249526
0.094041	0.112379
0.160872	0.449637
0.091573	0.136444
0.099021	0.165861
0.094236	0.138055
0.105845	0.175174
0.118751	0.293316
0.120226	0.118423
0.127321	0.248912
0.171433	0.726875
0.107014	0.181388
0.132000	0.285119
0.123640	0.314665
0.146198	0.286548
0.158928	0.427516
0.082514	0.103143
0.113837	0.240764
0.078660	0.118777
0.105508	0.131358
0.211632	0.508976
0.159726	0.354591
0.207975	0.285965
0.158034	0.252064
0.102811	0.131084
0.104700	0.127211
0.187513	0.655357
0.084640	0.118496
0.084202	0.140196
0.150691	0.281040
0.138252	0.272356
0.106172	0.149702
0.107724	0.259075
0.187657	0.254275
0.152077	0.304155
0.187973	0.420120
0.070921	0.136168
0.145816	0.230389
0.122762	0.199488
0.092295	0.106601
0.116184	0.177180
0.122578	0.300929
0.090801	0.163896
0.232765	1.031149
0.209309	0.503388
0.118726	0.139503
0.134225	0.184559
0.122128	0.166705
0.138292	0.207438
0.130146	0.154874
0.130918	0.119135
0.149675	0.276898
0.208582	0.345204
0.106641	0.137567
0.156214	0.232759
0.150410	0.162443
0.106946	0.126197
0.173171	0.219927
0.157038	0.314076
0.138191	0.135427
0.134802	0.174569
0.094466	0.120444
0.122487	0.188017
0.107824	0.134241
0.222858	0.468003
0.150545	0.205494
0.126620	0.241212
0.159729	0.245184
0.194414	0.334392
0.214972	0.664264
0.242292	0.519716
0.238865	0.409654
0.112166	0.148059
0.122631	0.283278
0.157442	0.288906
0.120873	0.140213
0.105238	0.164172
0.087307	0.090799
0.133999	0.251248
0.179888	0.432631
0.131413	0.183322
0.106620	0.152466
0.122486	0.123711
0.188947	0.357109
0.179146	0.343961
0.121595	0.114907
0.253747	0.629294
0.118142	0.176031
0.133648	0.181762
0.160824	0.147958
0.129795	0.125901
0.224137	0.809136
0.083275	0.139902
0.118438	0.229770
0.079224	0.152506
0.138782	0.369159
0.189572	0.518479
0.109194	0.150688
0.157497	0.316570
0.129750	0.264040
0.118583	0.189139
0.170170	0.556457
0.171676	0.284124
0.103785	0.119353
0.195028	0.460267
0.122487	0.189242
0.175639	0.358304
0.081893	0.127344
0.228317	0.655270
0.123743	0.120650
0.094986	0.098311
0.118997	0.252868
0.106487	0.175704
0.123607	0.245979
0.142548	0.263714
0.147132	0.303827
0.236864	0.604004
0.199362	0.349881
0.113543	0.120356
0.138686	0.192081
0.151465	0.314289
0.129701	0.144617
0.225782	0.732662
0.155530	0.529581
0.047374	0.112751
0.107518	0.102680
0.223128	0.489767
0.122447	0.139590
0.129507	0.196851
0.175192	0.506305
0.106606	0.181764
0.116607	0.208726
0.103462	0.124672
0.170529	0.474071
0.118274	0.230634
0.102801	0.200977
0.120830	0.169162
0.109656	0.240147
0.128508	0.202401
0.136606	0.229497
0.103562	0.125828
0.137483	0.286652
0.106482	0.110208
0.165598	0.211138
0.174721	0.342453
0.121841	0.233935
0.089673	0.118369
0.081271	0.125158
0.141093	0.273014
0.155983	0.184840
0.132887	0.410622
0.145103	0.185007
0.114775	0.195691
0.099895	0.229757
0.071006	0.170769
0.141834	0.382951
0.117627	0.156444
0.128764	0.176407
0.106853	0.110058
0.102322	0.114601
0.124744	0.168404
0.201291	0.421705
0.181055	0.439058
0.118939	0.198628
0.116268	0.268579
0.060972	0.257300
0.076345	0.121388
0.096746	0.202682
0.138331	0.509749
0.137076	0.414655
0.093622	0.159626
0.094098	0.148205
0.114521	0.221025
0.163595	0.362362
0.116715	0.106211
0.201478	0.410008
0.199143	0.286766
0.125861	0.147258
0.184360	0.354892
0.196113	0.440274
0.105228	0.108385
0.143843	0.191311
0.118135	0.122861
0.127344	0.172552
0.123033	0.219613
0.147063	0.316184
0.165108	0.350029
0.107502	0.137603
0.122904	0.196032
0.144630	0.228516
0.222602	0.445204
0.136059	0.252390
0.131188	0.179071
0.122980	0.236122
0.183220	0.523092
0.079720	0.200496
0.099935	0.116924
0.093046	0.119564
0.074720	0.118431
0.101072	0.203660
0.097232	0.148765
0.091993	0.179387
0.102486	0.160391
0.111967	0.137720
0.094363	0.148621
0.092782	0.099740
0.103107	0.135071
0.151660	0.296495
0.118183	0.196775
0.129399	0.371376
0.152608	0.381521
0.100679	0.249684
0.083832	0.119461
0.122070	0.180053
0.148027	0.308637
0.144965	0.300802
0.125488	0.229016
0.081476	0.120584
0.179997	0.658789
0.182071	0.499784
0.178639	0.408190
0.144396	0.218760
0.133094	0.132428
0.125825	0.218306
0.076591	0.091144
0.120195	0.221158
0.090895	0.164065
0.100368	0.147039
0.141481	0.196658
0.110722	0.162208
0.111758	0.217929
0.146340	0.174145
0.154282	0.285422
0.143054	0.170950
0.116762	0.231189
0.187936	0.460444
0.178880	0.397113
0.137570	0.293713
0.113178	0.151659
0.090675	0.113797
0.096238	0.136658
0.113083	0.171321
0.114042	0.172773
0.131122	0.206518
0.128735	0.229149
0.134670	0.234999
0.110128	0.128299
0.246647	1.690764
0.108621	0.202578
0.126305	0.241242
0.152063	0.495726
0.114074	0.284045
0.105430	0.142858
0.098958	0.150910
0.146230	0.271988
0.107233	0.168356
0.132045	0.237020
0.182687	0.439363
0.188342	0.429420
0.188292	0.675026
0.092374	0.230011
0.186516	0.790829
0.122398	0.209913
0.232796	0.648337
0.106405	0.219726
0.162620	0.408176
0.133819	0.285704
0.274961	0.922495
0.118384	0.230256
0.117079	0.227718
0.090654	0.143687
0.056877	0.106076
0.133507	0.296385
0.153767	0.295232
0.155516	0.409007
0.122364	0.235550
0.108782	0.190913
0.126313	0.281048
0.135596	0.288819
0.219242	0.517412
0.116461	0.221859
0.102405	0.154120
0.136600	0.232220
0.146742	0.382262
0.107701	0.124933
0.108826	0.149635
0.117902	0.145020
0.119939	0.318437
0.145843	0.498784
0.229167	1.564068
0.054685	0.084762
0.084156	0.153584
0.097270	0.149310
0.122071	0.187989
0.110674	0.194786
0.129277	0.326426
0.148305	0.402649
0.122738	0.184720
0.164970	0.593066
0.105416	0.158651
0.148292	0.320311
0.116037	0.192621
0.106522	0.144870
0.097940	0.101368
0.189676	0.409700
0.168133	0.304321
0.174461	0.440514
0.196429	0.467500
0.141860	0.265987
0.127631	0.159539
0.091934	0.133764
0.136374	0.243427
0.164518	0.282148
0.136202	0.175701
0.123361	0.233769
0.094319	0.137234
0.115313	0.214482
0.102106	0.119975
0.155498	0.173380
0.152171	0.231300
0.156543	0.260644
0.135324	0.247642
0.148736	0.404562
0.132983	0.202800
0.187186	0.574661
0.108763	0.210457
0.132461	0.240417
0.140603	0.196141
0.142639	0.216812
0.168869	0.382487
0.092430	0.177465
0.102620	0.136998
0.149010	0.187753
0.129228	0.158950
0.161092	0.375345
0.104499	0.172424
0.100444	0.148657
0.072719	0.088354
0.091367	0.114665
0.129650	0.202903
0.112028	0.233577
0.098182	0.130582
0.118897	0.208664
0.134434	0.230555
0.177416	0.275882
0.109389	0.131813
0.113112	0.228487
0.139808	0.288004
0.110224	0.193444
0.086335	0.158425
0.181820	0.478186
0.088543	0.115106
0.097427	0.189982
0.109150	0.214480
0.190570	0.331592
0.136888	0.271038
0.081586	0.132577
0.096183	0.188999
0.126081	0.211817
0.157782	0.177505
0.089675	0.124200
0.131947	0.145802
0.167553	0.383695
0.095862	0.135166
0.130669	0.156149
0.225186	0.479646
0.167016	0.344888
0.118022	0.156379
0.169784	0.147712
0.182994	0.310175
0.099155	0.126422
0.232671	0.522346
0.185243	0.364002
0.248442	0.678248
0.183525	0.261524
0.124875	0.231018
0.129435	0.168913
0.220239	0.412949
0.101105	0.135986
0.142391	0.271254
0.134431	0.241976
0.153790	0.277591
0.144878	0.252087
0.135436	0.226178
0.229576	0.882718
0.133300	0.276597
0.096213	0.107277
0.220421	0.412188
0.076916	0.098068
0.151641	0.470845
0.073078	0.210464
0.124794	0.222758
0.124741	0.209564
0.112374	0.153952
0.119288	0.178931
0.150481	0.241522
0.116153	0.117896
0.173133	0.171402
0.154505	0.173818
0.187634	0.543200
0.084078	0.185393
0.087132	0.174264
0.111534	0.230318
0.068670	0.128413
0.116449	0.263758
0.066957	0.096083
0.083723	0.141491
0.130022	0.170329
0.130025	0.145628
0.124048	0.142035
0.076843	0.097206
0.109831	0.115322
0.115902	0.162842
0.223440	0.556366
0.173405	0.221958
0.202562	0.533750
0.137049	0.198036
0.142403	0.223573
0.177078	0.517952
0.061161	0.096940
0.094971	0.197066
0.083093	0.149567
0.135494	0.298087
0.105168	0.277643
0.078672	0.080245
0.111423	0.172148
0.138981	0.257115
0.076448	0.090591
0.135575	0.220987
0.133548	0.273106
0.133339	0.241344
0.143367	0.255911
0.124367	0.161678
0.220181	0.494306
0.123536	0.204453
0.113399	0.142315
0.091521	0.278681
0.118631	0.160745
0.132321	0.186573
0.136315	0.248775
0.110820	0.145175
0.110840	0.147971
0.108954	0.171602
0.102509	0.161452
0.117944	0.141533
0.106566	0.163578
0.093923	0.112238
0.109112	0.201858
0.135212	0.333296
0.118499	0.141013
0.169344	0.367477
0.097015	0.141642
0.188824	0.307782
0.106661	0.164792
0.094758	0.123659
0.111918	0.195297
0.098047	0.174524
0.102325	0.142231
0.115055	0.177760
0.126516	0.231524
0.192266	0.428754
0.174240	0.497454
0.132009	0.248836
0.148028	0.455927
0.117647	0.265294
0.137320	0.180576
0.144627	0.380368
0.103145	0.144918
0.125114	0.179538
0.243016	0.633057
0.142981	0.135117
0.145230	0.114731
0.112981	0.118630
0.114805	0.177374
0.158126	0.254584
0.138789	0.173486
0.113009	0.111314
0.167531	0.241244
0.163105	0.335996
0.103144	0.177924
0.157897	0.300005
0.073430	0.162648
0.099572	0.123967
0.150592	0.243958
0.103668	0.193340
0.083961	0.145253
0.271168	0.606061
0.152030	0.338268
0.086142	0.244213
0.151735	0.506795
0.125115	0.172659
0.078081	0.153819
0.166256	0.300923
0.112589	0.109774
0.123580	0.146442
0.082141	0.109248
0.116881	0.140258
0.133647	0.302710
0.112601	0.197052
0.158693	0.321354
0.119015	0.107708
0.151690	0.243462
0.206015	0.440873
0.095195	0.208953
0.146122	0.244755
0.192569	0.761612
0.088294	0.153190
0.170579	0.421331
0.118455	0.208481
0.094385	0.140634
0.128434	0.222190
0.103533	0.273327
0.107948	0.145190
0.142549	0.471125
0.080172	0.116650
0.106930	0.179642
0.148182	0.516415
0.118195	0.239937
0.205728	0.479347
0.179157	0.365481
0.187490	0.518410
0.101193	0.150778
0.141994	0.301028
0.082725	0.121606
0.122673	0.258841
0.120626	0.263568
0.129555	0.355628
0.106422	0.155908
0.092711	0.198402
0.138156	0.259733
0.134767	0.377348
0.232322	0.959489
0.148513	0.283660
0.111047	0.235419
0.194240	0.499196
0.125938	0.201500
0.163502	0.376873
0.076255	0.158230
0.091803	0.145967
0.087800	0.220379
0.219884	0.710227
0.164777	0.202676
0.090585	0.116855
0.125919	0.235469
0.155148	0.348306
0.121514	0.135488
0.205239	0.513097
0.164137	0.271647
0.125796	0.122022
0.096274	0.250795
0.186401	0.325269
0.131437	0.233957
0.184086	0.263243
0.201029	0.498553
0.121958	0.195133
0.177333	0.424714
0.079421	0.105233
0.130511	0.153350
0.131870	0.112089
0.232669	0.476971
0.219739	0.352680
0.099666	0.099168
0.115695	0.118588
0.155889	0.270467
0.122755	0.205000
0.153940	0.281710
0.112503	0.265508
0.160561	0.271349
0.107190	0.171504
0.122431	0.163446
0.134276	0.275267
0.098293	0.182824
0.107398	0.261514
0.122738	0.154037
0.117326	0.143725
0.136351	0.271339
0.103348	0.188093
0.169129	0.471026
0.155312	0.242286
0.092223	0.122195
0.114290	0.114290
0.143683	0.165954
0.147915	0.258111
0.139064	0.147408
0.108905	0.162269
0.194553	0.465953
0.184219	0.319620
0.156821	0.231312
0.114696	0.143370
0.112553	0.199781
0.083083	0.122132
0.170541	0.514180
0.147226	0.192866
0.227837	0.775786
0.166461	0.387854
0.188445	0.518223
0.159348	0.262925
0.106309	0.096210
0.177342	0.251825
0.126272	0.237392
0.146637	0.151036
0.164925	0.165750
0.130108	0.163286
0.123642	0.193499
0.193188	0.362228
0.159449	0.329262
0.155330	0.279595
0.092039	0.112287
0.115791	0.129686
0.183440	0.366880
0.110193	0.179615
0.153996	0.375751
0.193611	0.591481
0.086698	0.128313
0.116077	0.160766
0.185530	0.527834
0.069385	0.192195
0.136561	0.286096
0.161607	0.301397
0.171702	0.364008
0.156769	0.295510
0.172665	0.233098
0.114937	0.251713
0.147665	0.472529
0.197443	0.519276
0.152027	0.294933
0.094082	0.196161
0.135430	0.255963
0.098129	0.211959
0.082090	0.111231
0.117376	0.286397
0.090101	0.163082
0.141835	0.316293
0.099144	0.197297
0.087370	0.135424
0.128545	0.246164
0.101385	0.227610
0.081361	0.120821
0.148940	0.411820
0.122651	0.206668
0.110003	0.132003
0.100277	0.149413
0.148109	0.262154
0.101098	0.208767
0.150679	0.210197
0.155392	0.303014
0.147370	0.312424
0.123245	0.224306
0.230977	0.675607
0.179654	0.317090
0.123997	0.240555
0.148906	0.263564
0.134051	0.154828
0.162559	0.256031
0.182529	0.409778
0.144651	0.167072
0.178825	0.349602
0.166967	0.283843
0.097693	0.135793
0.119533	0.234284
0.209241	0.618307
0.111541	0.181253
0.120184	0.298055
0.124888	0.195450
0.180250	0.328957
0.152318	0.324437
0.171858	0.327390
0.105837	0.139176
0.135118	0.235105
0.122914	0.237224
0.130899	0.179332
0.099165	0.168085
0.089569	0.208696
0.106011	0.254956
0.103010	0.139578
0.081013	0.118278
0.168625	0.339780
0.116213	0.284141
0.140872	0.383875
0.144891	0.183288
0.119239	0.140105
0.094365	0.128809
0.102013	0.173422
0.101501	0.185239
0.094403	0.136884
0.135341	0.244967
0.157015	0.294402
0.180343	0.239856
0.128359	0.173927
0.145970	0.170785
0.163233	0.142013
0.128311	0.191825
0.161146	0.137780
0.143354	0.186360
0.216220	0.689743
0.271682	0.369487
0.208765	0.271394
0.199905	0.167920
0.338211	1.777300
0.139887	0.202836
0.149208	0.120112
0.130857	0.123005
0.272314	0.541904
0.141591	0.145839
0.162162	0.188918
0.161223	0.361946
0.298687	2.275997
0.162858	0.302917
0.105751	0.128488
0.118733	0.319986
0.128938	0.197920
0.118456	0.195453
0.181758	0.250827
0.153554	0.294056
0.205126	0.352817
0.154403	0.369796
0.103817	0.143267
0.160797	0.244412
0.192794	0.400047
0.142972	0.355999
0.136906	0.268336
0.163448	0.335069
0.093172	0.134633
0.121083	0.150143
0.116019	0.169388
0.102728	0.191588
0.145633	0.163837
0.094597	0.137166
0.160032	0.200840
0.108730	0.179404
0.157645	0.289279
0.149148	0.242366
0.113742	0.113742
0.142781	0.284133
0.143247	0.247101
0.121698	0.142387
0.111650	0.152961
0.089735	0.157036
0.144773	0.265658
0.121669	0.164862
0.096833	0.208191
0.119067	0.276234
0.094638	0.222873
0.067252	0.103905
0.099446	0.101435
0.103888	0.174012
0.083194	0.149333
0.089558	0.137920
0.172155	0.615455
0.155656	0.330768
0.081119	0.187386
0.144722	0.201164
0.166905	0.459824
0.110371	0.208049
0.091358	0.174951
0.127103	0.205907
0.116626	0.190100
0.090596	0.173491
0.088489	0.113709
0.123555	0.155680
0.155518	0.435450
0.096878	0.211194
0.095890	0.105000
0.190293	0.292100
0.123450	0.129623
0.203423	0.302083
0.147364	0.195258
0.149786	0.252389
0.143399	0.161324
0.233390	0.777188
0.089468	0.096625
0.112586	0.204343
0.223962	0.892489
0.157778	0.369201
0.109582	0.290392
0.088633	0.186129
0.125330	0.224968
0.069888	0.111471
0.082464	0.170288
0.153588	0.400098
0.212091	0.938503
0.085087	0.234840
0.103560	0.132557
0.130723	0.296087
0.174519	0.557587
0.176576	0.482053
0.119002	0.224915
0.141700	0.290485
0.101372	0.156619
0.113049	0.251534
0.096968	0.225937
0.085950	0.106149
0.118905	0.119500
0.149085	0.249717
0.124163	0.143408
0.199517	0.237425
0.130259	0.173895
0.219064	0.360361
0.165340	0.109124
0.211555	0.251751
0.211837	0.253146
0.158038	0.197548
0.177684	0.223882
0.139160	0.215002
0.158308	0.152767
0.192951	0.360818
0.149033	0.163937
0.168123	0.217720
0.176800	0.341223
0.142804	0.167080
0.208029	0.316204
0.183783	0.392376
0.155319	0.274915
0.106012	0.113432
0.247285	0.670142
0.182817	0.464355
0.143763	0.316278
0.157905	0.219488
0.178825	0.371061
0.212920	0.486523
0.224371	0.458839
0.179966	0.381529
0.189442	0.355204
0.198469	0.343351
0.125269	0.117753
0.146552	0.338534
0.124628	0.166378
0.152385	0.272007
0.114882	0.202193
0.142513	0.281463
0.081799	0.109202
0.175912	0.413394
0.125560	0.136861
0.108729	0.141891
0.127008	0.257826
0.085626	0.111313
0.134583	0.141985
0.124257	0.144759
0.087291	0.109114
0.102548	0.144593
0.161406	0.167055
0.186564	0.262123
0.138641	0.173301
0.247827	0.633198
0.168570	0.165199
0.110586	0.109480
0.137748	0.176318
0.104159	0.135927
0.173200	0.156746
0.226048	0.345854
0.181787	0.217235
0.190573	0.363042
0.240262	0.376009
0.126043	0.121632
0.120746	0.195005
0.107636	0.135083
0.189334	0.372041
0.207869	0.318039
0.247770	0.659068
0.143246	0.146111
0.202210	0.238608
0.101786	0.103821
0.097000	0.089240
0.219991	0.322286
0.148409	0.143214
0.228749	0.627917
0.283486	0.678949
0.174432	0.313106
0.115222	0.115798
0.214370	0.405160
0.154891	0.183546
0.212908	0.423688
0.198788	0.360801
0.117061	0.132864
0.154702	0.170945
0.189853	0.299967
0.191620	0.210782
0.124625	0.206254
0.138774	0.146407
0.162587	0.294282
0.112017	0.117618
0.165801	0.275229
0.134835	0.107194
0.196637	0.493558
0.374612	2.095952
0.126604	0.228521
0.094988	0.103537
0.167563	0.320046
0.155411	0.202811
0.157883	0.280243
0.138327	0.223399
0.144162	0.237867
0.223569	0.631583
0.053112	0.092150
0.145902	0.304205
0.133191	0.289024
0.136089	0.264012
0.122061	0.205062
0.127863	0.291528
0.141636	0.227326
0.209623	0.366840
0.122842	0.124685
0.187009	0.473134
0.162092	0.387399
0.078377	0.200644
0.148280	0.229092
0.113823	0.200897
0.117525	0.203906
0.143861	0.286283
0.112703	0.158911
0.119032	0.147600
0.128054	0.145981
0.090142	0.132960
0.150871	0.229324
0.241160	0.836824
0.167931	0.240981
0.152324	0.233817
0.111312	0.140810
0.118018	0.145162
0.199517	0.493804
0.131432	0.220806
0.133120	0.193689
0.162637	0.180527
0.178460	0.409566
0.140964	0.195940
0.096286	0.115543
0.173651	0.370746
0.153233	0.314895
0.109341	0.126836
0.142750	0.221262
0.118172	0.135307
0.168859	0.478714
0.122997	0.211554
0.171481	0.407267
0.084905	0.100188
0.118897	0.162294
0.086374	0.122651
0.082283	0.157983
0.122458	0.207566
0.131766	0.334026
0.096915	0.108060
0.163945	0.226244
0.084095	0.143802
0.130246	0.225977
0.136542	0.270353
0.217677	0.510452
0.098106	0.206022
0.216904	0.663725
0.108381	0.136560
0.135278	0.266497
0.111836	0.111836
0.199130	0.381333
0.160209	0.178633
0.135070	0.202605
0.163794	0.249786
0.183972	0.436934
0.093713	0.156032
0.120171	0.192875
0.110729	0.222566
0.225273	0.925873
0.072403	0.202366
0.241180	0.431713
0.221518	0.381011
0.110360	0.098220
0.170627	0.454721
0.076545	0.184856
0.161067	0.494477
0.079523	0.118092
0.113550	0.120931
0.312883	0.688343
0.264598	0.534488
0.169494	0.337293
0.221647	0.318063
0.144948	0.355123
0.078273	0.102538
0.119280	0.127033
0.103338	0.184976
0.208451	0.269944
0.110120	0.137650
0.219882	0.314432
0.256756	0.476283
0.226924	0.253020
0.222621	0.335045
0.186244	0.166688
0.233897	0.495861
0.284456	0.775142
0.159823	0.178202
0.184461	0.438094
0.240811	0.602026
0.160605	0.212801
0.127187	0.173611
0.160232	0.123379
0.191748	0.229139
0.127303	0.160402
0.123956	0.198950
0.118361	0.119545
0.117502	0.168616
0.184153	0.240320
0.118619	0.132853
0.132790	0.107560
0.178530	0.298145
0.248043	0.324936
0.138319	0.208170
0.151294	0.123304
0.147655	0.193428
0.155454	0.261163
0.195363	0.343840
