Velocity(m/s)	Chord(mm)
0.356605	1.781241
0.202498	0.936554
0.162434	0.184363
0.202588	0.537872
0.111587	0.179656
0.170507	0.442465
0.086185	0.230114
0.159695	0.336158
0.207634	0.928125
0.134364	0.178033
0.129101	0.258202
0.114411	0.282024
0.172773	0.272982
0.169342	0.430975
0.262305	1.332512
0.275248	0.957862
0.151095	0.545452
0.074237	0.180767
0.090458	0.208052
0.119570	0.337188
0.262587	2.032425
0.169712	0.213837
0.107618	0.207703
0.069933	0.084969
0.127370	0.499289
0.081818	0.213544
0.178148	0.308196
0.083890	0.115349
0.164422	0.277874
0.200697	0.399388
0.172881	0.386390
0.156370	0.508985
0.158663	0.288766
0.235494	2.327856
0.227587	0.728279
0.225817	0.562285
0.165764	0.471599
0.088153	0.167050
0.124026	0.353473
0.116145	0.134728
0.075348	0.133366
0.085746	0.138481
0.227860	1.066384
0.091691	0.160000
0.182320	0.372844
0.151555	0.301594
0.277373	1.134455
0.176225	0.300463
0.211211	0.975793
0.087674	0.137649
0.423736	2.351734
0.204882	0.396446
0.270767	0.475197
0.176716	0.396728
0.117344	0.263436
0.267429	0.913269
0.436939	2.110414
0.384535	1.909217
0.137127	0.281796
0.129025	0.201279
0.235360	1.232108
0.199027	0.403030
0.306145	1.200090
0.248639	1.085311
0.362334	0.472846
0.205641	0.745448
0.115090	0.191624
0.145803	0.312018
0.299613	0.852399
0.355444	1.601275
0.152173	0.231303
0.074890	0.102599
0.117159	0.118917
0.093985	0.093515
0.117700	0.181847
0.157608	0.404264
0.095087	0.106498
0.126161	0.215105
0.332420	1.529133
0.136285	0.183985
0.206363	0.451936
0.133562	0.215703
0.200909	0.552501
0.125659	0.123774
0.231301	0.564376
0.311871	1.824444
0.232740	0.783171
0.115742	0.198497
0.370467	1.885676
0.155624	0.316695
0.153802	0.179180
0.123355	0.176398
0.261991	0.510883
0.256658	0.648063
0.122535	0.234654
0.085220	0.336617
0.163211	0.208094
0.104929	0.171035
0.261710	1.956279
0.218068	0.352179
0.222647	0.645675
0.071766	0.096884
0.188429	0.467305
0.140634	0.418387
0.135397	0.302612
0.078182	0.134083
0.183270	0.806389
0.106297	0.153599
0.132646	0.210907
0.149826	0.516901
0.358779	0.285229
0.260012	0.588926
0.210698	0.475125
0.077209	0.106934
0.240531	1.049920
0.388971	1.231094
0.333263	1.906267
0.180305	0.404784
0.380507	0.576468
0.183854	0.894450
0.170445	0.325551
0.112702	0.202863
0.111317	0.208163
0.150002	0.327754
0.135964	0.316795
0.142476	0.342656
0.202730	0.539261
0.099901	0.143358
0.259836	0.921120
0.159494	0.429039
0.202302	0.714126
0.157540	0.593927
0.270925	0.648865
0.180207	0.302747
0.182280	0.260660
0.219052	0.529010
0.138470	0.383563
0.264740	0.455352
0.178644	0.540399
0.168323	0.347588
0.264767	0.608963
0.250033	0.170022
0.222139	0.870786
0.420573	1.648647
0.173227	0.420076
0.115737	0.206012
0.162086	0.308774
0.179043	0.439550
0.222082	0.541880
0.200300	0.964447
0.144739	0.528296
0.388473	1.870498
0.069905	0.096119
0.073675	0.103145
0.246624	1.182564
0.055278	0.126034
0.105441	0.185576
0.210101	1.415031
0.111606	0.145645
0.239357	0.932297
0.150521	0.617890
0.093269	0.147831
0.064319	0.149864
0.128355	0.489032
0.315650	2.550453
0.223973	0.367315
0.132949	0.311101
0.182585	0.503935
0.356415	1.659111
0.216017	1.176212
0.105800	0.107387
0.111893	0.241689
0.064321	0.098411
0.084233	0.173520
0.159236	0.360669
0.085657	0.158893
0.090068	0.117539
0.091594	0.255088
0.193907	0.367454
0.216412	0.966279
0.155182	0.335193
0.210733	1.042074
0.180319	0.254250
0.088128	0.090772
0.171302	0.510481
0.255558	0.696394
0.117535	0.146919
0.191074	0.578954
0.083136	0.171676
0.359705	1.514358
0.093406	0.158323
0.132676	0.244787
0.528334	2.493737
0.213182	0.500979
0.232804	0.310793
0.295067	1.799907
0.294770	1.469431
0.327173	0.824475
0.168120	0.312702
0.228560	0.420551
0.104410	0.117462
0.155377	0.388443
0.188564	0.351672
0.267243	0.447631
0.097551	0.115598
0.335111	0.574715
0.110038	0.148551
0.114524	0.217596
0.215377	0.577211
0.108590	0.258444
0.132181	0.357549
0.079214	0.095453
0.111953	0.118110
0.327506	2.130426
0.079633	0.159266
0.100919	0.138259
0.101616	0.236766
0.096338	0.133909
0.113620	0.378923
0.062115	0.193179
0.135792	0.268869
0.211631	0.166130
0.099962	0.281892
0.090812	0.163008
0.099791	0.300371
0.155909	0.661053
0.078779	0.143772
0.101361	0.263031
0.221406	1.202233
0.188905	0.632832
0.225497	1.669803
0.190862	0.327328
0.156664	0.431608
0.114707	0.497827
0.165051	0.207964
0.088393	0.311586
0.128719	0.406751
0.251055	0.507132
0.117258	0.107291
0.230880	0.352092
0.199702	0.341491
0.199947	0.369901
0.236654	0.501707
0.153409	0.206335
0.169722	0.238460
0.307925	1.361029
0.079205	0.202766
0.175428	0.454358
0.287666	1.060049
0.119678	0.161566
0.103630	0.195860
0.093771	0.151909
0.259041	0.562118
0.256850	0.950344
0.160162	0.364369
0.206101	0.794521
0.077206	0.129707
0.149512	0.198850
0.089768	0.125676
0.121160	0.302899
0.191168	0.138597
0.097743	0.261951
0.129518	0.889787
0.092185	0.185752
0.229642	1.310105
0.251731	1.019512
0.453407	1.718414
0.112551	0.284192
0.164157	0.351296
0.125744	0.196160
0.126436	0.154884
0.322574	1.259651
0.290387	1.843957
0.154173	0.252844
0.277419	1.351032
0.178999	0.348152
0.186429	0.287101
0.284087	0.623571
0.255879	0.469539
0.184936	0.220073
0.394999	1.431870
0.268080	0.377992
0.186711	0.100824
0.273622	0.733308
0.097614	0.156671
0.145650	0.253431
0.207798	0.847815
0.263946	0.456627
0.138812	0.192255
0.302659	0.585646
0.258156	1.179775
0.215730	0.933031
0.118665	0.211816
0.211284	0.247202
0.207900	0.431393
0.180677	0.514026
0.157266	0.526840
0.293115	1.606269
0.163829	0.326020
0.105762	0.136961
0.421128	1.878232
0.399815	1.609256
0.265285	0.729535
0.151673	0.338988
0.301291	0.840602
0.118620	0.137006
0.237917	0.866018
0.348333	1.365466
0.190835	0.510484
0.135773	0.194156
0.130437	0.142176
0.086899	0.091244
0.165492	0.364083
0.234119	0.856874
0.122454	0.189191
0.165092	0.417682
0.130189	0.227831
0.160395	0.438680
0.307555	0.978024
0.226236	0.730741
0.110369	0.999396
0.082595	0.184600
0.069013	0.130779
0.135640	0.379114
0.105456	0.198784
0.086368	0.179214
0.304496	1.616873
0.075437	0.146347
0.262823	1.584825
0.173558	0.223022
0.101476	0.213607
0.103203	0.334895
0.153146	0.306293
0.079981	0.237543
0.127415	0.236355
0.176693	0.193479
0.269174	0.565265
0.085314	0.226081
0.136386	0.186848
0.078342	0.146108
0.385453	0.780543
0.348926	0.418711
0.283488	0.289157
0.202219	0.171886
0.390739	0.134805
0.247455	0.428097
0.190233	0.166453
0.176054	0.184856
0.136944	0.275943
0.152242	0.219990
0.463748	1.421387
0.461597	2.813433
0.175660	0.420707
0.398320	0.852405
0.151772	0.269395
0.141420	0.306882
0.162536	0.406339
0.316215	1.743923
0.185627	0.365685
0.139751	0.292778
0.120109	0.224604
0.227275	1.006828
0.192450	0.415691
0.145750	0.319192
0.275225	0.481643
0.121235	0.210343
0.092855	0.114212
0.101320	0.128676
0.296016	0.726719
0.090059	0.114825
0.396288	1.620817
0.122958	0.438958
0.220310	0.370121
0.109609	0.208805
0.315837	2.095579
0.083254	0.131125
0.167249	0.578683
0.197694	0.373642
0.088771	0.117621
0.143075	0.367702
0.070430	0.200021
0.141172	0.297168
0.130284	0.231255
0.272122	0.605471
0.258399	1.919901
0.173464	0.673042
0.026938	0.096574
0.200946	0.477246
0.142098	0.578337
0.152528	0.529273
0.218014	0.144980
0.143034	0.577858
0.083121	0.159177
0.151992	0.354140
0.130129	0.355904
0.221182	1.236407
0.224896	1.199818
0.094644	0.147645
0.155352	0.350319
0.145196	0.471161
0.094965	0.183282
0.093878	0.189164
0.089472	0.124366
0.149465	0.186832
0.187208	0.534480
0.137369	0.340675
0.088549	0.188167
0.214143	0.694893
0.150864	0.703026
0.142411	0.501286
0.064279	0.214050
0.165168	0.369151
0.100268	0.146892
0.101528	0.256866
0.123316	0.179424
0.090068	0.127897
0.154297	0.405031
0.286221	0.752761
0.087992	0.159706
0.176151	0.304742
0.212380	0.346180
0.098418	0.125975
0.088693	0.143682
0.132756	0.179884
0.080190	0.120285
0.205913	0.665099
0.184203	0.512084
0.151348	0.241400
0.138047	0.295420
0.301396	0.982552
0.266559	0.714379
0.130194	0.174461
0.122073	0.179448
0.198423	0.719283
0.152750	0.485746
0.122925	0.532880
0.363343	1.084579
0.164707	0.429062
0.109013	0.261087
0.171972	0.440247
0.092309	0.151386
0.355491	1.439740
0.175743	0.368181
0.109804	0.161412
0.140532	0.415272
0.134618	0.141349
0.238435	0.511442
0.148733	0.432814
0.231796	0.621213
0.113485	0.123699
0.249684	1.147300
0.106951	0.138501
0.282058	1.645810
0.138560	0.381041
0.175290	0.352333
0.125244	0.221682
0.127916	0.287171
0.154289	0.506840
0.141057	0.795559
0.134596	0.302167
0.342275	1.985197
0.122317	0.162070
0.119697	0.485969
0.225580	0.911343
0.324813	1.107611
0.162197	0.401437
0.124976	0.292445
0.299308	1.632728
0.152629	0.415913
0.063721	0.094307
0.331764	1.721853
0.272475	0.707072
0.176502	0.305349
0.164796	0.248018
0.110157	0.264927
0.103287	0.425544
0.123619	0.339951
0.298973	1.991160
0.211126	1.018683
0.171835	0.421856
0.191123	0.533232
0.161651	0.375030
0.188776	0.373776
0.142549	0.379180
0.288308	0.601123
0.209192	0.583645
0.116747	0.141847
0.224656	1.115417
0.262571	0.496259
0.127386	0.336300
0.130957	0.289416
0.291923	0.671423
0.236162	0.510110
0.253462	1.155787
0.174187	0.168091
0.341570	0.879542
0.120174	0.141204
0.117223	0.196349
0.328879	1.063923
0.250929	0.742751
0.145036	0.298050
0.179612	0.420293
0.137337	0.350208
0.391465	1.677426
0.241557	0.736748
0.143206	0.359448
0.154516	0.133657
0.094285	0.120213
0.255792	0.324856
0.063348	0.121944
0.108675	0.188008
0.149713	0.324878
0.150891	0.362894
0.149328	0.362120
0.107305	0.177053
0.102246	0.135476
0.178936	0.467024
0.099372	0.189801
0.223446	0.327349
0.103679	0.322443
0.330448	0.890556
0.081221	0.129142
0.419775	2.277279
0.190943	0.287370
0.211743	0.506065
0.199549	0.270389
0.239137	0.512949
0.418091	1.875139
0.105950	0.118134
0.336166	1.282472
0.169691	0.334292
0.252238	1.198132
0.104375	0.154996
0.129408	0.201876
0.192688	0.685005
0.096829	0.183975
0.136010	0.463793
0.166256	0.326693
0.093539	0.185206
0.066828	0.343495
0.259325	0.535507
0.313271	2.053491
0.059428	0.202056
0.133630	0.381513
0.131925	0.670841
0.129142	0.364827
0.276146	1.616837
0.114990	0.191458
0.237642	0.616681
0.128909	0.324851
0.083096	0.109687
0.180490	0.518909
0.230326	0.813049
0.138531	0.391351
0.135964	0.123728
0.202233	0.419634
0.172323	0.672921
0.165796	0.583602
0.159633	0.417441
0.186293	0.849496
0.285431	1.051814
0.276727	0.989301
0.148010	0.335243
0.239056	1.207234
0.121700	0.181334
0.182653	0.617366
0.106713	0.358557
0.141911	0.246925
0.171152	0.318343
0.114854	0.145291
0.070323	0.139240
0.317317	1.875341
0.107956	0.196480
0.155152	0.647759
0.154603	0.354040
0.110090	0.257610
0.114633	0.459105
0.235647	0.791773
0.136687	0.289093
0.098771	0.101734
0.136121	0.208265
0.191175	0.920506
0.127942	0.271237
0.085269	0.130036
0.137669	0.622953
0.075935	0.153389
0.209299	1.046497
0.238849	0.305726
0.227395	0.485489
0.120640	0.739526
0.119269	0.239730
0.128377	0.351111
0.184884	0.248669
0.165816	0.256186
0.225644	0.724316
0.095793	0.125967
0.237283	1.305056
0.238981	1.246284
0.108462	0.143170
0.083134	0.113062
0.196203	0.545444
0.099627	0.137485
0.134488	0.310667
0.123627	0.333793
0.179086	0.423537
0.273527	1.468841
0.135233	0.144023
0.228734	0.388847
0.162080	0.345231
0.089613	0.140244
0.278721	1.742007
0.119442	0.459851
0.205822	0.973536
0.075397	0.167005
0.148323	0.331503
0.307556	1.637734
0.264254	2.645183
0.139226	0.210231
0.084484	0.390740
0.110984	0.198106
0.217489	0.451290
0.095584	0.185433
0.126086	0.174629
0.092198	0.153048
0.090619	0.223375
0.217039	0.862732
0.157109	0.409269
0.298444	0.965465
0.194588	0.344422
0.136798	0.379615
0.166878	0.447232
0.243614	0.918426
0.140037	0.419410
0.128792	0.242128
0.231207	0.322534
0.209150	0.588758
0.137623	0.354378
0.166332	0.687783
0.103562	0.255799
0.135506	0.258139
0.299785	1.471946
0.129641	0.228168
0.376647	2.566851
0.143734	0.413955
0.105188	0.193546
0.113393	0.202406
0.121798	0.461006
0.221129	0.822601
0.167231	0.525106
0.133323	0.340639
0.165769	0.440116
0.172047	0.159143
0.080356	0.211336
0.092881	0.145823
0.242246	0.708569
0.187466	0.296196
0.203108	0.599168
0.126931	0.231650
0.281900	1.320703
0.160851	0.517135
0.221011	0.930458
0.121130	0.188358
0.385985	0.426513
0.431560	1.888074
0.187752	0.230935
0.101932	0.143724
0.273591	1.786547
0.101819	0.267784
0.147459	0.381181
0.098661	0.102114
0.172441	0.176752
0.092802	0.129459
0.094832	0.095306
0.231475	0.336795
0.413108	2.317538
0.220022	1.424642
0.183899	0.236311
0.220037	0.326754
0.138271	0.266862
0.299253	1.252373
0.119655	0.180081
0.099661	0.240680
0.105781	0.105252
0.117627	0.170560
0.227496	1.575407
0.099637	0.117571
0.139321	0.260530
0.174336	0.391385
0.110320	0.194163
0.295935	0.769430
0.122260	0.180944
0.273316	0.953873
0.141368	0.187312
0.209303	0.709538
0.232383	0.648347
0.124435	0.184786
0.126775	0.302993
0.127677	0.263015
0.388376	1.844787
0.071505	0.160529
0.293569	1.724718
0.077866	0.124196
0.391721	1.919434
0.148208	0.119307
0.346061	1.299459
0.213063	0.731871
0.303847	1.405291
0.140003	0.430509
0.179232	0.540385
0.135758	0.163589
0.169207	0.394253
0.172152	0.148911
0.263580	0.494213
0.316607	4.221958
0.229533	0.321346
0.171956	0.220964
0.134544	0.151362
0.298519	1.149298
0.069064	0.147797
0.146823	0.148292
0.238624	0.467704
0.245920	1.506259
0.076189	0.139807
0.158356	0.358677
0.312463	1.529504
0.180189	0.325240
0.144795	0.546600
0.096295	0.126146
0.088657	0.212333
0.094357	0.088224
0.188429	0.781040
0.090285	0.160256
0.202417	0.645710
0.117710	0.354306
0.082708	0.174927
0.312059	1.460434
0.290023	0.580046
0.284312	1.265187
0.464214	2.095928
0.159589	0.183528
0.117777	0.127199
0.117668	0.177090
0.153467	0.192601
0.116505	0.475341
0.098449	0.196898
0.198101	0.826081
0.293020	1.658493
0.135398	0.515188
0.194763	1.768450
0.102104	0.363489
0.047792	0.115897
0.090542	0.156185
0.091536	0.232960
0.403626	0.791108
0.282008	1.531303
0.067687	0.081224
0.071797	0.128517
0.133659	0.201825
0.209147	0.946388
0.108688	0.145098
0.232447	0.488138
0.199179	0.308728
0.265331	0.603628
0.139129	0.146781
0.157002	0.253558
0.111811	0.129142
0.210208	0.260658
0.356610	1.251700
0.217965	0.360732
0.219574	0.548936
0.115548	0.305047
0.225780	0.961822
0.106048	0.150058
0.211262	0.428863
0.143891	0.176986
0.123085	0.190782
0.121949	0.178656
0.188229	0.553394
0.103510	0.164064
0.103614	0.127445
0.289953	1.288839
0.125805	0.169208
0.292411	0.742725
0.244541	0.682269
0.105102	0.404644
0.318078	1.450435
0.121813	0.241190
0.111528	0.166176
0.159378	0.466180
0.068318	0.107943
0.121902	0.114588
0.098325	0.125856
0.275580	0.811582
0.144523	0.110560
0.241156	0.553452
0.220748	1.654510
0.099439	0.142198
0.101225	0.088066
0.241972	0.825126
0.084695	0.166002
0.159029	0.461185
0.099110	0.142223
0.206615	0.571291
0.095437	0.134089
0.138832	0.501182
0.075994	0.146668
0.137055	0.250811
0.131787	0.156168
0.201969	0.521081
0.316944	0.901706
0.150115	0.189145
0.161341	0.304934
0.267366	0.489279
0.340882	1.315805
0.158924	0.533984
0.438746	1.882219
0.099300	0.143489
0.107876	0.183390
0.127524	0.195112
0.244699	0.362155
0.249311	1.048352
0.107976	0.232148
0.253949	0.763116
0.171339	0.197040
0.205401	0.476529
0.247116	2.219105
0.096366	0.171050
0.187385	0.415059
0.290083	0.570012
0.154208	0.094067
0.218178	0.681807
0.348517	0.552399
0.250163	0.447791
0.289086	1.058054
0.365128	2.426278
0.196214	0.388505
0.105463	0.102826
0.134806	0.359258
0.211449	0.948350
0.163569	0.173383
0.204249	0.164420
0.266160	0.697340
0.113376	0.129249
0.088034	0.149657
0.081138	0.089658
0.277064	2.011484
0.093543	0.284371
0.284335	1.063412
0.470200	1.909012
0.266517	1.870951
0.354354	2.246606
0.182055	0.408714
0.313380	1.888115
0.161399	0.306658
0.103075	0.129874
0.226436	0.418907
0.186600	0.181002
0.115168	0.180815
0.505035	2.010040
0.172670	0.345341
0.180684	0.823919
0.296895	0.673953
0.134622	0.237607
0.110249	0.235933
0.241361	0.629953
0.098169	0.118294
0.183620	0.282775
0.108021	0.290577
0.124351	0.181553
0.356579	2.041415
0.331701	1.321827
0.203266	0.500035
0.167829	0.258457
0.384240	2.259332
0.219608	0.509490
0.154566	0.136018
0.185200	0.283356
0.231389	1.177771
0.252956	1.422877
0.133553	0.169612
0.146503	0.457091
0.343768	1.485077
0.093296	0.227175
0.216049	0.437499
0.367073	1.712395
0.181182	0.269961
0.100669	0.163587
0.195066	0.538383
0.075265	0.117037
0.180259	0.696699
0.085464	0.172637
0.158340	0.485313
0.108548	0.112890
0.148448	0.377799
0.208090	0.215374
0.146321	0.449936
0.260213	0.318761
0.265330	1.004274
0.073399	0.121843
0.137973	0.229035
0.065979	0.129319
0.190901	0.465798
0.072178	0.162762
0.067503	0.155931
0.157564	0.620013
0.108148	0.150326
0.486976	2.507924
0.109585	0.135886
0.131789	0.276098
0.155351	0.293614
0.180622	0.198684
0.174936	0.314010
0.132364	0.263405
0.121892	0.240128
0.125387	0.208770
0.125999	0.181438
0.280797	0.318705
0.182739	0.443142
0.222088	0.377550
0.201075	0.398128
0.238762	1.174708
0.129904	0.292933
0.297055	1.265453
0.145849	0.350766
0.114424	0.108703
0.247404	0.492334
0.253271	0.530602
0.192574	0.211832
0.109846	0.158727
0.156020	0.245731
0.087475	0.196380
0.113334	0.266902
0.112887	0.154655
0.216871	0.460851
0.108855	0.107766
0.158095	0.268762
0.215706	0.421704
0.209771	0.699585
0.231664	1.241720
0.177494	0.275115
0.267657	1.203117
0.154208	0.153437
0.362144	1.997221
0.187410	0.401994
0.352525	1.425964
0.458285	2.921568
0.085435	0.111493
0.231345	1.477140
0.088526	0.206266
0.084106	0.245168
0.233776	0.410276
0.129897	0.646238
0.282075	0.849047
0.190951	1.208721
0.093908	0.193921
0.155111	0.560727
0.243946	1.153866
0.213012	0.539986
0.156811	0.757396
0.092747	0.164161
0.113112	0.149308
0.166873	0.465575
0.227667	0.458750
0.147458	0.197594
0.089926	0.242801
0.131929	0.393808
0.103566	0.285842
0.115654	0.404790
0.113292	0.189198
0.188817	1.055490
0.094572	0.234066
0.162365	0.814260
0.256266	1.135258
0.132441	0.180120
0.219641	1.150918
0.084086	0.206011
0.087138	0.258801
0.180728	0.573810
0.160461	0.487001
0.146122	0.718192
0.148226	0.127474
0.227654	0.750120
0.070143	0.089782
0.089615	0.145625
0.076658	0.148333
0.166624	1.278836
0.122541	0.263464
0.195614	0.783434
0.132733	0.390235
0.159215	0.476053
0.117417	0.292369
0.331797	1.723687
0.316238	1.214355
0.049241	0.086910
0.237765	1.262533
0.118978	0.847718
0.162214	0.291174
0.089314	0.157638
0.365063	3.214378
0.070050	0.091766
0.255799	1.154931
0.173392	0.603404
0.315979	0.499248
0.350475	0.898968
0.262961	1.087345
0.137711	0.172827
0.231782	1.506584
0.338508	1.067992
0.118317	0.289876
0.103717	0.122905
0.084148	0.098874
0.116870	0.122713
0.132123	0.212057
0.369531	1.236083
0.227916	0.776053
0.327543	1.482132
0.185829	0.545408
0.229102	0.504024
0.344917	1.726309
0.104393	0.134144
0.130384	0.403538
0.126553	0.222101
0.096321	0.200830
0.218907	0.418113
0.091842	0.198379
0.182188	0.389882
0.235099	0.762897
0.210729	0.879794
0.237244	1.251464
0.359662	3.652368
0.118253	0.302136
0.247106	0.427494
0.093747	0.104528
0.073952	0.107231
0.106529	0.128367
0.188586	0.856179
0.251924	0.772148
0.243837	0.621785
0.137479	0.187659
0.182684	0.453057
0.109963	0.324941
0.133374	0.240073
0.213245	0.750623
0.088611	0.182539
0.106766	0.366741
0.085172	0.146496
0.129697	0.164067
0.195579	0.528064
0.530005	2.989226
0.141482	0.190294
0.244122	0.674998
0.490079	1.482489
0.182436	0.291897
0.122161	0.150258
0.172703	0.252146
0.225029	0.438806
0.205594	0.170643
0.199697	0.392405
0.086723	0.100599
0.365667	1.519346
0.223339	0.994975
0.180347	0.206497
0.155184	0.303385
0.225125	0.964659
0.146714	0.148181
0.095915	0.117975
0.232724	1.163622
0.264826	0.729595
0.123869	0.141211
0.110672	0.184269
0.521003	2.128297
0.169094	0.677220
0.355796	1.924856
0.160785	0.135863
0.139364	0.383250
0.191317	0.410374
0.261172	0.624200
0.119277	0.117488
0.108105	0.119456
0.089984	0.115179
0.168672	0.737940
0.069237	0.112165
0.082045	0.176398
0.222533	2.147448
0.182681	0.502374
0.115906	0.110690
0.280566	0.671955
0.124446	1.159216
0.173056	0.519167
0.260618	2.548841
0.191644	0.756034
0.066149	0.152805
0.136507	0.455932
0.128426	0.166311
0.098153	0.135451
0.134765	0.191367
0.242358	0.889453
0.217007	1.000402
0.230143	0.932078
0.075170	0.116514
0.188552	0.580740
0.137270	0.365138
0.099672	0.163961
0.228457	0.643105
0.186088	0.264245
0.246408	0.799594
0.159537	0.735465
0.112812	0.301773
0.342899	2.465444
0.474796	1.182242
0.079911	0.128258
0.148038	0.381197
0.103485	0.272166
0.286171	1.523861
0.259773	2.549676
0.120237	0.299389
0.234229	0.918177
0.188824	0.692983
0.117169	0.180441
0.073603	0.150886
0.123043	0.136578
0.119611	0.315175
0.117213	0.140656
0.107968	0.157634
0.223714	2.466443
0.126680	0.360404
0.382986	1.451518
0.179546	0.316898
0.151660	0.590715
0.119644	0.138189
0.132892	0.387380
0.151474	0.521827
0.224695	1.303232
0.101621	0.143285
0.121286	0.169800
0.139630	0.207351
0.072069	0.115310
0.223034	0.356854
0.273744	1.140143
0.120911	0.229127
0.144821	0.421428
0.267106	1.284778
0.168344	0.285343
0.175868	0.181144
0.232546	0.449976
0.255145	0.769263
0.161609	0.185851
0.141640	0.186965
0.127370	0.272571
0.208429	0.550252
0.564796	2.838098
0.274122	1.387055
0.096392	0.137359
0.220526	0.542494
0.157730	0.183755
0.119610	0.105257
0.247401	0.736019
0.167042	0.278125
0.335836	2.110730
0.278376	0.313173
0.279457	0.804837
0.204880	0.292978
0.259508	0.807068
0.178815	0.602607
0.173862	0.223413
0.168768	0.437109
0.150046	0.150046
0.122848	0.137589
0.438199	1.318979
0.087389	0.121471
0.175611	0.433760
0.132076	0.189528
0.256155	1.296145
0.079715	0.122363
0.153494	0.354571
0.178456	1.023445
0.277558	3.204405
0.297574	0.973066
0.257098	1.500170
0.194048	0.430787
0.175207	1.483125
0.193143	0.482859
0.076078	0.096619
0.121052	0.231815
0.261702	0.984000
0.151665	0.285888
0.117738	0.188969
0.223556	0.678493
0.114125	0.421692
0.190066	0.618664
0.117553	0.362065
0.049149	0.106653
0.156847	0.476814
0.153832	0.233824
0.225659	0.610408
0.352498	3.681840
0.176091	0.603992
0.168504	0.365654
0.055372	0.156426
0.104005	0.285493
0.119036	0.203552
0.142756	0.525342
0.193200	0.409583
0.083410	0.130537
0.156293	0.466535
0.140069	0.287141
0.171369	0.418998
0.075738	0.132162
0.117278	0.267981
0.086217	0.117255
0.384559	1.469016
0.151737	0.247332
0.306263	1.898830
0.155439	0.501290
0.127812	0.294606
0.250932	0.692573
0.263296	1.244072
0.154021	0.499798
0.180804	0.376976
0.092611	0.106039
0.194508	0.479463
0.112138	0.339217
0.161925	1.458137
0.135250	0.683013
0.194048	0.826645
0.177101	0.175330
0.085418	0.127272
0.248179	0.887238
0.081716	0.154852
0.189165	0.775578
0.108300	0.166783
0.112937	0.247896
0.166517	0.454592
0.287809	1.698073
0.129983	0.288562
0.074121	0.136753
0.149730	0.553999
0.199438	0.417822
0.159661	0.329700
0.319555	3.980061
0.141570	0.184748
0.100133	0.205773
0.237582	0.349246
0.164295	0.359807
0.240883	0.462495
0.103806	0.132353
0.104565	0.173578
0.076665	0.192429
0.197701	0.558505
0.108553	0.216020
0.053954	0.111415
0.147185	0.381209
0.090778	0.288674
0.185184	0.620365
0.127448	0.379158
0.125111	0.480425
0.372956	1.879699
0.175466	0.371989
0.241760	0.617698
0.146962	0.464400
0.075298	0.151349
0.131868	0.337581
0.151098	0.840859
0.180735	0.444607
0.191827	0.531362
0.070854	0.233111
0.103863	0.357287
0.126490	0.289663
0.165146	0.248544
0.167582	0.983704
0.128682	0.472261
0.163596	0.626572
0.139292	0.445040
0.138729	0.366937
0.084602	0.169204
0.289685	0.873401
0.096510	0.157794
0.118265	0.215833
0.077955	0.099782
0.141283	0.399123
0.304354	1.316331
0.278630	1.115914
0.093207	0.141209
0.389238	2.697416
0.113294	0.458841
0.337239	1.239354
0.331449	2.291969
0.206002	0.392435
0.108073	0.231277
0.147723	0.432828
0.193312	0.350862
0.060549	0.154702
0.255198	0.572919
0.107480	0.134887
0.119447	0.216200
0.107349	0.126135
0.214642	0.593485
0.165765	0.288431
0.443530	2.317445
0.390100	1.728141
0.144830	0.230279
0.291008	0.910856
0.190406	0.995823
0.206711	0.349342
0.214580	0.433452
0.097299	0.204815
0.126406	0.130198
0.145589	0.272251
0.069726	0.140497
0.208536	0.473376
0.097415	0.292731
0.090714	0.188231
0.095219	0.360881
0.087950	0.216356
0.138505	0.487538
0.077076	0.153381
0.221993	0.731466
0.253138	1.308725
0.267094	0.659721
0.219313	0.543896
0.298823	0.802340
0.096339	0.182081
0.210271	0.582450
0.155958	0.458517
0.124944	0.232396
0.129604	0.197646
0.112820	0.247640
0.191593	0.481856
0.153753	0.342870
0.177186	0.320706
0.127569	0.159462
0.095743	0.155583
0.428996	0.383951
0.324202	1.319501
0.287005	1.800955
0.162530	0.394948
0.101948	0.169233
0.191173	0.526682
0.052820	0.105639
0.194649	0.461318
0.085040	0.116080
0.198577	1.172600
0.143367	0.253043
0.118854	0.168772
0.222948	0.731270
0.333389	2.403734
0.251655	0.703375
0.445335	0.890670
0.116401	0.161215
0.160384	0.279870
0.289195	0.936992
0.315700	1.799492
0.120877	0.201865
0.207202	0.198914
0.241426	0.562523
0.177918	0.715231
0.160123	0.183340
0.142362	0.191477
0.217314	0.332490
0.098919	0.152335
0.210423	0.521850
0.093693	0.201441
0.117666	0.160614
0.107009	0.130551
0.253227	1.377556
0.160094	0.541117
0.063361	0.254394
0.090720	0.166925
0.315395	1.614821
0.276212	0.546899
0.173968	0.518424
0.289658	0.774835
0.222256	0.937922
0.154626	0.446870
0.134803	0.256126
0.111355	0.154227
0.137420	0.140169
0.174874	0.666270
0.379401	2.105673
0.105872	0.186865
0.226205	0.623194
0.189307	0.166591
0.178819	0.368368
0.105531	0.425817
0.204286	2.072486
0.123081	0.131696
0.098065	0.207898
0.321025	3.284082
0.165585	0.248378
0.144130	0.337984
0.212205	0.830784
0.148625	0.266038
0.103752	0.162890
0.195680	0.424625
0.212721	0.559456
0.098079	0.118186
0.205096	0.445057
0.178220	0.540007
0.243960	0.992918
0.104805	0.265680
0.219159	0.792261
0.091803	0.174425
0.212306	0.642227
0.214289	0.747869
0.101411	0.269247
0.268148	1.127563
0.148368	0.448071
0.150904	0.590035
0.104986	0.192125
0.116833	0.212636
0.091368	0.146645
0.276460	0.783764
0.206365	0.445749
0.124704	0.349172
0.175643	0.415396
0.189394	0.264205
0.219070	0.799607
0.340888	1.818636
0.247428	1.021878
0.300143	0.532754
0.115353	0.199561
0.140241	0.225787
0.277603	0.330348
0.514297	2.049475
0.335069	0.608151
0.314674	2.544139
0.138445	0.373108
0.142540	0.196706
0.144821	0.203473
0.141196	0.191320
0.096201	0.161136
0.101007	0.195953
0.155303	0.482994
0.120655	0.373427
0.255676	0.663480
0.094602	0.129132
0.100320	0.214182
0.285668	1.389774
0.183556	0.187227
0.255848	4.152406
0.264684	0.295123
0.174965	0.132099
0.517061	1.928637
0.357303	0.580618
0.331954	0.763493
0.412134	1.057123
0.310831	0.542400
0.146421	0.120797
0.126885	0.096432
0.133511	0.192924
0.159549	0.362974
0.143259	0.278638
0.120242	0.219441
0.322766	1.019939
0.256734	0.727840
0.179374	0.185652
0.189369	0.465848
0.164489	0.304304
0.161120	0.329491
0.248972	1.954432
0.185178	1.010145
0.074354	0.136067
0.118153	0.372183
0.125166	0.116404
0.159733	0.301896
0.078289	0.115085
0.179301	0.225920
0.182035	1.469933
0.145548	0.288184
0.097093	0.209722
0.214012	1.094673
0.236626	0.836472
0.209050	0.583251
0.176382	0.223123
0.141386	0.173198
0.117556	0.162815
0.155140	0.450683
0.183162	0.661214
0.335016	1.490820
0.106518	0.182678
0.146704	0.618356
0.263598	1.459015
0.204829	0.137236
0.180233	0.332531
0.121640	0.157524
0.108645	0.222722
0.286525	0.944100
0.131175	0.358108
0.206250	0.988967
0.113215	0.240017
0.283388	1.348925
0.156957	0.618411
0.195260	0.916745
0.265642	0.654808
0.088190	0.131845
0.291424	1.219609
0.276546	1.298382
0.174177	0.245589
0.121812	0.381881
0.238735	0.609967
0.233276	1.297017
0.209373	0.442824
0.245181	1.211194
0.276629	0.799459
0.204249	0.643383
0.128412	0.341575
0.208498	0.475376
0.079379	0.079379
0.172628	0.377192
0.095124	0.120808
0.108673	0.158662
0.306052	1.126270
0.193058	0.304067
0.166177	1.014512
0.117661	0.185316
0.103926	0.126271
0.226842	0.612472
0.255490	0.111138
0.135418	0.406255
0.196949	0.291485
0.140693	0.125920
0.101129	0.207314
0.234055	0.553541
0.188538	0.368592
0.117789	0.140757
0.154315	0.318660
0.145477	0.522264
0.101195	0.192270
0.107908	0.307000
0.117442	0.225488
0.104130	0.440989
0.217115	0.471139
0.155613	0.340014
0.110417	0.176115
0.086902	0.136002
0.115750	0.149317
0.261503	0.515162
0.200041	0.576119
0.163081	0.412594
0.127280	0.357657
0.168505	0.310893
0.157892	0.371046
0.077469	0.149902
0.184352	0.585319
0.147529	0.179248
0.131698	0.212035
0.157341	0.207691
0.241186	0.484784
0.082102	0.447044
0.212860	0.200088
0.132827	0.169355
0.124039	0.169933
0.213687	0.647472
0.197570	0.607526
0.173498	0.352201
0.081943	0.131519
0.122796	0.206910
0.221467	0.264653
0.192335	0.316391
0.138483	0.306047
0.181309	0.451461
0.168276	0.423213
0.281448	0.584005
0.398273	1.443740
0.349566	0.849446
0.118012	0.301521
0.220472	0.676848
0.183781	0.389616
0.143544	0.400488
0.190808	0.458894
0.138010	0.395398
0.151492	0.187093
0.160720	0.185632
0.171815	0.218205
0.348277	0.922933
0.103207	0.159455
0.093907	0.152129
0.259336	0.312500
0.262257	1.296862
0.231993	1.035849
0.151871	0.373603
0.090216	0.276962
0.148893	0.434022
0.092664	0.239074
0.118778	0.224491
0.112787	0.209784
0.145951	0.620290
0.132994	0.238059
0.146966	0.505562
0.152020	0.370930
0.265254	0.721490
0.272194	1.024810
0.264706	1.266618
0.179019	0.663266
0.192437	0.527277
0.190467	0.493309
0.209780	0.594727
0.154589	0.356329
0.133114	0.183031
0.118311	0.141381
0.157936	0.266122
0.231521	1.922780
0.281031	1.837944
0.142544	0.184594
0.082355	0.147003
0.119010	0.360600
0.178923	0.364108
0.090522	0.200055
0.100222	0.130289
0.206085	0.559520
0.214374	0.741735
0.244717	1.427922
0.094605	0.140962
0.390001	1.928556
0.144169	0.690571
0.216118	0.609451
0.105396	0.201834
0.119950	0.170929
0.207686	0.382143
0.360153	2.636323
0.273743	1.105922
0.294318	1.630524
0.181817	0.494542
0.206171	0.629852
0.126405	0.154846
0.121647	0.191594
0.212108	0.342555
0.171561	0.311383
0.230220	1.178728
0.257028	0.853331
0.263133	1.811667
0.114826	0.168221
0.071475	0.137232
0.164434	0.328868
0.150841	0.233050
0.188804	0.601340
0.144469	0.207313
0.097650	0.121086
0.093091	0.119156
0.129749	0.226412
0.135202	0.414394
0.130137	0.238150
0.116956	0.128067
0.124508	0.361695
0.331055	1.522853
0.151742	0.493162
0.228032	0.952035
0.175598	0.283591
0.195069	0.434030
0.274321	0.560985
0.139004	0.166109
0.181824	0.222734
0.150255	0.172793
0.161941	0.132792
0.463063	2.099990
0.129858	0.163622
0.128837	0.173930
0.096032	0.127242
0.270750	0.514425
0.156049	0.202084
0.338285	1.043608
0.178437	0.222154
0.234482	1.087995
0.189727	0.503725
0.207792	0.491429
0.104962	0.123331
0.178015	0.274143
0.213053	0.321710
0.214656	0.308031
0.167863	0.142683
0.239520	0.313771
0.159230	0.140123
0.252562	1.168098
0.144045	0.218948
0.103546	0.101475
0.124042	0.229478
0.108136	0.116247
0.166441	0.277956
0.215816	1.036996
0.193591	0.268124
0.169242	0.181089
0.262006	1.194747
0.249179	0.545701
0.158707	0.244409
0.164049	0.310873
0.356830	0.647647
0.139823	0.346062
0.109275	0.163366
0.145740	0.267432
0.263187	1.346202
0.204069	0.543844
0.151471	0.171919
0.147736	0.220126
0.160523	0.142865
0.105019	0.166980
0.106629	0.155678
0.119258	0.152650
0.105371	0.363531
0.222568	0.676605
0.132406	0.276068
0.236250	0.334294
0.136169	0.273699
0.240706	1.059108
0.156535	0.266892
0.219433	0.345607
0.238502	0.651111
0.142088	0.117223
0.195083	0.162894
0.193155	0.324500
0.415576	3.270585
0.252309	0.141293
0.485968	0.617179
0.356868	0.256945
0.414207	0.405922
0.391286	0.448022
0.458233	1.021859
0.443681	0.443681
0.515697	0.616257
0.409118	0.394799
0.471351	0.973340
0.142246	0.114508
0.353650	0.381942
0.177348	0.153406
0.229263	0.130680
0.287071	0.378933
0.137862	0.115115
0.206452	0.244645
0.286295	0.409402
0.446580	2.103391
0.341497	1.403554
0.181358	1.027391
0.229480	0.605828
0.325662	0.638297
0.331972	0.816651
0.138168	0.135404
0.434324	1.989202
0.308298	1.185405
0.209035	0.265475
0.200224	0.797894
0.124694	0.269338
0.108126	0.202736
0.088328	0.115268
0.161300	0.412123
0.092125	0.109168
0.148074	0.214708
0.126069	0.175236
0.274644	0.840411
0.342564	2.283188
0.223832	0.689404
0.205800	0.325163
0.162003	0.213034
0.167246	0.281809
0.197996	0.255415
0.183899	0.254701
0.263152	0.584197
0.318910	0.803652
0.089451	0.107788
0.260758	0.646680
0.208753	0.367406
0.253422	0.266093
0.168633	0.699826
0.284460	1.125040
0.272123	1.084410
0.167810	0.358273
0.255237	0.772091
0.132085	0.129444
0.223973	0.475942
0.222816	0.413323
0.090202	0.112301
0.114000	0.162450
0.165877	0.388151
0.104048	0.264802
0.280497	1.378642
0.329421	1.332508
0.113123	0.154979
0.221912	0.454919
0.184484	0.418779
0.265661	0.269646
0.221123	0.287460
0.108305	0.106681
0.093783	0.105506
0.244463	1.111085
0.358905	3.348587
0.101838	0.120169
0.100878	0.139212
0.170802	0.410778
0.355938	1.026883
0.364547	2.575522
0.196394	0.786557
0.149885	0.334994
0.439716	2.611914
0.078102	0.618571
0.163630	0.215174
0.270625	0.445178
0.247523	1.472761
0.367666	1.465150
0.367606	1.619303
0.088668	0.104185
0.251039	1.688234
0.260050	1.011595
0.118700	0.260546
0.145597	0.285370
0.166946	0.296329
0.164230	0.223353
0.213713	0.847371
0.172088	0.271899
0.135108	0.316154
0.101060	0.117229
0.282807	1.539883
0.027202	0.102144
0.134009	0.196993
0.243043	0.720622
0.146745	0.324307
0.095210	0.160429
0.263506	0.702242
0.200240	0.494593
0.272843	1.120022
0.136776	0.295437
0.135847	0.732217
0.139940	0.643026
0.060396	0.263023
0.226086	1.025298
0.227070	1.343121
0.185993	0.469632
0.166361	0.199633
0.380430	1.420904
0.281671	2.095632
0.164009	1.169381
0.245221	0.910994
0.233504	0.944524
0.341180	1.519959
0.338442	1.824200
0.206647	1.321505
0.197068	0.464095
0.124202	0.505501
0.120174	0.159231
0.173299	0.433246
0.101828	0.234204
0.119097	0.180431
0.184077	1.377819
0.118103	0.308839
0.436148	2.483865
0.263172	1.281649
0.236084	0.892398
0.064029	0.143744
0.163315	0.761047
0.085401	0.157138
0.108199	0.276448
0.253930	0.512938
0.097676	0.197306
0.115305	0.204090
0.207246	1.441399
0.107879	0.238412
0.241702	1.455046
0.215882	0.949882
0.253018	0.833693
0.247015	0.984355
0.252581	1.168189
0.173053	0.318417
0.360796	1.358398
0.258191	0.978543
0.083465	0.087639
0.158487	0.797191
0.127545	0.189405
0.145875	0.355206
0.127861	0.151515
0.107104	0.117279
0.201996	0.314103
0.169112	0.641781
0.071800	0.113444
0.118963	0.174280
0.415204	2.011661
0.108730	0.228877
0.180804	0.386016
0.324607	1.252982
0.228284	0.850356
0.198248	0.478769
0.147063	0.230154
0.408573	1.491291
0.111675	0.181472
0.243373	0.546373
0.239664	0.723784
0.119581	0.078923
0.361559	4.123578
0.247852	0.157386
0.083210	0.096940
0.300947	0.380698
0.256725	0.391506
0.168002	0.228482
0.083430	0.146002
0.139862	0.303500
0.097598	0.237650
0.153520	0.247935
0.253001	0.567988
0.123533	0.202594
0.240064	1.115098
0.167596	0.442454
0.233430	1.272193
0.113540	0.198695
0.132960	0.142932
0.170603	0.313910
0.158868	0.425767
0.149182	0.280462
0.151556	0.288714
0.246529	0.817243
0.328214	1.826511
0.231572	0.404092
0.180245	0.406452
0.165899	0.270416
0.093942	0.495076
0.212643	1.494881
0.205328	0.762793
0.210924	1.096807
0.081224	0.116151
0.104128	0.162961
0.190275	0.722092
0.093792	0.135999
0.084509	0.152116
0.214253	0.969497
0.211459	1.057294
0.191055	0.342944
0.268044	0.486500
0.116963	0.119302
0.239609	0.504377
0.139978	0.432533
0.217802	0.689342
0.320042	0.683290
0.112491	0.419030
0.147347	0.440569
0.131797	0.343332
0.288589	1.978276
0.144303	0.401162
0.147877	0.625520
0.115870	0.119346
0.390724	2.272062
0.167473	0.334945
0.301563	1.035870
0.370395	3.037236
0.303675	1.747651
0.186069	0.259566
0.194664	0.576204
0.089767	0.122981
0.102445	0.243819
0.157966	0.433617
0.041391	0.161839
0.107068	0.155784
0.092927	0.233246
0.102789	0.241553
0.237574	1.648762
0.086990	0.152667
0.101087	0.312359
0.140659	0.438856
0.326770	1.527651
0.046285	0.126359
0.131049	0.241785
0.262587	0.971573
0.142218	0.484963
0.079051	0.169565
0.091990	0.132005
0.073856	0.132202
0.174257	1.988268
0.111144	0.153934
0.222610	0.642231
0.141473	0.525572
0.176240	0.331330
0.149865	0.307973
0.144079	0.322016
0.064946	0.181199
0.283020	1.787271
0.139395	0.272516
0.202854	0.723174
0.267653	1.332910
0.121114	0.138676
0.045038	0.108316
0.113815	0.118367
0.110871	0.143577
0.207017	0.389192
0.152882	0.856904
0.101299	0.216779
0.083995	0.141112
0.093698	0.251580
0.186269	0.372538
0.110340	0.146200
0.176083	0.390904
0.127598	0.369396
0.088058	0.169511
0.108077	0.285863
0.337170	2.237120
0.094630	0.258812
0.359923	1.749224
0.190757	0.619005
0.114295	0.186300
0.097577	0.153197
0.136824	0.153927
0.150449	0.244480
0.220229	0.325939
0.256728	1.112915
0.268428	1.359588
0.167139	0.419518
0.301943	0.460462
0.289901	0.613140
0.097085	0.126695
0.130385	0.320094
0.057739	0.198621
0.061668	0.200113
0.162078	0.342795
0.076156	0.135177
0.343860	0.653334
0.102664	0.171450
0.225112	0.565030
0.109160	0.156645
0.271103	0.691313
0.117815	0.207354
0.085172	0.114556
0.162355	0.410757
0.294868	1.248767
0.264067	1.402196
0.111866	0.127527
0.195916	0.485872
0.191172	1.069605
0.178405	0.549488
0.152102	0.202296
0.108642	0.174913
0.439874	2.626047
0.194215	0.268017
0.350982	0.766896
0.120968	0.320564
0.388379	1.297187
0.087853	0.195912
0.165396	0.406875
0.154342	0.493893
0.062529	0.146942
0.464568	0.866419
0.128419	0.123924
0.169699	0.487883
0.193709	1.207778
0.074692	0.185984
0.149405	0.607330
0.066210	0.195320
0.155711	0.377599
0.171617	0.332078
0.158319	0.764679
0.066891	0.149167
0.106833	0.148497
0.128043	0.516654
0.076815	0.133274
0.069687	0.156448
0.126875	0.367938
0.166244	0.761397
0.110451	0.381056
0.167530	0.801629
0.250741	1.197290
0.093909	0.112222
0.261016	1.692688
0.209822	3.346658
0.145869	0.339874
0.135675	0.385317
0.098553	0.145366
0.227271	0.537495
0.154414	0.232394
0.132609	0.195598
0.194298	0.480888
0.227219	0.548735
0.120156	0.200660
0.227444	0.901817
0.193761	0.355552
0.133328	0.459981
0.118151	0.270566
0.152673	0.361834
0.078281	0.112725
0.190947	1.192461
0.122913	0.140735
0.210716	0.565771
0.160839	0.593494
0.115367	0.338026
0.339331	1.559224
0.376665	2.604638
0.249134	1.124842
0.086909	0.118196
0.170901	0.363165
0.162330	0.923656
0.106448	0.312957
0.068296	0.145470
0.074582	0.094719
0.198978	0.570071
0.214608	0.351957
0.229362	0.881898
0.275327	1.372504
0.194128	0.424169
0.139284	0.346817
0.126523	0.235965
0.295264	1.923644
0.239463	0.931510
0.226775	1.667931
0.136407	0.190288
0.086529	0.125900
0.183063	0.508001
0.152438	0.226370
0.104465	0.165055
0.121446	0.341869
0.092610	0.264401
0.102009	0.182597
0.086642	0.124765
0.187364	0.354118
0.104261	0.247098
0.168684	0.380383
0.283040	1.483130
0.143073	0.319053
0.119182	0.283058
0.165066	0.302070
0.151527	0.181075
0.197548	0.714135
0.063785	0.110028
0.271531	1.197451
0.117181	0.294711
0.154119	0.945520
0.104769	0.130962
0.149304	0.186630
0.153837	0.784569
0.117622	0.141146
0.130321	0.292571
0.215018	0.753638
0.146568	0.418452
0.167351	0.492011
0.125044	0.210074
0.237657	1.233438
0.237481	0.856118
0.191897	1.023772
0.065326	0.083944
0.151037	0.262804
0.165361	0.439861
0.172466	0.331135
0.230449	1.064675
0.143454	0.141302
0.239317	1.847528
0.247054	1.146331
0.088154	0.151625
0.272173	0.640967
0.140604	0.352915
0.287739	0.568285
0.260570	1.292427
0.085588	0.104846
0.239063	1.290940
0.282744	1.577710
0.150432	0.649116
0.186081	0.394491
0.321584	1.231667
0.160123	0.859858
0.130741	0.655666
0.296103	1.381319
0.072770	0.157184
0.082178	0.136415
0.051964	0.119518
0.131778	0.228634
0.113190	0.207137
0.129790	0.114864
0.215748	1.249179
0.076337	0.188934
0.072616	0.114369
0.087679	0.195085
0.095219	0.148542
0.230720	0.778678
0.103491	0.138677
0.132512	0.708941
0.124081	0.245680
0.114440	0.272366
0.105031	0.130239
0.312920	2.727096
0.239336	0.841266
0.133369	0.280742
0.176785	0.553336
0.060969	0.206380
0.116131	0.217164
0.247445	0.904412
0.159300	0.290723
0.126485	0.517324
0.091555	0.200505
0.099511	0.198026
0.110426	0.456610
0.052583	0.128039
0.180503	0.518042
0.240687	1.492259
0.148257	1.494431
0.152768	0.274983
0.134384	0.136400
0.115439	0.158729
0.096757	0.128203
0.240777	0.362369
0.379491	1.041703
0.145336	0.180943
0.155568	0.271466
0.122960	0.164767
0.204474	0.294442
0.173062	0.220654
0.160850	0.233232
0.186925	0.276649
0.143152	0.178939
0.225762	0.393955
0.176623	0.424779
0.207788	0.559990
0.137766	0.197695
0.263184	2.704214
0.454055	2.115898
0.322192	0.505841
0.113578	0.153330
0.340557	1.627862
0.250905	0.454137
0.203224	0.492817
0.214040	0.519047
0.130911	0.231713
0.205639	1.212243
0.181659	0.339702
0.145305	0.238300
0.081792	0.110011
0.126216	0.298501
0.086949	0.151726
0.111239	0.164077
0.091785	0.111519
0.240010	0.981639
0.165890	0.277036
0.106362	0.149970
0.150998	0.429590
0.263266	0.871410
0.130092	0.145053
0.216839	0.475961
0.234828	0.777282
0.113411	0.136093
0.168923	0.417239
0.142593	0.340797
0.101947	0.351718
0.142615	0.358676
0.153218	0.626663
0.115222	0.365831
0.088598	0.168336
0.072360	0.155574
0.199597	1.604763
0.140919	0.240972
0.161440	0.621542
0.119640	0.253637
0.142765	0.376185
0.140752	0.382141
0.091323	0.161641
0.178367	0.639445
0.123244	0.211980
0.120859	0.271327
0.077799	0.159489
0.111124	0.285590
0.135380	0.728346
0.099506	0.125378
0.105457	0.334827
0.082335	0.183195
0.139584	0.396419
0.137988	0.341519
0.159626	0.724701
0.102328	0.222053
0.098515	0.246289
0.143369	0.233692
0.127476	0.465925
0.141479	0.331061
0.077564	0.190419
0.145559	0.242357
0.179899	0.432658
0.321682	1.548897
0.077533	0.106607
0.143468	0.368712
0.077613	0.107106
0.080499	0.220163
0.117581	0.133455
0.085251	0.106989
0.163310	0.276811
0.123200	0.218681
0.290618	0.867493
0.132153	0.334347
0.099750	0.263339
0.146334	0.436808
0.184146	1.379253
0.419031	1.537845
0.134945	0.412257
0.111909	0.208710
0.105070	0.132388
0.155436	0.335741
0.155816	0.180746
0.146141	0.544375
0.115988	0.117148
0.188557	0.313947
0.150659	0.305085
0.239205	1.475894
0.167212	0.478226
0.097490	0.187182
0.109942	0.178655
0.098611	0.161723
0.262209	1.314980
0.215144	0.733639
0.118170	0.482134
0.112398	0.163539
0.144899	0.289797
0.099733	0.197471
0.182373	0.764142
0.104562	0.172004
0.171122	0.388446
0.129812	0.233662
0.419809	1.828269
0.276849	1.283193
0.348604	2.154375
0.187366	0.519003
0.085147	0.194986
0.253871	1.521955
0.116501	0.259797
0.203213	0.518193
0.071075	0.089199
0.104822	0.173480
0.100029	0.235569
0.216561	0.759048
0.105837	0.190506
0.137815	0.255646
0.191495	0.410757
0.122642	0.197453
0.128749	0.468004
0.148007	0.364838
0.088039	0.123254
0.102854	0.393416
0.158397	0.449849
0.147937	0.316586
0.178335	0.337054
0.322665	2.466774
0.055722	0.087762
0.106413	0.176645
0.121628	0.234133
0.137664	0.202366
0.128720	0.382299
0.050985	0.108853
0.063116	0.134753
0.097474	0.190562
0.216861	1.902955
0.173557	0.206532
0.110523	0.174626
0.304953	2.078252
0.097819	0.263622
0.208307	0.580135
0.123043	0.315605
0.119421	0.213166
0.331515	0.547000
0.159933	0.375042
0.123104	0.224665
0.197765	0.577474
0.164934	0.315849
0.365760	2.070201
0.125474	0.188211
0.281947	0.262210
0.126897	0.165601
0.505029	2.260003
0.403598	1.247119
0.271906	1.022368
0.127982	0.174056
0.182234	0.287929
0.083974	0.103288
0.129944	0.155283
0.144319	0.190501
0.315644	1.276779
0.141268	0.360233
0.195938	0.320358
0.239242	0.972518
0.164045	0.167325
0.100499	0.253760
0.169192	0.149735
0.225958	0.578452
0.284691	0.762972
0.271401	0.375891
0.197076	0.380357
0.348414	2.092225
0.148023	0.159125
0.097715	0.100158
0.148611	0.444348
0.271496	0.625799
0.104365	0.163854
0.358508	2.378698
0.124625	0.331502
0.184396	0.233261
0.210679	0.498256
0.204461	0.536710
0.088791	0.203332
0.185649	0.355518
0.085461	0.143574
0.171224	0.349297
0.198920	2.165241
0.234598	0.917279
0.093119	0.139213
0.075152	0.133020
0.093251	0.194428
0.414062	2.594101
0.217318	0.722582
0.155703	0.250681
0.157106	0.199525
0.151777	0.300518
0.162919	0.149886
0.438048	2.117963
0.081935	0.122903
0.147634	0.225142
0.080381	0.279322
0.239721	0.490230
0.243842	1.089975
0.349262	1.412764
0.183735	0.353689
0.123588	0.271894
0.087845	0.208631
0.161211	0.384488
0.113744	0.299148
0.145201	0.244664
0.104557	0.225843
0.157592	0.460955
0.068737	0.149159
0.146036	0.389186
0.130308	0.252146
0.069409	0.178381
0.106114	0.168722
0.101460	0.152697
0.165339	0.237261
0.125736	0.130136
0.284647	0.939335
0.132512	0.127874
0.088345	0.170065
0.100583	0.142325
0.118384	0.322004
0.180997	0.531226
0.142512	0.312102
0.140591	0.893454
0.169144	0.814430
0.090186	0.137534
0.091199	0.156406
0.111790	0.347667
0.008718	0.051395
0.159516	0.401183
0.267045	0.531419
0.086943	0.284739
0.175333	0.287545
0.183780	0.475071
0.076705	0.133467
0.364444	0.406355
0.062088	0.191230
0.191206	0.630024
0.247461	0.478838
0.179092	0.417286
0.299840	1.592148
0.120828	0.201178
0.252429	0.780007
0.197726	0.527929
0.184013	0.601723
0.161605	1.076289
0.062174	0.118441
0.181295	0.495843
0.108547	0.217094
0.079398	0.185792
0.249659	1.193372
0.088553	0.099179
0.116666	0.237416
0.125256	0.154691
0.194124	0.392131
0.179703	0.436678
0.162815	0.407038
0.123794	0.190643
0.198387	0.617976
0.198020	0.913861
0.267913	2.158036
0.119413	0.183299
0.185292	0.363172
0.114541	0.270890
0.224334	0.522699
0.118392	0.290059
0.085814	0.163904
0.086692	0.121802
0.158377	0.346845
0.342479	1.743220
0.093565	0.200229
0.166168	0.332335
0.098850	0.138885
0.254042	1.031409
0.283612	1.157138
0.238002	0.724715
0.183223	0.314227
0.103094	0.427841
0.066450	0.113296
0.197517	1.112023
0.200735	1.221475
0.268858	1.959975
0.106991	0.209168
0.098848	0.182375
0.150834	0.254156
0.247066	0.491661
0.224287	0.416052
0.130591	0.475351
0.131461	0.166298
0.186127	0.265231
0.313176	0.923870
0.099378	0.176395
0.246200	0.107097
0.246412	0.492824
0.122213	0.198597
0.245187	0.306484
0.137360	0.203293
0.173614	0.343755
0.186905	0.369138
0.225666	0.558522
0.114072	0.167115
0.182082	0.323196
0.077320	0.092785
0.316371	1.615072
0.340976	1.002469
0.116784	0.185686
0.139600	0.164728
0.115026	0.167363
0.295184	1.905411
0.252622	0.524191
0.151794	0.191260
0.086189	0.102134
0.320265	2.767086
0.124214	0.196258
0.195726	0.297504
0.356372	2.189906
0.201601	0.498962
0.282082	0.533135
0.149124	0.264695
0.360933	1.248827
0.146445	0.361720
0.147215	0.393063
0.143205	0.176142
0.145224	0.200409
0.136554	0.257405
0.179253	0.388979
0.152911	0.500784
0.091767	0.113332
0.248680	0.666463
0.125982	0.165036
0.270961	0.773593
0.121348	0.191124
0.130094	0.287507
0.134420	0.228513
0.138632	0.178836
0.230063	1.185974
0.281921	0.641370
0.109208	0.185108
0.129680	0.154968
0.137508	0.173261
0.103820	0.089804
0.160289	0.332599
0.212655	0.606066
0.500376	1.856396
0.156264	0.246115
0.107059	0.098495
0.155600	0.140818
0.228286	0.377813
0.080063	0.094874
0.289657	1.743734
0.322999	1.949298
0.118866	0.235356
0.084551	0.084974
0.204620	0.385708
0.195982	0.604606
0.338302	1.241570
0.103107	0.114965
0.366754	2.134510
0.339801	1.260661
0.229412	0.139941
0.242922	0.855085
0.194866	0.300094
0.136338	0.330620
0.177092	0.352414
0.203961	0.453814
0.146226	0.227382
0.156449	0.164272
0.197477	0.336698
0.154946	0.152621
0.174403	0.508386
0.393306	1.321507
0.280560	0.669134
0.167277	0.261789
0.292914	1.217058
0.196727	0.433783
0.099208	0.166669
0.205732	0.434095
0.139416	0.266981
0.131318	0.200917
0.099402	0.148109
0.189127	1.122468
0.194984	0.349022
0.131653	0.157325
0.417436	1.778277
0.518983	2.799914
0.129100	0.208496
0.211262	0.482735
0.189235	0.487280
0.154374	0.287136
0.137424	0.208198
0.388012	1.901261
0.126785	0.252302
0.325487	1.023657
0.174510	0.553195
0.336018	1.273507
0.138579	0.219648
0.097545	0.125345
0.182617	0.287621
0.268166	2.378635
0.222880	0.815740
0.091687	0.157244
0.086794	0.114134
0.365831	4.269245
0.118271	0.312235
0.219267	0.382621
0.106811	0.250472
0.155897	0.274379
0.253372	1.356810
0.267261	1.304233
0.104412	0.186898
0.104855	0.296217
0.229678	0.655731
0.123927	0.261486
0.089943	0.178087
0.092175	0.211081
0.104475	0.153056
0.145397	0.394753
0.111141	0.206723
0.155346	0.285837
0.144993	0.619844
0.083265	0.096587
0.157840	0.775785
0.104320	0.321305
0.099681	0.284090
0.109768	0.150932
0.318127	1.313865
0.208202	0.807826
0.057151	0.115159
0.145460	0.387651
0.125902	0.385259
0.203297	0.529588
0.095572	0.137624
0.087829	0.121204
0.116333	0.120404
0.092325	0.178648
0.141368	0.617777
0.133174	0.177122
0.166528	0.709409
0.270424	0.761244
0.230866	0.506752
0.074713	0.109828
0.105493	0.226811
0.174659	0.519612
0.170827	0.094809
0.244137	0.737293
0.153527	0.257926
0.358244	0.612597
0.161467	0.336658
0.099408	0.154083
0.163945	0.335267
0.077767	0.114317
0.309943	1.249072
0.120716	0.230567
0.276928	1.512027
0.300840	1.192831
0.126437	0.196610
0.068303	0.109285
0.101379	0.145478
0.175223	0.391623
0.312187	1.496935
0.153757	0.346723
0.096089	0.165272
0.308670	1.097323
0.228409	0.510495
0.474161	2.290199
0.179642	0.330541
0.193871	0.298562
0.355975	3.595348
0.371361	1.422313
0.229274	0.331301
0.313959	1.500724
0.201651	0.397253
0.367868	1.510098
0.191686	0.444713
0.190785	0.309071
0.127932	0.228359
0.246283	0.698213
0.096684	0.185633
0.159120	0.488498
0.218899	0.200292
0.320415	0.892357
0.151885	0.166314
0.096366	0.182132
0.122596	0.212703
0.124513	0.153151
0.165855	0.170831
0.415294	2.142919
0.202530	0.384807
0.348700	1.895183
0.261867	0.703113
0.299749	1.563189
0.197620	0.530610
0.171197	0.549544
0.305852	0.844152
0.184316	0.268179
0.221397	0.648694
0.319798	1.567010
0.397329	2.171403
0.274262	0.905064
0.116908	0.133859
0.157373	0.412319
0.312768	0.512940
0.090336	0.102531
0.164426	0.222797
0.085847	0.106879
0.183446	0.377898
0.253991	0.919449
0.229430	0.628639
0.156172	0.195215
0.091919	0.197625
0.160225	0.620874
0.259824	0.480674
0.261002	1.167983
0.133927	0.326112
0.138972	0.153564
0.195555	0.596441
0.080854	0.118047
0.189512	0.589381
0.085500	0.133808
0.370077	1.380388
0.267298	0.650871
0.075041	0.111435
0.126535	0.253069
0.166082	0.444269
0.195883	0.365322
0.196399	0.545989
0.162968	0.642095
0.256580	0.586284
0.344653	1.147694
0.130854	0.227686
0.098730	0.180675
0.093205	0.134681
0.277085	1.249652
0.206329	0.778890
0.202219	0.947397
0.150520	0.333403
0.152604	0.493675
0.185108	0.396132
0.215840	0.929191
0.185234	0.537179
0.197630	0.445656
0.144098	0.322060
0.174566	0.368334
0.203202	0.342396
0.331583	1.649623
0.183204	0.401216
0.165038	0.461280
0.287477	1.014794
0.128687	0.369974
0.170432	0.303368
0.111187	0.117858
0.078548	0.096614
0.137589	0.356356
0.162322	0.383891
0.069150	0.155933
0.410187	2.705182
0.126003	0.249487
0.143155	0.180375
0.098044	0.236776
0.185847	0.328949
0.078492	0.130297
0.333845	1.415503
0.248544	0.892272
0.084369	0.105461
0.106913	0.220776
0.200224	0.408458
0.121300	0.210456
0.160389	0.195675
0.117272	0.371167
0.100948	0.219056
0.112008	0.278900
0.323285	1.713413
0.249678	0.585495
0.443301	0.789076
0.424048	2.050272
0.116154	0.356592
0.102685	0.112953
0.079423	0.116355
0.113165	0.173709
0.183791	0.445694
0.246663	0.460027
0.124945	0.134316
0.165507	0.377357
0.167170	0.358579
0.250321	0.484372
0.249167	0.818514
0.352445	0.609730
0.099977	0.282935
0.130793	0.211885
0.165177	0.309708
0.391191	2.263043
0.280116	1.021022
0.158592	0.361591
0.303569	1.731862
0.103879	0.189060
0.133746	0.454068
0.285571	1.176555
0.114098	0.243599
0.104257	0.153778
0.295057	2.190798
0.169525	0.524680
0.390780	1.934359
0.132702	0.473082
0.118370	0.458093
0.119178	0.374816
0.078203	0.137247
0.124775	0.162207
0.132458	0.421878
0.226839	0.740631
0.202001	1.772557
0.451660	2.219908
0.162792	0.337794
0.121987	0.364742
0.148323	0.205428
0.190531	0.224827
0.157497	0.186634
0.139806	0.192234
0.168010	0.172210
0.118563	0.118563
0.122869	0.185532
0.168546	0.268831
0.246652	0.733791
0.078657	0.195069
0.094289	0.110790
0.226463	0.784694
0.144803	0.335942
0.210809	0.261404
0.289044	0.654684
0.132398	0.219119
0.146033	0.281114
0.262543	0.748247
0.134473	0.179522
0.131460	0.230054
0.150526	0.220521
0.314422	0.356869
0.174470	0.217215
0.335063	1.660235
0.230655	0.792301
0.122059	0.146471
0.105527	0.193115
0.155686	0.270115
0.063651	0.106933
0.165783	0.244530
0.465928	1.264995
0.286782	0.607977
0.092717	0.114969
0.093417	0.163013
0.365872	1.414094
0.166503	0.571937
0.100919	0.150369
0.114505	0.127673
0.295470	0.862773
0.164929	0.328208
0.205898	0.396354
0.205250	0.372528
0.210865	0.154986
0.111796	0.096704
0.169983	0.329768
0.174944	0.439984
0.166036	0.275619
0.210844	0.864460
0.320854	0.896787
0.105579	0.100828
0.176060	0.210392
0.255276	0.437799
0.191671	0.325840
0.121428	0.234356
0.281988	0.675361
0.306854	1.126153
0.212295	0.395930
0.174932	0.319251
0.096886	0.099793
0.312380	1.065215
0.365479	0.829637
0.188325	0.239173
0.261126	1.344799
0.128349	0.150168
0.097933	0.182155
0.076746	0.181122
0.162022	1.693945
0.423805	1.858383
0.394905	2.025863
0.195209	0.518280
0.099193	0.208306
0.165483	0.474935
0.169134	0.406768
0.188862	0.334286
0.323332	2.276260
0.283991	1.194184
0.156634	0.375138
0.441137	2.216712
0.190236	0.851305
0.119319	0.275030
0.191080	0.555088
0.099603	0.151397
0.130828	0.257077
0.148868	0.304435
0.200387	0.603165
0.165698	0.136701
0.296367	4.476625
0.332846	2.795903
0.146410	0.242309
0.187171	0.437980
0.084667	0.117264
0.371093	0.497265
0.115857	0.251411
0.101676	0.147430
0.152591	0.352486
0.087662	0.146396
0.195288	0.498960
0.386949	2.495822
0.171041	0.712386
0.159988	0.420768
0.152912	0.198021
0.267156	2.539313
0.208894	0.413611
0.156000	0.288600
0.106845	0.233456
0.250251	1.081082
0.266806	1.564817
0.178467	0.352472
0.233039	0.362376
0.106629	0.154613
0.120087	0.163918
0.254584	1.330201
0.324642	1.735210
0.170702	0.394323
0.156650	0.364994
0.136030	0.276822
0.230472	0.271957
0.133145	0.350172
0.159400	0.499718
0.169603	0.374823
0.225896	0.693502
0.254426	0.388000
0.244499	0.512225
0.204040	0.710060
0.125063	0.139446
0.144505	0.394499
0.073127	0.180258
0.111947	0.165682
0.090662	0.121941
0.138477	0.572602
0.158049	0.498644
0.173875	1.487503
0.135470	0.424023
0.146410	0.811112
0.307738	1.249418
0.165479	0.410388
0.100574	0.348490
0.142638	0.236780
0.119210	0.276568
0.133810	0.433545
0.130220	0.246767
0.102320	0.149387
0.094355	0.139646
0.172167	0.643904
0.144623	0.534382
0.084918	0.211446
0.184308	0.493946
0.080877	0.206237
0.208184	0.362240
0.280537	2.021270
0.344001	2.316846
0.363265	1.287775
0.135898	0.128424
0.156660	0.430033
0.112264	0.245297
0.198564	1.456466
0.204215	0.781121
0.152919	0.340245
0.114874	0.215388
0.325322	1.176040
0.179866	0.641222
0.222918	0.376732
0.092939	0.101303
0.227893	1.199859
0.151963	0.287969
0.280811	0.651481
0.289935	1.945462
0.116657	0.308557
0.222841	0.665181
0.118560	0.246011
0.080833	0.116400
0.238738	0.904816
0.221463	0.502721
0.212343	1.155148
0.157861	0.295989
0.108472	0.220741
0.140772	0.164703
0.132531	0.288918
0.303237	0.506407
0.197554	0.443510
0.149626	0.422694
0.208328	0.768729
0.078357	0.105783
0.218765	0.462687
0.280295	0.706344
0.246353	0.256207
0.416161	1.989248
0.093266	0.151557
0.157099	0.565555
0.069736	0.097631
0.307116	1.957864
0.238477	1.199537
0.190234	0.378566
0.255241	1.255787
0.116625	0.244328
0.166295	0.346725
0.327661	0.730684
0.136029	0.320348
0.099895	0.174816
0.119913	0.148093
0.117350	0.146687
0.160186	0.475751
0.131099	0.231390
0.114014	0.117435
0.289244	0.399156
0.095561	0.123273
0.212789	1.523572
0.380660	1.355149
0.088821	0.136340
0.218802	0.378527
0.204283	0.722140
0.196961	0.550505
0.214797	1.065393
0.120486	0.260250
0.161864	0.162674
0.192630	0.397781
0.121305	0.162549
0.103063	0.325162
0.105175	0.143038
0.136401	0.589251
0.194606	0.363914
0.109763	0.143241
0.207082	0.332366
0.156325	0.612011
0.098719	0.130803
0.346229	1.899068
0.358933	1.146789
0.132738	0.132738
0.154879	0.195922
0.301334	1.054667
0.170432	0.163614
0.197773	0.875147
0.373994	0.385214
0.226855	0.681699
0.292953	1.524822
0.162663	0.530282
0.200640	0.380213
0.092695	0.135335
0.424181	1.707330
0.093622	0.254184
0.194355	0.405231
0.089205	0.128901
0.214555	1.110320
0.231903	1.108494
0.222908	0.448044
0.124458	0.128192
0.124197	0.254604
0.088183	0.105820
0.148720	0.319004
0.155539	0.441730
0.132175	0.278889
0.152194	0.314281
0.106368	0.191994
0.091022	0.111957
0.098721	0.117971
0.121055	0.275399
0.297959	1.282713
0.286758	2.688355
0.192753	1.098695
0.221819	1.355311
0.212054	0.543919
0.153976	0.408036
0.132615	1.255197
0.233229	0.476954
0.284462	1.179093
0.096197	0.197203
0.213208	0.521293
0.169109	0.622319
0.215888	0.730782
0.189067	0.325195
0.193897	0.265639
0.243676	0.508064
0.138615	0.203071
0.181099	0.748843
0.213821	0.534552
0.080471	0.115878
0.097701	0.132873
0.099757	0.136667
0.091515	0.260819
0.101518	0.170043
0.222914	0.409047
0.103239	0.138857
0.216918	0.706067
0.352992	1.964400
0.227093	0.466675
0.160498	0.202228
0.153715	0.312041
0.437887	2.211330
0.241057	0.828032
0.297623	0.922632
0.159700	0.243543
0.195234	0.678437
0.261589	0.787382
0.232148	1.189757
0.087282	0.150562
0.173455	0.295741
0.172976	0.223138
0.101463	0.230322
0.151989	0.231783
0.172152	0.291797
0.105559	0.175227
0.223610	0.764747
0.228470	0.639716
0.173555	0.574468
0.151268	0.328252
0.414142	1.097477
0.209907	0.331653
0.201371	0.508463
0.296425	0.681778
0.244020	0.494141
0.172044	0.256346
0.345246	1.962722
0.244306	0.978445
0.253237	0.427971
0.251485	1.560465
0.323131	1.253747
0.144626	0.166320
0.326894	0.715897
0.263606	0.425723
0.153571	0.322500
0.204200	0.193990
0.319272	1.332963
0.257927	1.452130
0.096904	0.189447
0.124767	0.442924
0.168166	0.444799
0.245822	0.409293
0.399651	1.610595
0.272600	0.271237
0.092942	0.100842
0.188948	0.297593
0.276352	0.732333
0.207265	0.268408
0.192040	0.445533
0.130445	0.243280
0.144052	0.146933
0.173198	0.666811
0.113209	0.356042
0.200477	0.387923
0.107354	0.121847
0.117525	0.131628
0.252127	1.128266
0.082329	0.149838
0.131940	0.309400
0.239266	1.101821
0.218812	0.208966
0.188231	0.374579
0.312156	0.399559
0.171021	0.153919
0.187008	0.532037
0.145653	0.263631
0.374418	1.746661
0.160808	0.259706
0.125346	0.128480
0.153805	0.413736
0.187534	0.379756
0.215084	0.438771
0.270005	0.935567
0.224784	0.225908
0.179034	0.272132
0.242187	0.441992
0.194752	0.285311
0.328681	1.853762
0.210408	0.568101
0.090744	0.167877
0.109576	0.184087
0.239957	0.740267
0.162861	0.292335
0.166664	0.368328
0.080130	0.110980
0.290280	0.648777
0.151967	0.300894
0.142632	0.221080
0.109678	0.104743
0.178198	0.713684
0.177806	0.593873
0.273126	1.513118
0.208240	0.436262
0.161753	0.279023
0.082659	0.131841
0.127561	0.450928
0.288261	1.823254
0.193737	0.971591
0.110139	0.171817
0.271981	0.737067
0.185246	0.671516
0.088123	0.159063
0.249428	1.381833
0.313826	1.462431
0.093929	0.119290
0.141789	0.350220
0.164168	0.328335
0.251408	1.208014
0.197272	0.500085
0.141408	0.134338
0.223509	0.669409
0.122984	0.198004
0.188791	0.620180
0.295546	1.086133
0.161290	0.398387
0.093980	0.223673
0.129781	0.444499
0.142744	0.375416
0.140705	0.386235
0.117046	0.193712
0.143434	0.098252
0.191099	0.663114
0.113251	0.121745
0.221161	0.490977
0.281887	0.993651
0.150176	0.309363
0.170265	0.320099
0.202655	0.416457
0.105959	0.220924
0.237564	2.417216
0.138271	0.313874
0.163938	0.443452
0.201667	0.231917
0.110915	0.108697
0.359587	2.143137
0.102845	0.152211
0.123534	0.200126
0.116904	0.209842
0.125513	0.252280
0.120694	0.293287
0.092739	0.149774
0.126768	0.486788
0.062377	0.203660
0.027895	0.496247
0.069583	0.210488
0.146606	0.271222
0.104472	0.276851
0.198482	0.899125
0.058736	0.123640
0.245029	0.829425
0.305977	1.387604
0.107637	0.156073
0.113014	0.307399
0.235731	0.496215
0.137381	0.295368
0.173203	0.509216
0.233498	0.760036
0.186501	0.309592
0.173649	0.251791
0.158420	0.339811
0.206019	0.612906
0.201997	0.359555
0.253012	1.791324
0.210442	0.479808
0.100118	0.162691
0.176193	0.270456
0.158491	0.404943
0.349823	1.490247
0.235656	1.568290
0.098974	0.116790
0.361574	2.039278
0.149553	0.394072
0.236983	0.539136
0.317053	1.358572
0.085293	0.088278
0.103322	0.191146
0.150997	0.227251
0.159314	0.494671
0.099350	0.169888
0.241710	0.965630
0.357417	0.872098
0.223906	0.245177
0.109579	0.190119
0.133215	0.318383
0.185505	0.512921
0.199405	0.540388
0.097970	0.451644
0.155086	0.217896
0.214948	0.558865
0.115968	0.158296
0.086619	0.132094
0.155793	0.193962
0.124413	0.268732
0.090858	0.198070
0.181700	0.237118
0.111588	0.239356
0.111353	0.222705
0.107116	0.281180
0.234666	1.449063
0.127743	0.335963
0.311549	1.940951
0.180494	0.362793
0.131076	0.216275
0.404182	3.053594
0.241965	0.781546
0.162214	0.819180
0.096958	0.145922
0.315493	1.776226
0.077927	0.126631
0.114160	0.196355
0.118342	0.321298
0.085903	0.140021
0.179318	0.853554
0.144796	0.242534
0.084532	0.096789
0.145732	0.249931
0.176940	0.167208
0.103522	0.126297
0.136359	0.359988
0.089412	0.143953
0.146656	0.299179
0.115906	0.163428
0.109680	0.174940
0.269511	0.947330
0.114192	0.204975
0.098590	0.219856
0.262288	0.849812
0.181270	0.515713
0.192818	0.375994
0.182634	0.408187
0.198336	0.349072
0.466373	2.802901
0.189145	0.456786
0.106937	0.198367
0.072585	0.091457
0.144157	0.213352
0.157935	0.446166
0.116273	0.208128
0.296764	3.418717
0.076574	0.559754
0.152205	0.245050
0.155599	0.175049
0.094678	0.162847
0.111607	0.188058
0.134304	0.293455
0.237462	0.478486
0.102281	0.212232
0.145084	0.270582
0.487950	2.051828
0.316776	2.290293
0.135127	0.285794
0.237448	0.720656
0.131029	0.120547
0.335653	2.524107
0.212275	0.227135
0.270694	1.147743
0.176345	0.387078
0.199455	0.193471
0.305554	0.334581
0.184731	0.454438
0.103756	0.269765
0.164410	0.218665
0.282489	0.395485
0.064357	0.118417
0.134577	0.271173
0.226565	1.513452
0.346103	1.858575
0.078774	0.147307
0.217932	0.754046
0.249773	0.691870
0.207104	0.449416
0.142617	0.190394
0.125636	0.116214
0.289691	1.286230
0.192153	0.496716
0.167173	0.208131
0.190222	0.495527
0.095992	0.105591
0.143622	0.268573
0.140753	0.243502
0.334108	2.108222
0.239899	0.756881
0.131020	0.125779
0.107144	0.135001
0.116562	0.139292
0.092695	0.110307
0.144306	0.256144
0.260529	0.901431
0.166356	0.365151
0.202907	0.541762
0.255155	0.711881
0.203167	0.484552
0.327045	1.563274
0.149431	0.304838
0.305457	1.171427
0.297762	0.924551
0.115391	0.192126
0.153915	0.339382
0.088763	0.185070
0.289317	1.448033
0.120801	0.220462
0.177244	0.521984
0.130200	0.121737
0.343367	2.413873
0.214178	0.540800
0.125716	0.350119
0.243958	0.515970
0.088775	0.194860
0.151187	0.253239
0.155030	0.374399
0.187443	0.371137
0.155854	0.112994
0.211737	0.624624
0.166833	0.532198
0.167381	0.293754
0.065947	0.120354
0.229383	0.542490
0.107817	0.341241
0.177494	0.426872
0.117274	0.231617
0.200779	0.710757
0.145172	0.267843
0.137575	0.190542
0.131297	0.227801
0.114099	0.227057
0.229201	1.149445
0.121878	0.183427
0.148997	0.282349
0.149770	0.175231
0.195092	0.119006
0.118833	0.153295
0.259466	1.883726
0.314231	2.130484
0.078562	0.106452
0.157127	0.305613
0.139901	0.363744
0.226167	0.851519
0.235604	0.308642
0.128751	0.378527
0.081983	0.139371
0.264915	0.614603
0.179076	0.285626
0.128420	0.265188
0.153666	0.183631
0.155213	0.134259
0.238205	0.468072
0.117071	0.166241
0.109180	0.254388
0.170308	0.307405
0.237927	0.549611
0.187225	0.275221
0.163623	0.325611
0.201293	0.268726
0.351129	1.248265
0.452385	1.836681
0.152234	0.241291
0.145616	0.380058
0.321442	1.395059
0.147073	0.226492
0.266930	1.568215
0.091476	0.160998
0.073772	0.264103
0.171619	0.312347
0.111952	0.264206
0.097577	0.185883
0.174870	0.318263
0.154006	1.156589
0.278915	2.274554
0.119058	0.122630
0.297918	0.157896
0.245737	0.436183
0.132061	0.150550
0.088300	0.149669
0.093336	0.110136
0.290676	1.068235
0.109080	0.199616
0.110638	0.203574
0.402371	3.041926
0.109622	0.117844
0.121361	0.223911
0.232723	0.690024
0.320390	0.461362
0.125659	0.204197
0.234886	0.420445
0.452761	2.560362
0.111983	0.118142
0.093745	0.154211
0.075214	0.128240
0.470418	2.587301
0.211650	0.509018
0.218306	0.731324
0.218242	0.486680
0.293955	0.731948
0.255171	0.717030
0.338621	1.962311
