Velocity(m/s)	Chord(mm)
0.359274	1.546676
0.211424	0.478876
0.158992	0.240873
0.121372	0.243958
0.173989	0.685515
0.145434	0.326500
0.249648	1.529091
0.132381	0.236300
0.185185	0.320370
0.149229	0.409633
0.211007	0.930541
0.115076	0.241659
0.105183	0.236136
0.111093	0.208855
0.094813	0.183463
0.209769	0.249625
0.272411	0.427686
0.141297	0.262106
0.328042	0.775819
0.315371	1.993146
0.203037	0.438559
0.368775	1.688989
0.103184	0.137235
0.177125	0.452554
0.304537	0.826819
0.331686	2.413018
0.245376	0.476029
0.269101	0.400960
0.143811	0.129430
0.161040	0.176338
0.101967	0.086162
0.367965	1.983334
0.211913	0.482102
0.155694	0.245997
0.365776	1.834367
0.140774	0.354047
0.213914	0.271670
0.140872	0.215535
0.370556	1.521133
0.187561	0.323543
0.187643	0.407185
0.158715	0.216646
0.133698	0.168460
0.184411	0.233280
0.266510	1.130003
0.212345	0.532987
0.206586	1.397553
0.339984	1.393932
0.120271	0.174994
0.220089	0.242098
0.180661	0.403778
0.117128	0.121227
0.196371	0.607767
0.159749	0.378605
0.108137	0.156799
0.152540	0.257030
0.352369	1.680802
0.239337	0.539705
0.157725	0.398257
0.119334	0.211220
0.218682	0.420963
0.190752	0.355752
0.200984	0.447190
0.207865	0.494718
0.149211	0.371534
0.072209	0.103259
0.181579	0.238777
0.171751	0.231864
0.264514	0.999864
0.084547	0.115406
0.191625	0.325762
0.150496	0.229506
0.255241	0.536007
0.227609	0.402869
0.309420	0.815323
0.261761	0.458081
0.208360	0.285453
0.344050	0.648535
0.145586	0.242401
0.336507	1.068411
0.156933	0.240107
0.125598	0.132506
0.158243	0.365541
0.241487	0.510746
0.113799	0.149077
0.273769	1.687783
0.409205	2.273134
0.162974	0.317799
0.093656	0.121285
0.180664	0.497730
0.170527	0.420349
0.166997	0.546914
0.128377	0.401178
0.092031	0.133445
0.095017	0.214263
0.246423	1.676906
0.261033	0.824864
0.126101	0.293815
0.084038	0.105888
0.209113	0.365947
0.218676	0.856117
0.226408	0.456212
0.213418	0.384152
0.300772	1.240684
0.110393	0.131368
0.167288	0.357996
0.125616	0.248091
0.143539	0.235405
0.105700	0.223026
0.282528	1.384386
0.106803	0.229626
0.157258	0.913671
0.181740	0.435267
0.434926	3.059705
0.124811	0.278953
0.209617	0.578543
0.231907	0.577449
0.128043	0.190784
0.201258	0.523270
0.257233	1.010926
0.120039	0.307299
0.135902	0.154249
0.152834	0.253704
0.152017	0.623268
0.298075	0.891244
0.091740	0.193571
0.248517	0.534312
0.258617	1.811615
0.080768	0.136094
0.251633	0.647955
0.213384	0.682830
0.117032	0.159163
0.140843	0.210561
0.082562	0.134988
0.165293	0.323974
0.144978	0.270384
0.127905	0.190579
0.291466	1.798346
0.228508	0.603262
0.187786	0.310786
0.202344	0.428970
0.088083	0.328990
0.186695	0.449001
0.150402	0.396310
0.218810	0.432150
0.159971	0.379932
0.155841	0.321032
0.207943	0.562486
0.162738	0.322222
0.127510	0.163212
0.191576	0.352499
0.191009	0.341907
0.148084	0.222126
0.249248	0.892308
0.216944	0.658425
0.162825	0.183178
0.202152	0.495273
0.279589	0.580147
0.199128	0.202115
0.202003	0.360575
0.254954	0.605516
0.284590	1.765883
0.078292	0.245053
0.344213	2.216729
0.153669	0.300423
0.206687	0.721338
0.127326	0.360331
0.125632	0.222996
0.070184	0.160721
0.231558	1.608168
0.227522	0.582457
0.231583	0.239689
0.357948	1.106061
0.088990	0.196224
0.335872	0.481976
0.090814	0.205694
0.198360	0.355065
0.195439	0.766122
0.205634	0.526422
0.105409	0.175506
0.165257	0.274327
0.111911	0.142687
0.102277	0.220919
0.147199	0.276734
0.089598	0.130366
0.299424	1.703725
0.125530	0.279305
0.176959	0.522028
0.229994	0.990126
0.190757	0.501690
0.139576	0.156325
0.346178	1.872824
0.123358	0.137544
0.155399	0.285934
0.266574	0.585130
0.209636	0.732678
0.174896	0.297324
0.289297	1.298942
0.179329	0.345209
0.253385	0.473829
0.181217	0.439452
0.136585	0.208293
0.138526	0.136448
0.145299	0.213589
0.137372	0.287793
0.144070	0.160638
0.197627	0.408099
0.284798	1.109289
0.095644	0.112860
0.143499	0.340092
0.167785	0.832215
0.096667	0.179801
0.084969	0.158468
0.206624	0.419448
0.359137	1.630482
0.132379	0.311091
0.099329	0.260739
0.117306	0.223468
0.362013	2.126826
0.123299	0.129464
0.198326	0.521598
0.236163	2.138457
0.318681	2.418791
0.091741	0.238069
0.194822	0.711101
0.212252	0.988033
0.111596	0.117734
0.113417	0.271068
0.138218	0.358675
0.232911	0.376152
0.213498	0.641562
0.138882	0.291653
0.080868	0.149606
0.199154	0.819517
0.096030	0.137803
0.137858	0.172323
0.145399	0.194108
0.089524	0.146819
0.287952	2.430311
0.110060	0.327977
0.097719	0.113842
0.152481	0.267604
0.181052	0.617387
0.073118	0.153183
0.101724	0.332130
0.139181	0.457211
0.090980	0.261568
0.111327	0.320620
0.065494	0.171595
0.107956	0.157616
0.133721	0.224651
0.237080	0.563065
0.215782	0.387328
0.258417	2.960169
0.141800	0.818185
0.306792	1.945060
0.117848	0.709448
0.055189	0.216341
0.235392	1.212269
0.100997	0.218153
0.183408	0.309959
0.255846	0.768816
0.240989	1.020589
0.091751	0.177538
0.158818	0.351782
0.324642	1.491729
0.371180	2.444223
0.186179	0.350017
0.137902	0.327516
0.117761	0.586447
0.117621	0.164082
0.205482	0.468500
0.190206	0.647652
0.124510	0.186143
0.227435	0.951817
0.219205	0.446082
0.302227	2.263680
0.165149	0.398835
0.320801	1.766011
0.117670	0.225926
0.087361	0.191756
0.236976	2.205057
0.165587	0.536500
0.082406	0.096003
0.189264	0.473160
0.090538	0.133091
0.148277	0.236502
0.129737	0.232877
0.176754	0.283690
0.123382	0.297967
0.227391	1.001656
0.193139	0.477052
0.123376	0.126460
0.178775	0.473754
0.226130	0.270225
0.246304	1.230289
0.157818	0.310112
0.240793	1.064303
0.219774	0.358232
0.100878	0.134168
0.108855	0.232949
0.292779	0.818317
0.247095	0.746226
0.235632	0.516033
0.225516	1.492919
0.109605	0.141391
0.244848	1.202202
0.261813	0.301085
0.437510	2.003798
0.297334	0.438568
0.257615	1.261024
0.151458	0.192351
0.041018	0.098648
0.255364	0.873344
0.227397	0.305850
0.297919	0.959299
0.201606	0.283256
0.202801	0.325495
0.125288	0.139696
0.199618	0.436165
0.152834	0.270516
0.346677	1.164834
0.122150	0.166124
0.410502	1.693320
0.277588	0.850806
0.252701	0.512983
0.135961	0.152956
0.240395	0.895473
0.269027	0.972534
0.199842	0.300761
0.227288	0.592086
0.148477	0.193763
0.373047	2.152483
0.153831	0.376116
0.202507	0.575120
0.231576	1.087250
0.293998	1.412660
0.158538	0.429638
0.054022	0.109394
0.369572	0.476747
0.227958	0.290647
0.270653	1.523778
0.241192	1.285554
0.126539	0.229668
0.099645	0.181354
0.199585	0.753435
0.077222	0.134753
0.152011	0.213575
0.140574	0.221404
0.110762	0.171680
0.420874	2.138039
0.296833	1.156163
0.093266	0.244356
0.222644	0.492044
0.226784	0.492121
0.095990	0.163182
0.215505	0.342653
0.311943	0.913993
0.168830	0.189934
0.183029	0.355991
0.101729	0.136825
0.224129	0.590579
0.115628	0.140488
0.133446	0.173480
0.251526	0.450231
0.143099	0.248276
0.213376	1.322934
0.109699	0.167840
0.291447	1.930837
0.281537	1.178231
0.109989	0.133636
0.097029	0.159613
0.121348	0.219034
0.175286	0.580197
0.182086	0.395128
0.220641	0.826302
0.044578	0.137301
0.109413	0.147707
0.194729	0.492664
0.171847	0.341975
0.101364	0.883392
0.264285	0.958033
0.099567	0.224524
0.295433	2.025193
0.139071	0.423472
0.145489	0.415372
0.131219	0.442210
0.167271	0.342906
0.214855	0.639192
0.079424	0.117150
0.118983	0.240345
0.169212	0.811372
0.156576	0.283402
0.139825	0.325792
0.308466	0.724896
0.103228	0.119744
0.139236	0.254803
0.182818	0.580448
0.092282	0.177644
0.118722	0.213107
0.327349	1.265203
0.114778	0.242756
0.104548	0.195505
0.196605	0.456124
0.202101	0.453717
0.172098	0.304613
0.232196	0.284440
0.283254	1.657034
0.114610	0.213748
0.172924	0.522230
0.235064	0.731048
0.150844	0.237580
0.190300	0.648922
0.189061	0.235380
0.117186	0.161717
0.151629	0.260044
0.341304	1.180913
0.116365	0.139056
0.282025	0.486494
0.123891	0.302293
0.231050	0.268018
0.255936	0.968717
0.189851	0.252502
0.160610	0.167035
0.130591	0.208293
0.331595	1.077685
0.210559	0.669577
0.230974	0.766835
0.118329	0.285765
0.198015	0.855424
0.123930	0.329033
0.142644	0.251766
0.343232	2.296221
0.192585	0.422725
0.215826	0.878412
0.067011	0.144074
0.133832	0.209447
0.356226	1.939650
0.157988	0.210123
0.113858	0.101903
0.106378	0.167546
0.122102	0.261298
0.066716	0.128428
0.290824	0.546749
0.416556	2.278561
0.260863	1.608218
0.201750	0.355079
0.155596	0.277739
0.093446	0.248567
0.060520	0.257815
0.199361	0.834324
0.234769	1.446179
0.105818	0.194175
0.133382	0.314114
0.224085	0.650968
0.169428	0.601471
0.050346	0.125864
0.117698	0.199499
0.213296	0.685747
0.122249	0.168703
0.298465	0.850625
0.167766	0.216418
0.229748	0.498554
0.125604	0.205362
0.298164	1.613068
0.116528	0.185279
0.153422	0.198681
0.141372	0.138545
0.125469	0.161228
0.119466	0.197716
0.177914	0.668957
0.101638	0.147375
0.114472	0.173426
0.200968	0.491368
0.190247	0.510812
0.239704	1.187731
0.209657	2.420489
0.128285	0.236045
0.221290	0.743533
0.168179	0.226201
0.092913	0.155165
0.081398	0.249891
0.156271	0.276600
0.175873	0.191702
0.239940	0.736617
0.189162	0.862580
0.106598	0.148171
0.167504	0.175879
0.198147	0.402238
0.218540	0.319069
0.215732	0.882343
0.182084	0.484342
0.243654	0.923449
0.137262	0.149615
0.227943	0.773865
0.164850	0.425313
0.105276	0.180022
0.354853	1.765393
0.218627	1.252730
0.089417	0.158268
0.197575	0.542342
0.228169	0.487141
0.137311	0.147609
0.126542	0.313823
0.128324	0.225851
0.124405	0.369484
0.336530	1.398284
0.245746	1.555571
0.139221	0.266609
0.086323	0.097976
0.334479	2.363091
0.159472	0.394693
0.338567	2.684836
0.150406	0.491828
0.160537	0.642148
0.092308	0.122770
0.046971	0.108032
0.212550	0.364523
0.356257	1.396528
0.163329	0.232743
0.221804	0.554509
0.197210	0.546272
0.100300	0.245234
0.128942	0.123140
0.352277	0.739781
0.272778	1.515281
0.103577	0.124292
0.169397	0.295599
0.216523	0.723187
0.093615	0.184422
0.258832	0.603078
0.134640	0.345352
0.178493	0.340922
0.103477	0.211610
0.153194	0.323239
0.089987	0.168276
0.244896	1.098361
0.176890	0.444878
0.117361	0.231201
0.186935	0.512203
0.072154	0.172809
0.238096	0.486906
0.183662	0.731893
0.114069	0.174526
0.243254	0.325961
0.313506	1.062785
0.161833	0.133512
0.298998	1.707278
0.334329	0.932778
0.150758	0.209554
0.205324	0.351105
0.184615	0.326768
0.119399	0.139100
0.280947	0.396135
0.367878	1.887217
0.224845	0.499157
0.305983	0.806266
0.219570	0.490739
0.323382	1.050991
0.269556	0.876059
0.138414	0.222155
0.164252	0.172465
0.133597	0.191712
0.102045	0.133679
0.104330	0.102765
0.126881	0.252494
0.177420	0.304276
0.158530	0.249684
0.098423	0.194877
0.184392	0.203753
0.252714	1.448049
0.160002	0.607208
0.087229	0.116450
0.143645	0.298064
0.245515	0.902267
0.187888	0.273377
0.150144	0.296535
0.341876	1.059815
0.231336	0.656994
0.205530	0.243553
0.137462	0.136775
0.257647	0.403217
0.145497	0.188418
0.290873	2.101557
0.150070	0.417944
0.213746	0.537571
0.251116	1.091101
0.252209	1.116024
0.242999	1.091065
0.182627	0.557925
0.108658	0.180373
0.135917	0.241931
0.081965	0.115981
0.166968	0.479197
0.093435	0.213031
0.092186	0.141505
0.085552	0.256655
0.094381	0.209525
0.062718	0.111638
0.056018	0.144246
0.364885	3.090575
0.193785	0.592984
0.083534	0.121542
0.096841	0.182545
0.100282	0.231150
0.069285	0.241457
0.327754	0.927545
0.112858	0.180009
0.157990	0.802588
0.148275	0.379584
0.141400	0.330877
0.128098	0.254914
0.166814	0.249387
0.189932	0.233616
0.261865	0.796071
0.181199	0.876097
0.211430	0.993721
0.092660	0.387780
0.134732	0.237802
0.340203	1.547925
0.099234	0.111142
0.285222	1.163706
0.115759	0.229202
0.086264	0.122064
0.199188	0.427258
0.290066	0.672952
0.172340	0.416200
0.110526	0.296761
0.189899	0.501334
0.101383	0.298573
0.138407	0.425600
0.226757	1.793651
0.130204	0.648416
0.198737	1.698211
0.110862	0.247222
0.101890	0.248103
0.076654	0.142959
0.312293	0.936878
0.259207	1.877956
0.191561	0.167616
0.145435	0.307596
0.129858	0.353864
0.231338	0.573719
0.319642	1.256191
0.357973	0.622873
0.280095	1.366864
0.221846	0.382685
0.130112	0.233551
0.231152	1.191587
0.179350	0.313863
0.333784	2.414928
0.233152	0.508270
0.151077	0.430570
0.112747	0.206891
0.178901	0.412366
0.200307	1.155774
0.145344	0.295776
0.156046	0.320675
0.124734	0.476483
0.123410	0.291248
0.060417	0.140772
0.073921	0.125296
0.086483	0.118481
0.260844	1.261181
0.258346	1.405401
0.117573	0.158135
0.346489	1.160738
0.124684	0.389636
0.104722	0.215728
0.086978	0.173955
0.330083	1.774197
0.233284	0.501561
0.215965	0.597142
0.308815	2.641908
0.105942	0.176393
0.129488	0.123014
0.173256	0.416680
0.419885	1.748822
0.143774	0.317022
0.124045	0.138310
0.133241	0.310453
0.114481	0.254721
0.174489	0.391727
0.172375	0.611071
0.159678	0.343309
0.145911	0.399796
0.127141	0.211055
0.098914	0.145403
0.158844	0.802164
0.247882	0.920881
0.166832	0.498828
0.156053	0.280116
0.151656	0.410987
0.080434	0.180573
0.239074	3.164141
0.179428	0.397432
0.081906	0.178966
0.169905	0.553040
0.330510	1.796323
0.071672	0.130801
0.154415	0.281036
0.346104	2.729029
0.351505	1.527289
0.065436	0.111895
0.077120	0.156940
0.144465	0.313490
0.137032	0.785881
0.202721	0.821020
0.220041	1.055096
0.183059	0.440257
0.216630	0.550240
0.307054	1.490748
0.116785	0.212549
0.105983	0.166394
0.090531	0.174725
0.384161	1.603871
0.234201	0.700260
0.268262	1.931489
0.204371	0.642747
0.121931	0.268248
0.146901	0.216678
0.097382	0.197198
0.207872	0.339871
0.145496	0.182597
0.113465	0.158851
0.190357	0.394992
0.300731	1.100675
0.224120	0.937942
0.283393	0.838842
0.225545	1.038634
0.083991	0.092810
0.122360	0.345056
0.162437	0.200609
0.304122	3.673793
0.171721	0.395817
0.220409	0.569757
0.137613	0.327518
0.170006	0.555069
0.176289	0.508594
0.073216	0.134717
0.164914	0.465883
0.168181	0.533132
0.131283	0.271100
0.215054	0.673118
0.132357	0.291185
0.088995	0.247850
0.405056	2.875894
0.091543	0.226111
0.173045	0.643728
0.130833	0.160271
0.113039	0.222123
0.134367	0.354056
0.086838	0.191479
0.425915	2.483087
0.084159	0.162006
0.168012	0.460354
0.184765	0.412949
0.138783	0.157518
0.378832	1.954775
0.161211	0.785096
0.271014	0.384840
0.200235	0.243285
0.150159	0.424199
0.132541	0.174954
0.078406	0.136818
0.224029	0.287877
0.099376	0.116270
0.185604	0.475147
0.215938	0.468587
0.151215	0.477839
0.113010	0.267834
0.130588	0.404170
0.112370	0.198334
0.165648	0.366910
0.111018	0.185954
0.279426	1.444632
0.140086	0.396445
0.143326	0.396296
0.129514	0.310186
0.121866	0.283948
0.102757	0.183935
0.154503	0.345314
0.119898	0.131288
0.174712	0.411447
0.188524	0.673975
0.094778	0.108521
0.104874	0.356049
0.280792	0.944864
0.130119	0.285612
0.234989	1.874036
0.271350	1.605038
0.260605	0.853481
0.071233	0.196602
0.178618	0.349199
0.286410	1.621080
0.252036	0.642692
0.183317	0.553616
0.201606	0.496959
0.088373	0.272188
0.138713	0.203214
0.182624	0.406338
0.484200	2.304791
0.128860	0.490958
0.132590	0.350039
0.121079	0.266980
0.290489	1.864942
0.308477	0.601531
0.245975	0.623545
0.181094	0.533323
0.402967	1.891929
0.108062	0.276638
0.163864	2.025357
0.105953	0.124495
0.198157	1.106706
0.117778	0.138979
0.074235	0.158120
0.156769	0.244560
0.087420	0.324763
0.106409	0.206434
0.132576	0.464679
0.098556	0.347901
0.106852	0.204621
0.085385	0.170771
0.249416	0.884180
0.287473	2.216420
0.393028	2.016233
0.134616	0.519618
0.235609	0.614940
0.203577	0.827539
0.146009	0.483291
0.081293	0.141856
0.185107	0.347075
0.243754	2.387571
0.182179	0.609390
0.275645	0.558181
0.127753	0.173744
0.166929	0.636835
0.058208	0.120781
0.219678	0.706266
0.226057	2.303520
0.151267	0.676921
0.176829	0.487165
0.127727	0.297605
0.096007	0.156011
0.131749	0.700906
0.054735	0.102901
0.267679	0.492529
0.122262	0.334999
0.164760	0.472037
0.096744	0.267012
0.075468	0.130181
0.122766	0.309371
0.314429	2.754396
0.201503	0.444313
0.198464	0.143886
0.183056	0.630629
0.117294	0.267430
0.120246	0.533892
0.200429	0.510091
0.084906	0.179576
0.113311	0.314438
0.112709	0.322911
0.189958	0.424557
0.057914	0.091215
0.164480	0.409554
0.225931	0.385213
0.310570	1.689502
0.238360	0.670984
0.186018	0.215781
0.161796	0.186875
0.314928	1.481737
0.179472	0.266516
0.359302	1.121021
0.371420	1.818100
0.351871	0.837452
0.152219	0.199407
0.169721	0.292769
0.136583	0.146144
0.208843	0.240170
0.311903	0.397676
0.317620	0.976681
0.211382	0.642601
0.148391	0.160262
0.132695	0.149282
0.352658	1.854979
0.248206	0.713591
0.248520	1.296031
0.640573	2.674390
0.157968	0.378334
0.149449	0.184569
0.182774	0.392963
0.312782	1.191699
0.316493	1.137793
0.158661	0.314148
0.224408	0.336612
0.257710	0.385276
0.308968	2.240017
0.198459	0.288757
0.196944	0.571138
0.089243	0.131634
0.120788	0.175143
0.164304	0.253849
0.266559	0.701049
0.152773	0.359017
0.240291	1.424926
0.132170	0.135475
0.123910	0.187105
0.205628	0.670348
0.137930	0.146206
0.335096	2.080949
0.262022	2.364751
0.112413	0.120844
0.262486	0.627342
0.138255	0.309000
0.340475	3.743523
0.144846	0.509134
0.206411	0.680125
0.261633	0.811063
0.137825	0.177794
0.116397	0.118725
0.222280	0.634609
0.105098	0.169734
0.172911	0.248992
0.070834	0.283690
0.327148	2.355466
0.249663	1.096019
0.177545	0.449189
0.147374	0.341907
0.128829	1.207770
0.065154	0.153764
0.174430	0.933198
0.101355	0.140884
0.165871	0.494295
0.093431	0.148088
0.347725	0.398145
0.271538	0.788818
0.148240	0.346882
0.073177	0.169770
0.111696	0.151349
0.093883	0.205135
0.091518	0.200425
0.199718	0.287593
0.365931	2.014448
0.133756	0.139106
0.134415	0.341414
0.147328	0.475132
0.199212	0.574726
0.239733	1.113558
0.134037	0.371284
0.114807	0.193450
0.079436	0.146560
0.115867	0.123398
0.275292	1.991741
0.332304	1.435555
0.161764	0.756246
0.173088	0.568594
0.203293	0.328318
0.184533	0.475172
0.141758	0.226104
0.175975	0.539363
0.108333	0.111583
0.163781	0.309545
0.261300	0.259993
0.196957	0.616477
0.203470	0.409991
0.105242	0.137867
0.169166	1.532648
0.186699	0.181098
0.240132	0.444245
0.147009	0.407951
0.297195	1.603368
0.206617	0.363646
0.131900	0.118050
0.211629	0.465583
0.149221	0.204433
0.187921	0.420004
0.338065	1.049691
0.174729	0.317133
0.203453	0.841280
0.202390	0.929983
0.257513	0.621894
0.217840	0.874629
0.173946	0.283531
0.139703	0.238892
0.236627	0.556073
0.152995	0.314405
0.213418	0.216619
0.163441	0.241893
0.198474	0.407864
0.136524	0.235505
0.166581	0.295680
0.383034	1.884525
0.194641	0.249140
0.118395	0.189431
0.087422	0.126325
0.093279	0.176297
0.515305	2.890860
0.195984	0.529157
0.130311	0.274957
0.325874	1.746686
0.326086	1.475541
0.116585	0.487909
0.281779	0.931281
0.187270	0.253751
0.340167	1.272226
0.156807	0.248538
0.345550	1.644819
0.100680	0.163101
0.107694	0.226696
0.203956	0.633284
0.138667	0.375095
0.110856	0.160187
0.181994	0.655177
0.132213	0.168571
0.250339	0.960048
0.092381	0.153814
0.116177	0.132441
0.149623	0.258848
0.304835	0.551752
0.178254	0.272729
0.119620	0.348093
0.137749	0.181829
0.190295	0.606089
0.077826	0.191841
0.371256	3.131548
0.152333	0.393019
0.185650	0.401005
0.152755	0.213093
0.298942	3.092556
0.209809	0.516129
0.136300	0.190138
0.305097	0.509513
0.196457	0.832978
0.112831	0.199146
0.118863	0.137287
0.168743	0.323143
0.216654	0.371562
0.173401	0.458645
0.228867	0.592765
0.113812	0.174132
0.258177	0.660932
0.221051	0.538260
0.126259	0.951989
0.178237	0.524907
0.244196	0.597059
0.135719	0.287725
0.247831	0.722429
0.093784	0.141613
0.174762	0.429914
0.207811	0.660838
0.080831	0.096593
0.141316	0.175232
0.159642	0.308908
0.333745	0.692521
0.180148	0.589985
0.171854	0.354020
0.271352	0.827625
0.117973	0.132719
0.172708	0.398955
0.173856	0.377267
0.148336	0.161686
0.193338	0.186571
0.131858	0.202402
0.196870	0.512847
0.207538	0.473186
0.090177	0.192078
0.178873	0.238795
0.228768	0.786960
0.234087	0.653102
0.250700	0.863661
0.149507	0.266869
0.125518	0.254802
0.220698	0.435879
0.078264	0.409323
0.157642	0.390952
0.118004	0.123905
0.202071	0.441526
0.063023	0.113756
0.037662	0.225033
0.207621	1.673426
0.106662	0.270388
0.269705	4.435299
0.318989	0.556636
0.276683	0.603169
0.458194	0.726237
0.350913	0.840436
0.185002	0.345954
0.154655	0.337149
0.237159	0.505148
0.225210	0.671126
0.247389	1.394035
0.366240	1.076746
0.269805	1.134530
0.101562	0.121367
0.137189	0.324452
0.127251	0.380480
0.133336	0.246006
0.137143	0.453256
0.260481	0.674645
0.178589	1.906441
0.085429	0.152919
0.245643	0.587086
0.194154	0.275698
0.093847	0.123878
0.313476	1.454530
0.194766	0.152892
0.133196	0.180481
0.123257	0.226177
0.259496	0.748647
0.129333	0.395112
0.321053	0.961554
0.266137	0.594817
0.181645	0.256119
0.129329	0.211453
0.098481	0.185144
0.135908	0.214734
0.105557	0.122974
0.165706	0.198019
0.115443	0.132182
0.307489	0.455084
0.230575	0.529170
0.158179	0.284723
0.210328	0.621519
0.295200	0.609588
0.113214	0.161330
0.452564	1.493460
0.237767	0.834563
0.283903	1.491911
0.212723	0.612642
0.126419	0.175723
0.277108	0.538974
0.282531	0.350339
0.120346	0.229861
0.426331	2.152972
0.198611	0.967238
0.284141	1.329780
0.265769	1.120217
0.134082	0.288277
0.225129	0.448007
0.272917	1.095762
0.337511	0.843778
0.280648	1.178723
0.183610	0.379154
0.196911	0.371176
0.131567	0.319050
0.078114	0.119906
0.206903	0.510015
0.164091	0.593189
0.186211	0.472044
0.123824	0.315751
0.132025	0.166352
0.078345	0.153164
0.177232	0.538785
0.110279	0.221660
0.118070	0.289271
0.154151	0.262056
0.184453	0.360606
0.169094	1.001035
0.160855	0.501064
0.095350	0.237421
0.139025	0.563053
0.067649	0.102826
0.151250	0.445432
0.165176	0.243635
0.119703	0.327388
0.217192	1.244509
0.072514	0.131613
0.198397	0.790614
0.062924	0.133714
0.091006	0.207040
0.137533	0.323202
0.156793	0.340240
0.146135	0.136636
0.330961	1.318879
0.113864	0.167381
0.240211	0.846745
0.131033	0.327582
0.408360	3.072910
0.243656	1.053811
0.161225	0.877066
0.077588	0.083795
0.213659	1.380240
0.392976	2.076878
0.094567	0.143268
0.331351	1.358541
0.094886	0.171268
0.075184	0.160517
0.133004	0.206156
0.185927	0.499215
0.135120	0.205383
0.120091	0.194547
0.444565	3.007479
0.349887	2.305756
0.126797	0.311286
0.141685	0.255032
0.157684	0.554258
0.150173	0.744105
0.135487	0.292652
0.239679	0.594403
0.190605	0.395504
0.125221	0.195971
0.080305	0.197952
0.139130	0.157912
0.190973	0.398179
0.166177	0.413781
0.378096	1.313885
0.203736	0.366724
0.177544	0.468716
0.092893	0.132837
0.152899	0.190359
0.185400	0.411587
0.359964	1.434456
0.134438	0.193591
0.105696	0.178626
0.150802	0.291802
0.176201	0.446669
0.186393	0.450140
0.256964	0.831279
0.546346	2.264606
0.453905	3.424714
0.290973	0.845277
0.247955	1.046372
0.200791	0.443748
0.146213	0.127205
0.255335	0.947294
0.245266	0.456195
0.240840	0.663514
0.145741	0.454713
0.084604	0.094333
0.399481	3.463503
0.155203	0.209524
0.099605	0.230089
0.170714	0.278263
0.321962	1.051207
0.415580	2.185951
0.146424	0.200601
0.102592	0.159018
0.105340	0.163277
0.305671	1.299103
0.184036	0.255811
0.248015	1.044143
0.098226	0.170422
0.166350	0.468275
0.176008	0.714594
0.217769	0.414850
0.257419	0.431177
0.148722	0.303392
0.166549	0.492154
0.161345	0.434019
0.133837	0.331916
0.093329	0.122728
0.207408	0.331852
0.248455	0.638530
0.214447	0.565069
0.113912	0.225546
0.355314	2.913573
0.293833	0.910881
0.295523	1.060926
0.521675	2.086702
0.191216	0.296384
0.265399	2.136458
0.237679	0.559734
0.227909	0.766914
0.127028	0.148623
0.127325	0.249557
0.134108	0.511622
0.131770	0.569244
0.103835	0.231552
0.057216	0.127878
0.095914	0.135239
0.061229	0.124296
0.108604	0.154760
0.210913	0.360661
0.375420	2.575383
0.122094	0.272879
0.150026	0.149276
0.211149	0.332560
0.097430	0.419437
0.167640	0.225475
0.205353	0.992883
0.199590	0.338306
0.079293	0.157792
0.202712	0.921327
0.091795	0.397015
0.273783	0.851465
0.305446	1.653992
0.185655	0.152237
0.249586	0.950921
0.183655	0.574839
0.152268	0.204800
0.147980	0.333695
0.260085	0.537076
0.141970	0.161136
0.181086	0.311468
0.283534	1.322685
0.369677	2.201426
0.212155	0.474166
0.287678	1.080231
0.112078	0.152987
0.183560	0.457065
0.135417	0.217344
0.143003	0.248111
0.074644	0.246324
0.068249	0.127625
0.081237	0.208373
0.090159	0.210070
0.096323	0.128591
0.111781	0.199530
0.094398	0.149621
0.209390	0.567447
0.111852	0.177285
0.358585	1.403859
0.269261	0.749892
0.190456	0.373293
0.173781	0.427502
0.204781	0.371677
0.238910	0.651028
0.250996	1.024064
0.287293	0.698122
0.203322	0.297866
0.084309	0.118876
0.184658	0.459797
0.103399	0.201629
0.102585	0.117973
0.141305	0.171685
0.284092	0.730115
0.229294	0.267128
0.323624	1.242715
0.194359	0.336240
0.067552	0.083427
0.160704	0.314176
0.152291	0.228436
0.223757	0.680221
0.162885	0.211750
0.201492	0.363693
0.175035	0.511102
0.086295	0.140661
0.105862	0.188434
0.150423	0.608460
0.161944	0.445347
0.118175	0.154809
0.419244	1.989313
0.177149	0.305582
0.081188	0.125842
0.143196	0.356557
0.160062	0.225687
0.245988	1.280365
0.132063	0.519007
0.117017	0.441741
0.249250	2.083726
0.082582	0.143693
0.126927	0.154216
0.196156	1.096514
0.286288	1.730610
0.217041	0.773753
0.093918	0.127259
0.126225	0.121807
0.236397	2.242223
0.169935	0.444379
0.274045	0.929013
0.188897	0.212510
0.157712	0.283881
0.271316	0.322867
0.414982	1.496011
0.222625	0.946157
0.226973	0.938532
0.219246	0.643488
0.223914	0.772505
0.178930	0.335493
0.278101	0.928857
0.301395	2.139907
0.236293	0.926269
0.106607	0.151382
0.160621	0.308393
0.189944	0.869945
0.159917	0.242275
0.107593	0.186674
0.076192	0.116193
0.189213	0.516552
0.128129	1.773310
0.083889	0.154355
0.112706	0.279511
0.272941	1.255531
0.133247	0.141908
0.208345	0.530237
0.159259	0.929274
0.127769	0.251066
0.063869	0.131250
0.214539	0.904281
0.083619	0.160967
0.287273	2.474860
0.208877	0.226632
0.143447	0.306977
0.125950	0.497503
0.098451	0.249574
0.155796	0.379362
0.092574	0.171725
0.174449	0.821656
0.084571	0.166182
0.107989	0.757542
0.264100	0.973208
0.235587	1.364050
0.083946	0.116685
0.260452	1.159010
0.041317	0.088417
0.210349	0.229280
0.240345	1.599494
0.149667	0.319539
0.099340	0.286100
0.191168	0.360352
0.274503	1.316242
0.197978	0.622639
0.253383	0.511833
0.132283	0.226866
0.149643	0.314250
0.109269	0.174830
0.177751	0.482593
0.143528	0.283468
0.519811	0.613377
0.210010	0.481973
0.115432	0.302432
0.281428	1.312863
0.098992	0.244015
0.228686	0.915889
0.094796	0.137454
0.106282	0.266767
0.411517	1.788040
0.134250	0.281254
0.091605	0.117712
0.121384	0.135343
0.163974	0.623101
0.179707	0.416920
0.202274	0.568389
0.113750	0.117163
0.317315	2.148222
0.081106	0.109088
0.313775	0.977408
0.388020	1.422094
0.183279	0.354645
0.296527	0.601950
0.210572	0.621188
0.222506	0.398285
0.335550	1.533462
0.122482	0.218019
0.398058	1.606166
0.209985	0.520763
0.119042	0.132732
0.254538	0.633800
0.169363	0.567366
0.107486	0.271401
0.132325	0.148866
0.210677	0.444529
0.277208	1.097745
0.163168	0.540901
0.210949	0.878604
0.138688	0.547817
0.103100	0.165990
0.063949	0.141646
0.345657	3.330408
0.269829	2.319177
0.188017	0.386375
0.194699	0.355327
0.175133	0.170754
0.117623	0.185256
0.088544	0.106253
0.118167	0.394088
0.108209	0.142836
0.145013	0.150088
0.459488	1.796597
0.104266	0.118864
0.103387	0.162318
0.133032	0.258082
0.127646	0.344645
0.273306	0.412693
0.223841	0.451040
0.330880	2.208623
0.180515	0.573136
0.060645	0.144639
0.162966	0.267264
0.268900	0.574101
0.219137	0.891886
0.161189	0.244202
0.122474	0.202082
0.401800	1.303843
0.241699	0.381885
0.212760	0.547857
0.330918	1.163175
0.153080	0.217373
0.145009	0.330621
0.165018	0.230200
0.105857	0.235003
0.373394	1.633600
0.132420	0.130434
0.071196	0.123525
0.139640	0.376331
0.228826	0.483967
0.112042	0.174225
0.180072	0.404263
0.097009	0.129507
0.169006	0.184217
0.106726	0.109394
0.117219	0.130699
0.141479	0.206559
0.186015	1.237931
0.079603	0.369357
0.256698	1.071714
0.099579	0.087630
0.139792	0.290068
0.318196	1.618025
0.244607	0.437846
0.296971	0.993369
0.303739	1.501991
0.083139	0.162537
0.140995	0.320763
0.238464	1.100509
0.079097	0.123392
0.132163	0.292080
0.086287	0.148845
0.128247	0.293044
0.070260	0.091690
0.102020	0.114262
0.266529	0.679648
0.132967	0.204768
0.114239	0.125663
0.163168	0.403840
0.086475	0.150467
0.310478	1.019919
0.154700	0.293929
0.149670	0.354717
0.098816	0.151189
0.143905	0.240321
0.061586	0.145650
0.166352	0.336032
0.089949	0.171802
0.298944	1.113565
0.113733	0.300825
0.109997	0.125947
0.222574	0.741171
0.288799	1.540741
0.077048	0.152555
0.152850	0.631270
0.084863	0.133659
0.085567	0.110809
0.092617	0.150965
0.118001	0.175822
0.287481	1.042118
0.072709	0.127968
0.155539	0.240307
0.123672	0.231267
0.316954	0.795554
0.181287	0.579211
0.169083	0.415098
0.131183	0.340420
0.266351	1.074726
0.147274	0.312220
0.154082	0.204929
0.359134	2.257159
0.250029	0.216275
0.553001	0.558531
0.239314	0.301536
0.505825	2.650521
0.427199	0.655751
0.446962	2.811390
0.393335	0.277301
0.213547	0.190057
0.298158	0.855713
0.383677	0.571678
0.245229	0.359261
0.121091	0.094451
0.286772	0.665311
0.176147	0.166459
0.245561	0.349925
0.284427	1.139132
0.159429	0.231970
0.141257	0.154676
0.181256	0.297259
0.140177	0.431044
0.104190	0.299546
0.084023	0.175187
0.118372	0.170456
0.196599	0.765751
0.085393	0.151573
0.135654	0.242143
0.131124	0.312730
0.095940	0.149186
0.099898	0.168828
0.186130	3.146529
0.182341	0.330038
0.184672	0.320406
0.101941	0.242111
0.127159	0.186923
0.134096	0.191757
0.290004	1.174516
0.154645	0.594610
0.190169	0.376534
0.239918	1.194790
0.181815	1.080892
0.128709	0.264498
0.203990	0.632369
0.185018	0.515276
0.175134	0.304733
0.382035	1.971301
0.133330	1.345961
0.095910	0.213879
0.180347	0.684416
0.149016	0.505909
0.109461	0.146131
0.485339	2.764008
0.192223	0.950544
0.219751	0.386762
0.117797	0.214980
0.259768	1.628745
0.184828	0.367808
0.108935	0.147606
0.195398	0.455277
0.267929	1.579442
0.168576	0.515001
0.446384	2.455111
0.199933	0.382871
0.125257	0.219826
0.373988	2.204662
0.147209	0.245839
0.094330	0.191962
0.097599	0.130295
0.119314	0.135421
0.187242	0.571087
0.209468	0.713237
0.122386	0.186027
0.095208	0.285624
0.061915	0.102469
0.114759	0.122218
0.085399	0.094793
0.103082	0.135553
0.112382	0.171383
0.248414	0.740275
0.158267	0.195459
0.228108	0.753898
0.157442	0.219631
0.393474	2.659883
0.242922	0.773705
0.125239	0.294311
0.225591	0.594432
0.262191	2.281065
0.182628	0.305902
0.172254	0.478004
0.149391	0.638647
0.292580	0.800207
0.277651	0.849611
0.125931	0.256899
0.226068	1.019567
0.258946	0.451862
0.192004	0.201604
0.237570	1.533512
0.183302	0.153974
0.234067	0.827427
0.162624	0.327688
0.248467	0.518053
0.101874	0.133455
0.255602	0.595553
0.278001	1.238495
0.083949	0.093604
0.167306	0.307007
0.225387	0.341462
0.190396	0.351281
0.253605	0.768424
0.202902	0.292179
0.177476	0.310583
0.173204	0.472847
0.480330	1.200826
0.298912	0.984915
0.142885	0.231474
0.188837	0.320079
0.090922	0.137747
0.202749	0.430842
0.077474	0.135579
0.099223	0.155284
0.162092	0.248000
0.137125	0.550556
0.142202	0.299336
0.154043	0.158665
0.129040	0.152913
0.374151	1.470412
0.508600	2.982940
0.226319	0.733275
0.160229	0.330071
0.104066	0.165465
0.196170	0.581643
0.158309	0.351446
0.159636	0.265793
0.111041	0.134915
0.410096	1.587072
0.336629	2.292447
0.249484	1.211244
0.170768	0.304821
0.100771	0.109337
0.088374	0.137863
0.203220	0.314991
0.101264	0.306830
0.331170	1.968807
0.221304	0.559900
0.141222	0.226662
0.196991	0.299426
0.277648	0.623321
0.169281	0.242072
0.156599	0.388366
0.360058	1.947913
0.128148	0.239636
0.137259	0.220300
0.187786	0.707014
0.217591	0.382960
0.156923	0.187523
0.336342	2.541064
0.247666	0.746713
0.104658	0.132916
0.236364	1.606090
0.238212	0.446647
0.115156	0.169855
0.133699	0.342270
0.334872	2.551721
0.125947	0.261339
0.208436	0.856673
0.149197	0.219320
0.195339	0.393608
0.212825	1.083277
0.119373	0.291270
0.129657	0.263205
0.164396	0.415099
0.267556	0.486951
0.428421	2.077843
0.149404	0.233070
0.169010	0.316894
0.149141	0.189410
0.129808	0.205097
0.166820	0.869967
0.261795	0.730407
0.174820	0.188805
0.229621	0.753157
0.197581	0.545324
0.190600	0.506043
0.132182	0.202900
0.281918	0.725940
0.132790	0.148725
0.181917	0.193741
0.140351	0.160702
0.307817	1.455976
0.111337	0.198180
0.153709	0.418856
0.136743	0.211952
0.157088	0.219138
0.081510	0.213965
0.157146	0.218434
0.288862	1.083232
0.153816	0.596804
0.114126	0.269908
0.178004	0.360459
0.245395	0.961949
0.118604	0.389614
0.259126	0.882325
0.070230	0.112719
0.224684	2.746765
0.140307	0.195026
0.204849	0.773306
0.113617	0.350510
0.361877	1.523502
0.196148	1.897732
0.088383	0.127271
0.160965	0.345269
0.134134	0.390999
0.119442	0.370269
0.380270	1.705510
0.075871	0.375180
0.152035	0.500197
0.066668	0.175671
0.381225	1.563021
0.132020	0.301006
0.106962	0.170604
0.094752	0.297995
0.092040	0.267375
0.090758	0.146575
0.123212	0.316655
0.112393	0.289413
0.166987	0.854973
0.135554	0.199264
0.138424	0.329449
0.173886	0.235615
0.299513	0.989890
0.117239	0.270823
0.169104	0.264647
0.137690	0.210665
0.213921	0.508064
0.188086	0.498427
0.107392	0.227671
0.134416	0.258079
0.117839	0.148477
0.123297	0.159054
0.148488	0.270247
0.224582	0.853412
0.377484	1.751525
0.140163	0.227065
0.210056	0.560848
0.079953	0.110335
0.132876	0.357436
0.155909	0.374961
0.105719	0.185008
0.138479	0.356582
0.241383	0.912427
0.091843	0.114345
0.311272	1.866075
0.338852	2.366884
0.115608	0.152024
0.177939	0.624565
0.126020	0.195961
0.255714	1.122585
0.260368	0.883948
0.144819	0.795780
0.175996	0.449670
0.098754	0.192570
0.080995	0.267284
0.125388	0.280243
0.094851	0.207250
0.265704	1.394945
0.081004	0.251921
0.098931	0.208251
0.217755	1.011470
0.069677	0.134477
0.123897	0.225493
0.112053	0.286297
0.155732	0.443836
0.167515	0.306553
0.207932	1.144665
0.188377	0.348498
0.181814	0.341810
0.474797	2.186440
0.220746	0.935965
0.072321	0.126924
0.099931	0.116919
0.355583	1.221427
0.135117	0.337793
0.257302	0.609806
0.095874	0.150522
0.117984	0.112675
0.151281	0.341139
0.131696	0.231127
0.096114	0.419057
0.175787	0.189850
0.174016	0.774372
0.227086	0.424651
0.208988	0.376179
0.281041	1.048283
0.298028	1.089291
0.202982	0.318681
0.263247	0.483058
0.118608	0.284065
0.162849	0.310228
0.239576	1.256577
0.158652	0.486268
0.208279	0.485290
0.250568	1.249082
0.130694	0.299289
0.131923	0.195906
0.214511	0.420441
0.332388	1.781601
0.202313	0.529048
0.268924	0.825597
0.259394	0.658860
0.104243	0.173565
0.247594	0.495187
0.101151	0.119864
0.117471	0.240229
0.413969	1.709690
0.157898	0.307112
0.105710	0.151694
0.154473	0.145977
0.136672	0.178356
0.137940	0.165528
0.166224	0.443817
0.171910	0.426338
0.151526	0.403817
0.158045	0.319250
0.154043	0.153273
0.240161	1.473390
0.241041	1.318497
0.274804	0.809299
0.259431	0.399524
0.351923	0.781269
0.178709	0.302018
0.147222	0.264264
0.173292	0.551935
0.209850	0.435439
0.147677	0.275417
0.379679	1.864222
0.147948	0.202689
0.127146	0.282900
0.200354	0.632117
0.136803	0.344743
0.361268	0.789371
0.127158	0.250502
0.161107	0.278714
0.126068	0.240160
0.123400	0.229523
0.140895	0.317718
0.299220	1.132548
0.108913	0.150299
0.199805	0.250756
0.191713	0.313451
0.178200	0.408077
0.178958	0.348969
0.139450	0.371634
0.231745	0.552712
0.271304	0.301147
0.212628	0.451833
0.146535	0.162654
0.118939	0.120128
0.333254	2.302784
0.209547	0.409664
0.111814	0.127468
0.233515	0.855833
0.302026	1.671713
0.196880	0.754052
0.321325	2.154485
0.181373	0.152354
0.112549	0.289250
0.272731	1.681385
0.175522	0.217648
0.210225	0.227043
0.081620	0.155487
0.244957	0.521758
0.144879	0.157918
0.162553	0.317790
0.230736	0.694514
0.121609	0.125258
0.247116	0.706751
0.295124	0.643370
0.111280	0.144108
0.116740	0.187952
0.091690	0.121031
0.175473	0.624684
0.257053	0.375297
0.339665	1.204114
0.193490	0.381175
0.311807	0.944775
0.265333	1.550870
0.157973	0.296988
0.138666	0.219092
0.119150	0.147151
0.123595	0.127921
0.114224	0.162769
0.119954	0.171535
0.227057	0.674359
0.118040	0.292740
0.122734	0.266332
0.107126	0.104983
0.165325	0.354621
0.288695	1.472345
0.289595	1.168514
0.402621	1.556131
0.225359	0.582552
0.255653	0.737558
0.245440	1.649357
0.326976	1.150954
0.218103	0.613959
0.495340	1.820375
0.239882	0.597306
0.222197	0.895453
0.231447	0.740630
0.159160	0.140857
0.152481	0.195176
0.166565	0.245683
0.146034	0.247528
0.362003	1.181941
0.274016	0.691889
0.194466	0.394766
0.106793	0.276061
0.243245	0.921900
0.306937	0.375998
0.505507	2.310168
0.433732	2.088422
0.215808	0.572970
0.189380	0.418530
0.174794	0.375806
0.059938	0.124371
0.104369	0.094454
0.121212	0.238788
0.327252	0.989937
0.308841	1.026897
0.159069	0.341998
0.103853	0.556132
0.112934	0.229256
0.220045	1.069418
0.155153	0.249796
0.217873	1.061042
0.106057	0.135753
0.140472	0.313253
0.329626	1.320154
0.189606	0.530897
0.193414	0.605386
0.126537	0.402389
0.185512	0.562103
0.180666	0.329715
0.118179	0.238130
0.189591	0.272062
0.146494	0.489291
0.161786	0.189290
0.078265	0.124442
0.133280	0.151272
0.147969	0.199758
0.178878	0.453457
0.137895	0.296474
0.204634	0.452242
0.084800	0.129319
0.192004	0.522250
0.170945	0.521383
0.190329	0.221734
0.135879	0.216727
0.100484	0.134146
0.091986	0.155916
0.089450	0.211996
0.141526	0.241301
0.333289	3.731168
0.266284	0.742933
0.069975	0.099014
0.085801	0.102533
0.066994	0.132313
0.139207	0.191410
0.246778	1.172193
0.236231	0.620106
0.094502	0.134665
0.238937	0.510131
0.133887	0.224260
0.164743	0.306423
0.134543	0.207870
0.076451	0.165135
0.106330	0.129191
0.192432	0.684096
0.131245	0.597164
0.121253	0.200068
0.117094	0.149295
0.316342	1.073982
0.124457	0.164905
0.062895	0.133337
0.099505	0.184084
0.165552	0.254123
0.112553	0.230733
0.165183	0.469121
0.093757	0.166419
0.154528	0.389410
0.163600	0.435995
0.306451	2.105319
0.067284	0.163165
0.112263	0.232946
0.275007	1.080776
0.172433	0.870787
0.204170	0.722761
0.453415	2.090245
0.221793	0.530085
0.135279	0.277323
0.185719	0.268364
0.258482	1.371247
0.082720	0.149309
0.071627	0.126781
0.104521	0.371570
0.095808	0.193054
0.141587	0.529535
0.146166	0.611703
0.105123	0.127725
0.143199	0.762536
0.316268	2.175924
0.161917	0.403174
0.097776	0.134930
0.087370	0.194399
0.166941	1.124350
0.118496	0.397554
0.092856	0.259533
0.172692	0.741713
0.149432	0.293633
0.041620	0.120490
0.152114	0.428201
0.086739	0.135747
0.404586	1.610254
0.226613	0.964240
0.255920	0.422268
0.156254	0.277351
0.342478	1.904180
0.277942	0.630927
0.407673	1.865106
0.235956	0.532081
0.190392	0.641620
0.191774	0.275195
0.306725	1.573501
0.157283	0.324789
0.215439	0.614002
0.169625	0.240868
0.252205	0.779312
0.187287	0.557179
0.131431	0.237891
0.097251	0.143931
0.289597	1.359660
0.310866	1.193726
0.136474	0.127603
0.257382	0.427255
0.234815	0.632827
0.199015	0.396040
0.169137	0.632572
0.174990	0.279984
0.348622	1.091187
0.449138	1.774095
0.185114	0.165677
0.172878	0.362179
0.221421	0.435091
0.089239	0.163307
0.115758	0.248301
0.186175	0.330460
0.130371	0.215112
0.240358	1.437344
0.239777	0.611431
0.237590	0.515569
0.189116	0.347974
0.133886	0.311954
0.229671	0.864712
0.188358	1.197012
0.134251	0.294009
0.220245	0.975688
0.076542	0.154998
0.186984	0.325352
0.267357	0.900995
0.148544	0.226529
0.364173	1.433020
0.273230	0.692638
0.118245	0.201609
0.217824	0.882187
0.100884	0.115512
0.083732	0.147788
0.117178	0.171666
0.420746	1.194920
0.355069	1.201909
0.337277	1.150114
0.179435	0.317599
0.190554	0.229618
0.087781	0.179073
0.116277	0.344181
0.247342	0.474896
0.282350	0.607052
0.222557	1.313086
0.377584	2.692173
0.115419	0.172552
0.277565	0.345568
0.399811	1.989060
0.549974	2.296142
0.395751	1.387108
0.178370	0.164100
0.129923	0.161754
0.221112	0.475392
0.347025	0.569122
0.198413	0.359127
0.410771	1.450023
0.115656	0.119704
0.228745	0.609605
0.118549	0.247176
0.185360	0.947188
0.100277	0.133368
0.287878	1.345828
0.158123	0.213466
0.198949	0.334234
0.121885	0.190140
0.297371	1.494292
0.257233	2.649497
0.227482	0.416292
0.468322	1.906069
0.076995	0.267172
0.055966	0.126204
0.191024	0.404970
0.215965	0.426530
0.280643	0.841930
0.154511	0.152966
0.152693	0.165672
0.309646	1.427467
0.134765	0.125332
0.077687	0.098662
0.164046	0.242788
0.137476	0.466043
0.185141	0.469332
0.304935	1.607005
0.205656	0.360925
0.274877	0.924961
0.184980	0.184055
0.098665	0.125798
0.275629	0.214990
0.193763	0.425309
0.385396	1.123428
0.101933	0.140668
0.140675	0.249698
0.306676	2.151331
0.500537	2.662858
0.293910	1.091876
0.157719	0.267334
0.130245	0.177784
0.092252	0.116699
0.330670	1.861674
0.172744	0.242705
0.289778	0.811379
0.169129	0.262151
0.230140	0.306087
0.174786	0.279657
0.288852	0.751016
0.375945	1.586487
0.193883	0.387765
0.526047	2.054215
0.263617	0.908160
0.317185	1.782578
0.076987	0.125489
0.226744	0.448953
0.095761	0.161835
0.223429	0.345198
0.271425	0.365067
0.270669	1.764759
0.136679	0.379284
0.338603	1.098765
0.164980	0.334085
0.171853	0.316210
0.116063	0.159006
0.182442	0.369444
0.251899	0.647380
0.168393	0.450451
0.143333	0.177016
0.245198	0.552921
0.194120	0.365915
0.222048	0.525143
0.157864	0.404921
0.351948	1.508098
0.118817	0.151492
0.052068	0.099190
0.144121	0.202490
0.167628	0.347827
0.105325	0.125864
0.246453	1.247053
0.255800	0.539739
0.200597	0.367092
0.209350	0.727493
0.277580	1.325446
0.128407	0.166929
0.102009	0.372333
0.299905	1.662974
0.118191	0.199152
0.087231	0.204556
0.350981	1.130158
0.191885	0.449010
0.258407	0.609842
0.220557	0.426779
0.111048	0.140476
0.134422	0.287663
0.066499	0.116041
0.245000	0.781550
0.255118	0.928631
0.094509	0.124279
0.122055	0.178200
0.257179	0.997856
0.105706	0.147460
0.141638	0.324351
0.500604	2.457967
0.218103	0.818975
0.160978	0.457178
0.171378	0.363322
0.203918	0.514894
0.224103	0.313744
0.133702	0.270747
0.121336	0.193532
0.138170	0.356479
0.082137	0.194665
0.431665	2.879205
0.066364	0.101205
0.159939	0.279094
0.187258	0.624507
0.087017	0.192307
0.361283	1.950928
0.092976	0.204082
0.152855	0.385958
0.192705	0.443223
0.089779	0.257667
0.183383	0.808720
0.117170	0.186300
0.104006	0.160169
0.208849	0.916847
0.106008	0.250179
0.251024	0.799510
0.182115	0.271351
0.177161	0.380897
0.391946	2.138066
0.158879	0.141402
0.186966	0.368322
0.253615	1.145073
0.111529	0.195734
0.222103	0.547484
0.152852	0.439449
0.091976	0.203267
0.038364	0.141178
0.074483	0.090869
0.197929	0.457215
0.207130	0.123242
0.156323	0.281381
0.347943	0.765476
0.105876	0.199576
0.074026	0.163968
0.175390	0.608602
0.074134	0.120838
0.156022	0.305023
0.222773	0.726239
0.121639	0.189149
0.253506	0.870793
0.241805	0.551316
0.142863	0.287870
0.111585	0.283984
0.191309	0.365400
0.223262	0.480012
0.292192	0.306801
0.267464	0.731514
0.157254	0.150178
0.234727	1.950580
0.093743	0.154207
0.053699	0.170762
0.258999	0.752392
0.135662	0.301170
0.158959	0.459390
0.079399	0.133787
0.232431	0.737967
0.209553	0.633897
0.131402	0.175421
0.215519	0.261856
0.248247	1.132008
0.122012	0.193999
0.096630	0.180215
0.105073	0.168643
0.341610	1.914724
0.206680	0.418526
0.140145	0.201809
0.189078	0.960514
0.128153	0.265918
0.123354	0.141858
0.207809	0.553811
0.096356	0.115627
0.198600	0.384290
0.303668	1.667136
0.175246	0.188390
0.382259	1.672381
0.187535	0.476340
0.245309	0.442782
0.272270	0.554069
0.413639	2.492173
0.156218	0.159343
0.269730	0.589360
0.215555	0.876232
0.134366	0.247905
0.235502	0.283780
0.263270	0.413334
0.135546	0.282613
0.191345	0.437223
0.163543	0.390867
0.176007	0.276331
0.187933	0.355194
0.175405	0.418342
0.127008	0.151774
0.174630	0.399904
0.159597	0.450064
0.148208	0.437954
0.098147	0.196295
0.205050	0.787393
0.099419	0.112840
0.268932	1.226329
0.236554	0.318165
0.263818	1.162118
0.056448	0.090599
0.105702	0.147454
0.184104	0.782440
0.100019	0.139026
0.203056	0.582772
0.166535	0.437155
0.137610	0.222929
0.305432	1.971561
0.203732	0.445155
0.139222	0.282621
0.154149	0.449344
0.418757	1.021768
0.172836	0.296414
0.080991	0.161171
0.271438	1.438620
0.167486	0.245367
0.230793	0.483511
0.297107	3.731661
0.087888	0.322551
0.254309	1.773805
0.228786	0.480450
0.157301	0.408196
0.132855	0.120898
0.110476	0.202170
0.182828	0.231278
0.493000	2.223431
0.133151	0.290270
0.358885	2.732908
0.153758	0.381321
0.078733	0.130696
0.142180	0.417299
0.086636	0.168074
0.186263	0.776717
0.118032	0.107999
0.099803	0.214576
0.327117	1.508010
0.083555	0.190922
0.123195	0.389913
0.118742	0.262419
0.137725	0.153563
0.094918	0.170377
0.168875	0.288776
0.398619	2.463463
0.314400	1.406941
0.203046	0.368528
0.123608	0.281208
0.223105	0.626925
0.270566	0.794111
0.189131	0.567394
0.261386	1.695087
0.426931	2.350257
0.240929	0.650508
0.173039	0.673121
0.087029	0.154476
0.111253	0.172998
0.271532	1.371235
0.181572	0.212439
0.404168	1.054878
0.187684	0.264635
0.098474	0.180208
0.147231	0.180357
0.124337	0.136771
0.173041	0.403186
0.268819	2.405933
0.258378	0.182157
0.311020	0.758890
0.107872	0.221137
0.168645	0.414867
0.211168	0.535312
0.094936	0.253953
0.319240	1.492447
0.151051	0.314940
0.215203	0.558453
0.179238	0.434652
0.093368	0.130249
0.541360	2.628305
0.326062	1.703674
0.215579	0.953939
0.130075	0.165196
0.080280	0.150926
0.127593	0.225202
0.112919	0.169943
0.127433	0.168849
0.307773	1.283414
0.110412	0.228001
0.110557	0.107793
0.214541	0.495589
0.304985	2.452077
0.191598	0.295061
0.148762	0.293061
0.394800	2.289841
0.081437	0.206036
0.172496	0.397603
0.218041	0.830736
0.148343	0.224740
0.115414	0.181200
0.146679	0.524379
0.098336	0.131770
0.153985	0.443477
0.116325	0.300699
0.181174	0.248208
0.086015	0.115691
0.137301	0.541652
0.338548	1.670736
0.230798	0.627769
0.087188	0.088060
0.394594	1.094999
0.192498	0.791165
0.150403	0.269222
0.092971	0.135737
0.278882	1.716519
0.166637	0.224960
0.162657	0.280584
0.201361	0.419838
0.160817	0.336912
0.146057	0.349076
0.222910	0.449163
0.068887	0.194951
0.178778	0.748185
0.115085	0.231895
0.112858	0.204837
0.080788	0.204392
0.311029	1.292327
0.136349	0.231793
0.202082	1.026575
0.096658	0.152236
0.159708	0.404062
0.116943	0.390005
0.156621	0.693832
0.129352	0.369946
0.094509	0.248087
0.158869	0.567958
0.099979	0.177963
0.128535	0.122751
0.189797	0.426094
0.080051	0.192523
0.195260	1.415634
0.121373	0.210581
0.190879	0.366488
0.164859	0.460782
0.374126	2.126906
0.085020	0.102449
0.282359	1.821216
0.089965	0.116504
0.197655	1.249182
0.095806	0.139398
0.093118	0.146661
0.172413	0.644823
0.244902	0.926955
0.142564	0.278713
0.159956	0.272725
0.357088	1.833646
0.142507	0.234424
0.085459	0.138870
0.250400	0.614733
0.343840	0.754728
0.331315	2.009428
0.317352	1.324944
0.074819	0.118215
0.084063	0.121892
0.084690	0.107557
0.192598	0.658686
0.131347	0.120182
0.181365	0.818862
0.151623	0.333571
0.121446	0.300578
0.119310	0.221321
0.152802	0.641770
0.104921	0.179416
0.136387	0.156163
0.203918	0.754498
0.126077	0.133012
0.187133	0.627831
0.193569	0.995912
0.116141	0.163177
0.166082	1.216551
0.140638	0.232757
0.214819	0.455416
0.159179	0.218871
0.099886	0.212258
0.090109	0.177065
0.147106	0.283915
0.097696	0.120166
0.244715	1.951603
0.186943	0.165445
0.100856	0.195661
0.110303	0.296715
0.144372	0.189849
0.092825	0.137845
0.069327	0.088391
0.135258	0.147431
0.115594	0.210960
0.250047	0.507596
0.184685	0.231780
0.121227	0.130319
0.151398	0.221042
0.287311	0.571750
0.225484	0.691107
0.257920	0.535183
0.129668	0.172458
0.192951	0.596218
0.177804	0.701435
0.118416	0.156309
0.154108	0.266606
0.107092	0.100131
0.160229	0.192274
0.105390	0.180218
0.137788	0.222527
0.192744	0.329592
0.193985	0.391849
0.181062	0.761365
0.240537	1.449238
0.144412	0.188457
0.176485	0.248844
0.178910	0.353348
0.267905	1.804337
0.159916	0.557308
0.124069	0.160669
0.131787	0.157486
0.067452	0.113995
0.160047	0.172051
0.123712	0.183712
0.123710	0.123710
0.209103	0.438071
0.080564	0.115206
0.130868	0.172091
0.265893	2.673555
0.169478	0.597410
0.300513	1.507073
0.210919	0.581081
0.129428	0.130722
0.304466	0.761165
0.136213	0.236329
0.150881	0.297235
0.204308	0.334044
0.202397	0.237817
0.133242	0.351759
0.437213	1.877829
0.156116	0.208415
0.091815	0.098702
0.368313	1.482460
0.174221	0.254363
0.285213	0.463472
0.346671	1.159613
0.223649	0.540112
0.347039	1.320485
0.375301	1.893392
0.128525	0.180578
0.211789	0.243557
0.206294	0.410525
0.394957	3.126083
0.255436	0.390817
0.232427	0.515988
0.190428	0.418941
0.099763	0.113730
0.408988	0.578718
0.219657	0.524981
0.096882	0.180200
0.108429	0.212521
0.170887	0.310160
0.237271	0.834007
0.124289	0.204455
0.172498	0.438146
0.202341	0.391530
0.095314	0.159650
0.121904	0.256609
0.398264	2.244218
0.149118	0.551735
0.145974	0.291949
0.256852	0.823211
0.113647	0.153423
0.091114	0.135304
0.093862	0.161442
0.077004	0.283759
0.061328	0.104564
0.070742	0.188526
0.073893	0.118968
0.084893	0.405789
0.154399	0.422281
0.092585	0.205538
0.107069	0.221097
0.106645	0.431911
0.236251	0.466596
0.240931	0.481863
0.046616	0.138916
0.071722	0.095032
0.195787	0.967189
0.097708	0.208608
0.085050	0.164146
0.080541	0.130879
0.236848	0.984104
0.231283	1.191108
0.203840	2.464420
0.225870	0.470939
0.144377	0.306802
0.273812	1.967338
0.336396	1.930911
0.098711	0.224567
0.213145	0.943167
0.083257	0.097411
0.200791	0.574262
0.089100	0.329671
0.151452	0.837529
0.080189	0.164387
0.206654	0.298615
0.176592	0.404397
0.104531	0.205926
0.090719	0.219087
0.170203	0.406785
0.151992	0.300943
0.135266	0.238068
0.343540	2.763782
0.137268	0.258751
0.115266	0.164255
0.164248	0.601968
0.139510	0.388536
0.216786	0.727317
0.090042	0.136864
0.166076	0.326340
0.352935	3.100533
0.200706	0.722541
0.249698	1.168587
0.343630	2.185489
0.126710	0.319943
0.243349	0.749514
0.105103	0.156603
0.122775	0.394721
0.128493	0.127850
0.073497	0.114655
0.110941	0.209124
0.102848	0.255064
0.252762	1.607565
0.130446	0.356118
0.198557	0.856774
0.068604	0.142354
0.109056	0.153769
0.144893	0.339050
0.171377	0.225361
0.208673	0.489337
0.385428	1.973389
0.284683	1.594224
0.076017	0.158496
0.201459	0.663807
0.098255	0.122818
0.222203	0.811041
0.049618	0.131984
0.083755	0.125633
0.137031	0.337781
0.122334	0.389022
0.207569	0.707811
0.117749	0.130701
0.335061	1.829431
0.155457	0.345893
0.357509	1.224468
0.161793	0.344619
0.171964	0.426471
0.139569	0.276347
0.150058	0.183821
0.267545	1.087570
0.139356	0.202066
0.098933	0.167196
0.147886	0.467319
0.196437	0.301531
0.195949	0.717174
0.177849	0.636698
0.167869	0.172905
0.222783	2.156544
0.118722	0.229133
0.367148	2.496605
0.122518	0.219920
0.212768	0.977669
0.265434	1.013957
0.162344	0.439954
0.182192	0.996592
0.135812	0.149394
0.246821	1.250149
0.096461	0.147103
0.133597	0.213088
0.336972	0.567798
0.538296	3.329358
0.151401	0.155943
0.171605	0.218797
0.293020	0.700318
0.231995	0.357273
0.357817	0.794354
0.190515	1.719401
0.333905	1.479198
0.165592	0.263292
0.186817	0.254071
0.300892	1.090733
0.203021	0.410102
0.219911	0.259496
0.292362	0.681203
0.400481	2.308771
0.230310	0.315524
0.206109	0.272063
0.298382	1.220380
0.141408	0.242515
0.185253	0.585400
0.192846	0.310483
0.245374	0.365607
0.296286	0.752568
0.123596	0.298485
0.276228	0.505497
0.233225	0.256548
0.203634	0.331923
0.187239	0.236857
0.348030	1.413002
0.236172	0.311748
0.301618	2.491361
0.249037	1.290011
0.374130	2.053971
0.179842	0.337204
0.385265	1.142311
0.118120	0.375621
0.150747	0.102508
0.224584	0.608623
0.303917	2.107663
0.075540	0.213401
0.118256	0.234148
0.135844	0.215313
0.360541	1.467403
0.103446	0.259649
0.070690	0.463727
0.079447	0.161674
0.116153	0.204429
0.172686	0.440349
0.116245	0.195292
0.193428	0.831742
0.242772	0.731956
0.256897	0.430302
0.102250	0.127301
0.173081	0.438761
0.176422	0.262869
0.194541	0.837499
0.254008	0.833146
0.099896	0.240249
0.106866	0.206252
0.202617	1.812405
0.275958	1.426702
0.180278	0.364162
0.255705	1.177523
0.329447	2.900778
0.284157	0.770065
0.225265	0.923585
0.149660	0.199796
0.148632	0.515011
0.107704	0.261181
0.182142	0.422570
0.119038	0.238076
0.062600	0.665121
0.121303	0.251703
0.155597	0.635614
0.204362	0.527254
0.142873	0.255028
0.183427	0.248543
0.095404	0.296229
0.253439	1.219042
0.322667	1.234202
0.123949	0.332803
0.184671	0.892883
0.108990	0.176018
0.146373	0.440583
0.109903	0.262119
0.190523	0.584906
0.095913	0.142911
0.111667	0.216635
0.285634	1.156818
0.097152	0.191875
0.133398	0.236782
0.124137	0.281169
0.137812	0.152972
0.192032	0.411909
0.196102	0.692239
0.115525	0.176175
0.220292	0.695020
0.119454	0.358362
0.090219	0.223291
0.102777	0.175234
0.161336	0.338000
0.135868	0.262225
0.082060	0.224435
0.157346	0.366616
0.099137	0.205710
0.413745	3.227210
0.219253	0.727919
0.125529	0.275536
0.114148	0.158666
0.171032	0.590061
0.238605	0.861364
0.171789	0.387385
0.111040	0.159343
0.159957	0.646226
0.162580	0.447908
0.204521	0.486759
0.178197	0.360849
0.116148	0.238684
0.146066	0.807016
0.225195	0.671080
0.273259	1.269287
0.232596	1.005978
0.153665	0.285048
0.142429	0.270615
0.273564	0.626462
0.156903	0.486399
0.136333	0.580777
0.161612	0.267467
0.086588	0.294399
0.221344	1.158738
0.142685	0.343157
0.099997	0.129996
0.175648	0.413652
0.093941	0.138563
0.252355	0.630888
0.071766	0.142096
0.124560	0.341917
0.105923	0.151471
0.088110	0.177983
0.110052	0.124909
0.084974	0.164000
0.408891	1.541517
0.173685	0.332607
0.130426	0.619526
0.149881	1.115867
0.108642	0.318863
0.217789	0.523783
0.107938	0.243400
0.226044	0.831841
0.142302	0.229819
0.318653	1.382953
0.146569	0.355430
0.141880	0.390881
0.172267	0.578816
0.216776	0.972240
0.196600	0.367642
0.381614	1.791678
0.294241	3.595622
0.173301	0.287680
0.152361	0.164550
0.187904	0.236760
0.180354	0.334556
0.228887	1.419100
0.367316	1.324174
0.269744	1.283983
0.198186	0.323042
0.176614	1.249543
0.151421	0.528460
0.143587	0.326661
0.362340	2.125123
0.208547	0.882153
0.229048	0.935659
0.120954	0.290895
0.280016	1.281073
0.160581	0.142115
0.146664	0.178196
0.088569	0.149681
0.098855	0.176457
0.079746	0.153510
0.194367	0.361522
0.253579	1.127160
0.111967	0.156194
0.100334	0.374749
0.253076	3.024254
0.264557	0.800286
0.112943	0.298735
0.171397	0.293946
0.082014	0.144344
0.303743	3.157407
0.135624	0.224458
0.180591	0.407233
0.257965	0.466917
0.171280	0.316011
0.246562	0.321763
0.168190	0.750970
0.290138	1.060454
0.216174	1.786677
0.201363	0.213444
0.190137	0.229116
0.243505	0.597806
0.245423	0.947331
0.413100	1.138089
0.225508	0.321348
0.228230	0.217959
0.270665	0.439831
0.149655	0.279855
0.115575	0.177985
0.361461	1.955506
0.177905	0.197474
0.263797	0.522318
0.143398	0.309741
0.147433	0.202720
0.196236	0.448399
0.223979	0.393084
0.221376	0.425042
0.259356	1.059467
0.099217	0.104178
0.197354	0.685807
0.161621	0.209299
0.193667	0.196572
0.255643	1.325511
0.241409	1.400170
0.179710	0.594840
0.102945	0.221333
0.124907	0.128654
0.124623	0.124000
0.145526	0.217561
0.112321	0.149948
0.127643	0.136578
0.208348	0.675048
0.150415	0.309855
0.237664	0.394522
0.184928	0.452150
0.126330	0.331616
0.116385	0.290962
0.055944	0.121399
0.237634	0.676068
0.104162	0.232803
0.153054	0.289273
0.272188	0.869641
0.339626	1.490957
0.194131	0.916298
0.092283	0.155036
0.153171	0.392883
0.219195	0.524971
0.084361	0.145102
0.262270	0.915324
0.382221	1.920663
0.244950	0.531542
0.136311	0.184020
0.184437	0.262823
0.334916	2.667606
0.148673	0.330054
0.105331	0.153784
0.228290	1.477038
0.350652	1.355269
0.293118	1.147556
0.267721	0.610404
0.067581	0.152395
0.193879	0.369340
0.061547	0.178793
0.307188	0.772577
0.174964	0.290440
0.138630	0.214183
0.183579	1.084035
0.160225	0.612061
0.222292	0.829151
0.190315	0.422500
0.169094	0.486990
0.133366	0.531462
0.220870	0.436219
0.267695	0.132509
0.236808	0.978018
0.120752	0.275919
0.175738	0.361141
0.085849	0.152812
0.106992	0.138020
0.211922	0.287155
0.118451	0.238087
0.130531	0.150111
0.142411	0.093279
0.282171	0.598202
0.158859	0.424155
0.153750	0.312882
0.237345	1.428814
0.141124	0.179932
0.163058	0.205453
0.191066	0.646758
0.150475	0.278380
0.079602	0.110249
0.229152	1.195026
0.176614	0.251675
0.141087	0.392926
0.144367	0.233153
0.241929	0.852800
0.303483	0.722290
0.332521	0.749834
0.460246	1.111495
0.410867	0.992245
0.471358	0.994565
0.391309	0.432396
0.257878	0.417762
0.151681	0.119828
0.477350	1.809155
0.223354	0.393103
0.234929	0.229056
0.364069	1.845832
0.204838	0.405580
0.188508	0.410946
0.140067	0.301144
0.331037	1.090765
0.157695	0.155330
0.284391	0.425164
0.161136	0.365778
0.264621	0.865310
0.082963	0.154726
0.153539	0.208813
0.103599	0.218594
0.149287	0.468016
0.091927	0.221084
0.075903	0.104746
0.075493	0.141926
0.133905	0.320703
0.114822	0.246293
0.100168	0.124208
0.254449	1.957983
0.126255	0.143931
0.297638	0.651827
0.244958	0.689556
0.074306	0.141181
0.128649	0.295892
0.153940	0.384850
0.105341	0.307595
0.135777	0.279700
0.143353	0.280256
0.174496	0.562751
0.149102	0.626975
0.093939	0.215589
0.122186	0.186945
0.108869	0.164937
0.207306	0.682036
0.047829	0.140857
0.127790	0.653006
0.172129	0.611917
0.146927	0.339400
0.281268	0.725672
0.177801	0.206249
0.160399	0.272679
0.070444	0.110597
0.113053	0.189364
0.344084	2.814611
0.122416	0.179340
0.346164	2.677577
0.162124	0.261020
0.238455	0.633098
0.166243	1.054810
0.246911	0.497526
0.086218	0.141398
0.065313	0.119195
0.152969	0.380892
0.242286	2.355015
0.093440	0.331712
0.203872	0.612635
0.100212	0.187897
0.219122	0.293624
0.138189	0.143717
0.194840	0.462745
0.268339	0.547412
0.113046	0.210831
0.101725	0.157165
0.177589	0.591370
0.270195	1.086183
0.440622	2.315466
0.234830	0.685705
0.177170	0.123133
0.330291	1.998260
0.225389	0.696453
0.345626	1.620988
0.083797	0.102233
0.122389	0.340241
0.213141	0.321843
0.399263	1.201781
0.139488	0.261541
0.071144	0.102448
0.113074	0.143039
0.127231	0.171761
0.392867	1.907371
0.133914	0.987619
0.105362	0.295539
0.177369	0.867333
0.208917	0.895208
0.177167	0.209057
0.198981	0.603908
0.185810	0.658695
0.254280	1.698592
0.316411	0.941322
0.142035	0.318869
0.116461	0.260289
0.104273	0.154325
0.088522	0.180584
0.108214	0.192080
0.169474	1.077856
0.097790	0.282614
0.255860	0.739435
0.183647	0.446263
0.238552	0.590415
0.239046	0.548610
0.123926	0.196422
0.176610	0.537777
0.176646	0.181062
0.156629	0.174641
0.316677	1.972897
0.111969	0.178590
0.167348	0.358962
0.154111	0.253512
0.099410	0.231625
0.291620	1.428940
0.116960	0.345031
0.277248	1.384855
0.246844	0.535651
0.226026	0.579757
0.185829	1.237621
0.115097	0.143871
0.374568	2.404727
0.155334	0.420954
0.193862	0.217125
0.249571	0.668850
0.113771	0.164399
0.139619	0.438405
0.135404	0.217324
0.086410	0.162018
0.141159	0.224442
0.094722	0.288904
0.092485	0.186820
0.133466	0.310976
0.379199	0.999189
0.306816	1.149027
0.139699	0.331786
0.164520	0.307653
0.228772	0.810997
0.152846	0.219334
0.135005	0.341564
0.239542	0.499445
0.185193	0.417609
0.309683	2.101202
0.169962	0.265991
0.255663	0.781051
0.203861	0.659491
0.185845	0.734089
0.142883	0.169316
0.199445	0.692073
0.188128	0.283133
0.150909	0.273900
0.330736	1.539576
0.145393	0.265343
0.125815	0.178658
0.360506	1.597041
0.223223	0.599353
0.184899	0.483511
0.320058	1.129804
0.312513	2.040713
0.072539	0.231764
0.178416	0.477263
0.082272	0.148501
0.157941	0.229805
0.117049	0.291451
0.171289	0.392251
0.115018	0.308248
0.179214	1.083350
0.146566	0.247696
0.139829	0.364954
0.172586	0.408165
0.140761	0.259705
0.117179	0.145888
0.107687	0.292369
0.088993	0.104566
0.103851	0.193163
0.141352	0.190119
0.287283	1.624583
0.168121	0.233688
0.300501	1.591153
0.151962	0.246938
0.136173	0.301622
0.105967	0.131399
0.139727	0.254303
0.200380	0.247469
0.212060	0.234326
0.106434	0.148475
0.185890	0.251881
0.233548	0.457755
0.376006	1.037776
0.247806	0.355602
0.117036	0.308391
0.209666	1.246466
0.107391	0.144442
0.196544	0.383260
0.166295	0.345062
0.141450	0.272291
0.154604	0.498597
0.094087	0.105848
0.093178	0.264625
0.125005	0.306262
0.145487	0.512843
0.212881	0.239491
0.196704	0.380621
0.134013	0.160815
0.146013	0.354812
0.445339	0.271657
0.294511	0.995447
0.168920	0.331083
0.088150	0.122088
0.173611	0.304688
0.112020	0.157388
0.092763	0.134506
0.141358	0.370359
0.102724	0.151004
0.061226	0.116941
0.197066	0.283775
0.200243	0.387471
0.141356	0.311689
0.427960	3.051353
0.243403	2.031200
0.127905	0.197613
0.116371	0.129172
0.185631	0.369406
0.293143	1.326471
0.136390	0.407807
0.321263	1.376613
0.082126	0.151933
0.096050	0.150798
0.123712	0.163300
0.126131	0.107842
0.118027	0.229562
0.129576	0.186590
0.144604	0.182924
0.076479	0.107835
0.135975	0.431042
0.194783	0.211339
0.123223	0.164503
0.166997	1.331798
0.092658	0.120918
0.144779	0.159257
0.232211	0.606071
0.232191	1.077365
0.112766	0.116713
0.283001	0.677787
0.284176	0.542776
0.168552	0.541895
0.064074	0.133595
0.160129	0.359490
0.255851	0.930019
0.201111	0.360995
0.166521	0.392156
0.200633	0.496567
0.219583	0.743287
0.089460	0.126138
0.215243	0.365914
0.168362	0.296318
0.113406	0.257998
0.228335	0.379036
0.290489	1.308652
0.204730	0.786163
0.172551	0.232081
0.243606	0.383680
0.297952	1.145625
0.109024	0.185885
0.179418	0.609124
0.145779	0.204820
0.217088	0.550319
0.198314	0.375806
0.192952	0.611659
0.244224	1.327360
0.349826	1.932788
0.130506	0.151387
0.273273	0.860810
0.225978	0.564944
0.262251	0.519257
0.090768	0.138422
0.109430	0.191502
0.215511	1.351255
0.338658	0.970255
0.280560	0.526050
0.129085	0.352401
0.133185	0.283684
0.196181	0.522823
0.145160	0.577736
0.125588	0.457768
0.148766	0.249182
0.099022	0.189132
0.218057	1.214580
0.147312	0.334398
0.200041	0.891184
0.246531	0.865323
0.146495	0.356716
0.081946	0.197900
0.203003	0.598859
0.200866	0.335446
0.336953	0.486897
0.166767	0.820495
0.215607	0.403186
0.067256	0.114671
0.164677	0.410045
0.158776	0.227049
0.118782	0.177580
0.084326	0.136186
0.232014	0.670520
0.301966	0.539010
0.426696	0.552572
0.319816	0.148714
0.688918	1.970305
0.237308	0.294262
0.386140	1.019409
0.225188	0.605756
0.159153	0.249074
0.257379	0.669186
0.095536	0.178653
0.097461	0.112081
0.304297	0.760742
0.159797	0.462613
0.133158	0.144477
0.206807	0.967856
0.217577	0.849638
0.165473	0.252347
0.160984	0.342895
0.213797	0.861603
0.132597	0.188288
0.218693	0.867116
0.125794	0.184918
0.102833	0.196411
0.257868	1.309971
0.190011	0.361021
0.236951	1.183571
0.190932	0.367545
0.313845	2.264393
0.176307	0.333219
0.330188	2.103301
0.170884	0.216168
0.160854	0.302406
0.191801	0.381683
0.220333	0.983788
0.166307	0.247798
0.245487	0.398916
0.103822	0.375835
0.182830	0.376629
0.215971	0.503212
0.101883	0.131938
0.159453	0.225627
0.248741	0.675332
0.204602	0.544241
0.235964	0.722049
0.147807	0.267531
0.088659	0.144957
0.104952	0.132239
0.143390	0.202179
0.120113	0.395171
0.100004	0.208508
0.279212	1.432356
0.119573	0.177566
0.448253	1.494923
0.197212	2.571642
0.129645	0.232065
0.153840	0.307680
0.122154	0.305385
0.099081	0.317554
0.096416	0.209224
0.096010	0.208342
0.446251	3.458444
0.144959	0.209466
0.206109	0.458592
0.186425	0.258198
0.155284	0.263206
0.287461	1.606905
0.133447	0.428364
0.222961	1.111461
0.194843	0.809574
0.172150	0.310731
0.097596	0.152738
0.097204	0.161845
0.108920	0.236357
0.343390	1.679179
0.138205	0.332382
0.235346	1.621532
0.210710	0.234942
0.271287	0.562920
0.235867	1.771363
0.169940	0.694204
0.268870	0.580759
0.132572	0.226698
0.100446	0.146149
0.121251	0.205520
0.148897	0.331297
0.215926	1.954134
0.223871	1.320840
0.264820	1.277756
0.064957	0.134787
0.194850	0.374112
0.119007	0.312393
