Velocity(m/s)	Chord(mm)
0.172938	0.526597
0.107284	0.157171
0.165107	0.290588
0.120228	0.327621
0.145675	1.102757
0.101478	0.130906
0.132615	0.126647
0.127580	0.495650
0.124311	0.625905
0.136299	0.422527
0.199484	0.639347
0.092817	0.136906
0.142009	0.715725
0.120048	0.271909
0.210299	1.016797
0.169955	0.421488
0.393754	0.929260
0.436686	2.111378
0.130421	0.410175
0.134625	0.185782
0.230344	0.580466
0.155404	0.224559
0.431032	1.726283
0.200152	1.396059
0.127542	0.149224
0.167007	0.438394
0.236014	1.925873
0.159921	0.246278
0.141022	0.136087
0.242418	0.666649
0.238991	0.444523
0.143897	0.432412
0.075316	0.646212
0.172915	0.255050
0.205422	1.497530
0.099666	0.131061
0.220818	0.416242
0.159916	0.243872
0.142012	0.324496
0.117014	0.279663
0.127529	0.150485
0.234229	2.024909
0.141481	0.336017
0.189399	0.527475
0.104273	0.485393
0.134815	0.206941
0.147203	0.795635
0.231947	0.670326
0.166299	0.282708
0.342401	1.316532
0.224291	1.082205
0.170587	0.264410
0.110124	0.177300
0.142088	0.363035
0.123957	0.161145
0.101246	0.188824
0.102871	0.116758
0.090197	0.128982
0.195736	0.212374
0.147123	0.489920
0.213811	0.625397
0.231002	1.339812
0.147495	0.359889
0.154532	0.479048
0.184112	0.590080
0.247012	0.529840
0.212696	0.409439
0.115888	0.099663
0.106356	0.187718
0.174346	0.350435
0.136514	0.297600
0.091010	0.137881
0.073126	0.098721
0.242986	2.041086
0.236347	1.438171
0.074707	0.114302
0.224565	0.348075
0.208633	0.562266
0.151851	0.471498
0.082058	0.161244
0.101296	0.158529
0.196984	0.361466
0.319848	1.767159
0.282226	0.997670
0.187225	0.478360
0.297136	2.338461
0.137839	0.201935
0.203942	0.959546
0.066589	0.118195
0.162087	1.092466
0.096061	0.180115
0.081677	0.218895
0.143194	0.616450
0.100422	0.187288
0.126071	0.380103
0.044532	0.279881
0.132701	0.303886
0.150477	1.232410
0.131819	0.395457
0.114064	0.166534
0.191685	0.634477
0.200252	0.633798
0.182473	0.562017
0.220748	1.081667
0.151740	0.449909
0.154200	0.340011
0.085185	0.160575
0.105965	0.320543
0.130604	0.406179
0.080316	0.660601
0.105926	0.201260
0.149564	0.981885
0.119897	0.356693
0.204243	1.378642
0.104483	0.239267
0.132024	0.299694
0.177771	0.340431
0.077474	0.269996
0.124750	0.214570
0.053889	0.148464
0.132136	0.233220
0.117696	0.300713
0.223502	0.651510
0.115781	0.330555
0.159495	0.248015
0.217469	1.175419
0.335645	1.300625
0.200607	0.363099
0.113305	0.334250
0.198662	0.639693
0.212437	0.568268
0.184235	0.768261
0.252601	1.102605
0.083390	0.110492
0.183406	0.164149
0.102195	0.106283
0.253211	0.881174
0.210561	0.519032
0.179164	0.291142
0.088615	0.106338
0.189443	0.562647
0.129868	0.243502
0.205492	0.375022
0.176195	0.408773
0.281016	0.924543
0.258270	0.946558
0.164948	0.263918
0.287849	1.809129
0.116087	0.316337
0.128344	0.282999
0.116514	0.236524
0.202098	0.895293
0.074519	0.199338
0.151597	0.303195
0.116339	0.220463
0.199786	1.396507
0.173836	0.543238
0.164903	0.206953
0.118535	0.184323
0.131752	0.173254
0.117946	0.307248
0.211182	0.417084
0.184061	0.334071
0.086061	0.120485
0.143418	0.479733
0.150789	0.397330
0.143563	0.505343
0.149242	0.173121
0.256422	1.229542
0.114998	0.284621
0.170671	0.524814
0.180901	0.336476
0.190664	0.363215
0.275045	0.922775
0.142608	0.265250
0.195336	0.615307
0.120364	0.209434
0.110830	0.198939
0.217011	0.926637
0.111542	0.321240
0.149615	0.177293
0.244364	1.243813
0.129998	0.195647
0.201141	0.692931
0.126970	0.319330
0.146578	0.985001
0.106435	0.133044
0.316548	1.259861
0.189960	0.454954
0.140708	0.360915
0.087877	0.130058
0.159879	0.360526
0.063263	0.183463
0.379566	2.567766
0.272518	1.340788
0.305712	1.325260
0.102231	0.156413
0.070419	0.126050
0.216031	1.080155
0.119936	0.166711
0.335148	2.590692
0.203126	0.891722
0.375070	1.654057
0.233246	0.712567
0.103400	0.194391
0.209486	0.350890
0.486225	3.953012
0.081267	0.142624
0.209081	0.480885
0.123613	0.127940
0.192557	0.334086
0.285711	0.832849
0.302469	0.739537
0.309463	0.440985
0.141502	0.314842
0.091707	0.191209
0.126439	0.691624
0.194817	0.400349
0.142275	0.215547
0.095388	0.129727
0.177868	0.506923
0.101629	0.253055
0.120854	0.265879
0.165524	0.278908
0.181939	0.390260
0.247034	1.209231
0.190706	0.502511
0.113538	0.143058
0.235152	0.510279
0.153151	0.325447
0.302157	0.871722
0.143320	0.214264
0.113096	0.207532
0.069877	0.125778
0.157308	0.556085
0.205862	0.627878
0.108251	0.174825
0.201729	0.984436
0.192004	0.392648
0.057400	0.101886
0.071717	0.102914
0.099379	0.358261
0.047909	0.117137
0.059295	0.113254
0.100911	0.298191
0.182061	0.664522
0.174051	0.333308
0.220891	0.474916
0.205592	0.790500
0.189938	0.490041
0.086685	0.179004
0.101890	0.170665
0.130462	0.749507
0.079904	0.178187
0.136588	0.357177
0.198375	0.711176
0.156248	0.371870
0.129329	0.671215
0.168832	0.629742
0.141442	0.431398
0.317468	1.980998
0.111453	0.215662
0.115565	0.348428
0.133284	0.235245
0.098246	0.161124
0.128212	0.355787
0.133250	0.203872
0.072585	0.160412
0.215235	1.506647
0.149142	0.589113
0.084854	0.452273
0.120117	0.190986
0.188307	0.496189
0.114219	0.202738
0.116074	0.250720
0.188564	1.702735
0.215764	0.578247
0.248122	2.517197
0.091967	0.144848
0.206700	1.012830
0.168672	0.624087
0.113392	0.255699
0.193633	0.596391
0.093121	0.244908
0.127847	0.434680
0.176088	0.413808
0.100352	0.196188
0.161866	0.273554
0.221190	1.658928
0.117360	0.406066
0.153915	0.751103
0.063263	0.140127
0.054886	0.098245
0.118909	0.233655
0.118361	0.200031
0.285823	1.607755
0.268616	1.681537
0.100997	0.120692
0.107864	0.499951
0.086695	0.166021
0.076361	0.196630
0.137535	0.182234
0.181573	0.338634
0.158361	0.197951
0.163783	0.533113
0.103270	0.234424
0.162061	0.331415
0.109233	0.239765
0.096868	0.119148
0.081755	0.120589
0.131196	0.223034
0.099360	0.159970
0.101554	0.304154
0.259275	0.999506
0.125538	0.405487
0.111035	0.200973
0.065519	0.125468
0.144188	0.366238
0.071239	0.282461
0.118627	0.346391
0.230033	0.663646
0.124013	0.261048
0.086537	0.235814
0.104779	0.225275
0.172221	0.733659
0.144144	0.393514
0.112413	0.128151
0.089295	0.211182
0.113521	0.262233
0.102174	0.183914
0.087922	0.167932
0.118904	0.353738
0.218781	0.488976
0.207350	1.281424
0.059077	0.143854
0.176762	0.661090
0.107379	0.317304
0.090108	0.157238
0.186161	0.860997
0.292558	1.477418
0.192126	1.689749
0.199537	0.825087
0.101291	0.162572
0.166693	0.701778
0.149768	0.277820
0.349551	2.067596
0.129174	0.240263
0.150786	0.275185
0.150306	0.446408
0.131358	0.659419
0.239955	1.190178
0.134541	0.996950
0.223124	2.768970
0.135808	0.258034
0.117080	0.373485
0.091855	0.168554
0.199599	0.238521
0.150466	0.245259
0.126692	0.287591
0.386907	2.627100
0.257913	0.455217
0.131907	0.151693
0.190273	0.445239
0.283118	0.312846
0.243847	1.415534
0.306651	1.370731
0.362625	1.758732
0.106215	0.100904
0.264217	1.026483
0.153427	0.161865
0.331673	0.925368
0.108827	0.153990
0.198712	0.208647
0.283580	1.196707
0.136793	0.412432
0.283322	0.585060
0.134375	0.297641
0.446642	2.516826
0.366895	3.360761
0.229095	0.269187
0.266055	1.165320
0.289275	0.643636
0.233269	0.787281
0.293144	1.380708
0.235257	0.378764
0.107231	0.291669
0.148351	0.160961
0.093061	0.152154
0.166752	0.385196
0.225171	0.841012
0.201595	0.889036
0.128298	0.231578
0.145383	0.295127
0.105752	0.253275
0.160155	0.622201
0.251655	0.937416
0.129658	0.333870
0.081977	0.114358
0.289406	1.091059
0.141936	0.113549
0.137449	0.283832
0.094582	0.104041
0.211994	1.114029
0.150707	0.254695
0.228178	0.572727
0.254621	0.454499
0.251799	1.225005
0.141619	0.122500
0.155036	0.151935
0.134500	0.116342
0.178241	0.329745
0.155552	0.270661
0.243301	3.591128
0.289016	1.846809
0.108417	0.217919
0.161478	0.352829
0.248342	0.638240
0.312661	1.417917
0.164776	0.396287
0.126819	0.177546
0.098694	0.180609
0.188061	0.880127
0.090746	0.196011
0.127393	0.268800
0.149545	0.235534
0.136866	0.299052
0.071504	0.132640
0.261949	1.169600
0.084360	0.226086
0.124751	0.176523
0.200675	0.521754
0.217489	0.469777
0.082504	0.116743
0.125910	0.210269
0.210553	0.656926
0.097634	0.117161
0.186390	0.406331
0.071719	0.144155
0.196029	0.981124
0.134917	0.218566
0.149408	0.617804
0.190929	1.055839
0.135249	0.281993
0.089119	0.179130
0.108075	0.261002
0.245127	1.208476
0.216301	2.478808
0.193931	0.389802
0.102815	0.144455
0.109239	0.155119
0.158161	0.204028
0.192289	1.125850
0.152283	0.631974
0.227925	0.744174
0.133251	0.285158
0.245206	0.774852
0.140265	0.273517
0.227255	0.597680
0.146333	0.297787
0.151374	0.420062
0.063844	0.113642
0.120487	0.171694
0.219385	0.821598
0.083375	0.126313
0.096140	0.155266
0.142896	0.220060
0.163418	0.515585
0.144957	0.299335
0.174372	0.506550
0.337096	1.879311
0.087262	0.184995
0.166668	0.429170
0.230129	2.364576
0.241478	1.429550
0.188801	1.145075
0.201254	1.736825
0.114381	0.179006
0.080016	0.134026
0.077179	0.181758
0.092644	0.177876
0.179010	0.171849
0.162620	0.296781
0.165752	0.377915
0.115390	0.319631
0.070240	0.415117
0.234892	0.412236
0.107768	0.348628
0.088785	0.195327
0.107966	0.136037
0.088126	0.183742
0.119651	0.302717
0.080423	0.125460
0.073307	0.144047
0.097692	0.125535
0.093899	0.216907
0.159152	0.572150
0.044807	0.120307
0.214924	1.231516
0.167211	0.400470
0.060347	0.174703
0.344055	1.986917
0.269531	1.719607
0.264113	2.914487
0.150773	0.553336
0.121311	0.199557
0.111001	0.208681
0.131613	0.232954
0.104779	0.203272
0.135603	1.574348
0.153396	0.212453
0.273858	2.044348
0.264616	2.402711
0.118921	0.200382
0.114895	0.181535
0.121530	0.157382
0.192467	0.552381
0.194048	0.374513
0.172614	0.400464
0.091141	0.161319
0.098106	0.117237
0.143344	0.437200
0.296072	2.081384
0.166707	0.657661
0.069479	0.146254
0.117363	0.289300
0.068145	0.081433
0.093461	0.383656
0.121403	0.316862
0.073376	0.163262
0.170125	0.335998
0.253076	1.105944
0.179855	1.062042
0.195733	0.216285
0.143749	0.376623
0.152929	0.938222
0.139712	0.703449
0.156399	0.290119
0.320573	1.457007
0.184231	0.490054
0.059914	0.162967
0.101590	0.158480
0.093030	0.206062
0.112374	0.137097
0.095892	0.183154
0.195115	0.781437
0.184574	0.245483
0.140409	0.307497
0.202246	0.830218
0.126721	0.333275
0.299653	2.791271
0.311493	1.188347
0.080617	0.266037
0.089510	0.109203
0.057184	0.094353
0.093179	0.159336
0.128277	0.246934
0.119331	0.488064
0.121328	0.159546
0.219972	1.265938
0.086569	0.272694
0.159571	0.544136
0.200694	0.742567
0.183838	0.517504
0.183597	0.427780
0.167199	0.278386
0.127277	0.164187
0.157454	0.168475
0.103552	0.129440
0.273928	0.664276
0.143850	0.218652
0.136903	0.159492
0.145133	0.286638
0.140024	0.215637
0.222638	0.435257
0.212258	0.308835
0.085372	0.125924
0.109455	0.133535
0.103045	0.131898
0.138290	0.213659
0.218728	1.061923
0.181636	0.382344
0.114059	0.152269
0.241386	0.855712
0.171321	0.692138
0.099334	0.130127
0.222826	0.552609
0.268523	0.808256
0.155313	0.483023
0.131310	0.144441
0.144804	0.330152
0.143829	0.476073
0.110849	0.152418
0.125390	0.447017
0.102354	0.129990
0.112814	0.138761
0.132189	0.261074
0.135463	0.127336
0.127623	0.222701
0.326609	0.566666
0.120076	0.348220
0.126725	0.231274
0.147436	0.386283
0.132528	1.455815
0.124874	0.667453
0.126772	0.502650
0.080080	0.373575
0.060240	0.126805
0.140554	0.435718
0.086431	0.321524
0.131000	0.294095
0.091228	0.155544
0.349717	1.276466
0.108983	0.255019
0.118880	0.130768
0.402491	1.690460
0.106314	0.288110
0.180612	0.159842
0.298992	0.243679
0.129141	0.254407
0.089795	0.192610
0.086390	0.155069
0.316697	1.447304
0.167284	0.154738
0.186656	0.428375
0.088178	0.151667
0.099924	0.180363
0.269287	1.501277
0.113192	0.175448
0.160912	0.235736
0.336631	1.410486
0.139559	0.211432
0.164312	0.253862
0.139762	0.287911
0.158557	0.401148
0.072149	0.126261
0.153241	0.270469
0.126745	0.331439
0.099464	0.187490
0.171768	0.200968
0.153414	0.164153
0.384650	1.655920
0.100026	0.199052
0.153687	0.149077
0.264580	2.694746
0.254156	0.354548
0.089630	0.153267
0.111477	0.199544
0.190167	0.462106
0.109692	0.234741
0.445330	1.467362
0.288440	1.488350
0.154607	0.417439
0.154958	0.580318
0.182922	1.064606
0.237932	0.982658
0.197088	0.375452
0.084122	0.251525
0.046463	0.130097
0.098318	0.150426
0.068996	0.106254
0.122918	0.457869
0.097065	0.346522
0.106607	0.262787
0.169754	1.008341
0.178767	0.555965
0.097053	0.126169
0.128607	0.371030
0.091109	0.200895
0.303914	0.702042
0.140358	0.164920
0.077067	0.143345
0.071175	0.110321
0.184555	0.435549
0.103023	0.207592
0.166975	0.408254
0.104129	0.206175
0.103364	0.219648
0.277907	1.239466
0.068145	0.157414
0.083657	0.099970
0.151462	0.600546
0.172300	0.364414
0.082741	0.159276
0.255822	2.064483
0.111589	0.141719
0.302211	1.255686
0.070191	0.186007
0.134408	0.219757
0.146202	0.244888
0.077073	0.100581
0.108313	0.187381
0.139554	0.162580
0.135959	0.386123
0.080034	0.131255
0.067652	0.205999
0.128524	0.201140
0.153924	0.722672
0.116970	0.346817
0.163997	0.364073
0.094259	0.110283
0.081929	0.099953
0.067211	0.350171
0.096274	0.371138
0.159008	1.121003
0.171028	1.038997
0.225740	1.196423
0.137244	0.468002
0.161566	0.288394
0.069362	0.215715
0.125901	0.116458
0.185917	0.470370
0.082021	0.214075
0.141551	0.348217
0.120715	0.618061
0.120147	0.257715
0.175086	0.598796
0.216519	0.375660
0.223979	0.810805
0.250830	0.839027
0.085059	0.137370
0.308629	1.793134
0.106489	0.201797
0.147920	0.344653
0.168637	0.250425
0.080757	0.124770
0.071225	0.170585
0.160106	0.699663
0.058017	0.165928
0.050758	0.119026
0.074908	0.211615
0.173970	0.380125
0.145583	0.988510
0.080617	0.174132
0.091336	0.137005
0.092862	0.157866
0.132231	0.260496
0.184590	0.376563
0.099917	0.202832
0.073532	0.102210
0.177114	0.897969
0.128478	0.722045
0.112020	0.174192
0.101245	0.332082
0.126382	0.585779
0.079161	0.224818
0.113684	0.206905
0.091499	0.301030
0.113813	0.160476
0.067101	0.305982
0.247717	0.532591
0.208723	1.096840
0.123730	0.345207
0.157956	2.200332
0.228452	1.363859
0.120401	0.255249
0.306062	2.240372
0.135554	0.353119
0.371160	0.643962
0.094961	0.640986
0.270925	1.762370
0.161826	0.561536
0.063875	0.533036
0.129221	0.363112
0.119096	0.235810
0.096610	0.224136
0.117645	0.455287
0.247544	0.845364
0.134335	0.200831
0.179343	0.912856
0.167836	1.373739
0.102394	0.301551
0.281714	0.604276
0.077861	0.218010
0.096124	0.123999
0.082852	0.155348
0.141186	0.351554
0.441371	0.946741
0.149143	0.279644
0.216669	0.749673
0.128540	0.323922
0.125985	0.282836
0.122899	0.303560
0.149620	1.258300
0.059594	0.106376
0.085474	0.174366
0.125703	0.185412
0.116927	0.142066
0.140772	0.343485
0.120101	0.329076
0.117633	0.552289
0.167760	0.541025
0.255878	0.695989
0.194346	0.541252
0.140831	0.426719
0.065569	0.157693
0.116146	0.273525
0.106741	0.513959
0.131808	0.743395
0.083051	0.324731
0.150109	0.422558
0.124533	0.210461
0.215955	1.470651
0.062180	0.155451
0.057156	0.159465
0.130534	1.194389
0.215201	0.908150
0.083944	0.158653
0.241119	0.643787
0.234070	1.476981
0.024766	0.094358
0.164386	0.581105
0.103366	0.595903
0.111383	0.389839
0.121811	0.336198
0.107486	0.284837
0.104415	0.291317
0.094575	0.184422
0.100368	0.169120
0.082474	0.183092
0.083544	0.165000
0.075398	0.153436
0.064665	0.183971
0.040670	0.123839
0.086794	0.155360
0.078467	0.222845
0.118170	0.378734
0.109567	0.259125
0.100337	0.139971
0.131033	0.253548
0.110812	0.157353
0.104853	0.297257
0.327353	1.828269
0.191853	0.858542
0.191200	2.260938
0.177017	0.521315
0.089164	0.105213
0.084668	0.121076
0.138011	0.437494
0.191980	0.723764
0.050359	0.086365
0.083517	0.274353
0.212330	0.535071
0.266283	1.176970
0.067095	0.131170
0.193470	1.444256
0.100757	0.285142
0.123963	0.331600
0.138734	0.482793
0.152488	0.502448
0.122514	0.248091
0.091177	0.181442
0.204521	0.559364
0.187639	0.544152
0.248663	1.501927
0.196645	0.434586
0.113114	0.255073
0.061399	0.107141
0.080691	0.135964
0.109837	0.160911
0.379869	1.485287
0.338806	2.176827
0.093588	0.450628
0.151473	0.590743
0.226258	0.500029
0.108614	0.363313
0.047930	0.133007
0.091701	0.147639
0.213734	1.003482
0.145171	0.362929
0.055360	0.104907
0.163341	0.317699
0.073935	0.207757
0.090578	0.237768
0.103181	0.451416
0.143781	0.661395
0.082498	0.135297
0.140263	0.154289
0.073793	0.172677
0.101112	0.293730
0.214424	0.335573
0.374959	3.027795
0.101513	0.373061
0.077253	0.270772
0.198274	1.674421
0.197934	0.860022
0.171552	0.558402
0.058353	0.110287
0.099752	0.193021
0.061914	0.127852
0.095725	0.169434
0.089839	0.244812
0.310638	1.842086
0.074164	0.243259
0.182021	0.801801
0.221098	0.972830
0.253200	1.519198
0.185296	0.382636
0.136570	0.234901
0.156605	0.805735
0.101959	0.235526
0.126304	0.245030
0.189167	0.491834
0.311605	1.618789
0.136160	0.484729
0.103014	0.418752
0.089105	0.139450
0.117971	0.187573
0.161863	0.308349
0.079357	0.103164
0.166530	0.313077
0.130578	0.226554
0.204961	0.435543
0.158210	0.392360
0.136254	0.349492
0.073313	0.167154
0.124651	0.556566
0.316795	1.211742
0.081557	0.203078
0.234961	1.047925
0.116363	0.153599
0.164046	0.505261
0.094908	0.142836
0.165418	0.411890
0.102158	0.159366
0.155812	0.334997
0.349755	2.574195
0.193298	0.806052
0.208765	1.008333
0.075617	0.112669
0.157907	0.198963
0.239343	0.534931
0.225002	0.823509
0.074031	0.159907
0.197533	0.716055
0.150200	0.440085
0.172415	0.606901
0.107052	0.468886
0.037239	0.189363
0.033143	0.134230
0.127814	0.158489
0.126752	0.413844
0.136499	0.415639
0.065090	0.134410
0.191565	0.499026
0.096986	0.143539
0.183917	0.340246
0.128969	0.545539
0.171834	0.597123
0.201190	1.136722
0.074462	0.097918
0.099914	0.225306
0.148055	0.246512
0.120287	0.320565
0.141224	0.420848
0.122753	0.398334
0.105565	0.211131
0.095528	0.139949
0.250153	2.055008
0.195065	0.498390
0.084215	0.155798
0.121191	0.129068
0.115710	0.522431
0.131796	0.230643
0.133008	0.322544
0.129142	0.174342
0.167794	0.385087
0.077641	0.129660
0.108164	0.193073
0.153903	0.363212
0.129043	0.159368
0.083675	0.128441
0.099862	0.099862
0.169988	0.566911
0.098063	0.170630
0.076695	0.137667
0.111695	0.219480
0.170259	0.526952
0.103960	0.240147
0.217210	0.887304
0.154271	0.512950
0.213200	1.868698
0.243705	1.468325
0.199819	1.122984
0.073327	0.184051
0.156903	0.509935
0.101563	0.232071
0.070609	0.148631
0.212487	0.338917
0.070834	0.229502
0.213363	0.410723
0.108859	0.391349
0.080101	0.145784
0.207992	0.613575
0.147114	0.319237
0.226154	1.491485
0.109490	0.164235
0.162507	0.832036
0.101148	0.195722
0.186038	1.329238
0.113091	0.223920
0.148898	0.738536
0.112217	0.425862
0.073062	0.219916
0.208597	0.721747
0.179521	0.383277
0.118792	0.187097
0.087990	0.177741
0.083770	0.203560
0.147620	0.394884
0.142805	0.468401
0.133604	0.219110
0.098513	0.189637
0.084606	0.094336
0.090358	0.231316
0.309683	0.466073
0.184382	0.159490
0.304504	1.102303
0.156297	0.240698
0.298958	2.485835
0.222659	1.215721
0.297204	1.682174
0.126508	0.260606
0.226094	1.207344
0.186262	1.705225
0.108254	0.143978
0.113565	0.313438
0.117808	0.277437
0.110657	0.102358
0.124286	0.242358
0.237963	0.654397
0.109643	0.329477
0.107636	0.216349
0.096940	0.115843
0.137178	0.153640
0.225184	0.796024
0.252633	1.489270
0.135271	0.406488
0.127424	0.997089
0.077424	0.150203
0.347906	1.668209
0.156883	0.713817
0.077935	0.186265
0.184169	0.471474
0.247105	1.722318
0.127515	0.464791
0.226209	0.577964
0.047595	0.154922
0.189687	1.290817
0.109835	0.229007
0.116630	0.140540
0.133703	0.210582
0.239016	0.965623
0.166004	0.321217
0.106401	0.316543
0.209879	0.867849
0.084766	0.124182
0.083156	0.150513
0.062281	0.123938
0.076634	0.224154
0.115911	0.533192
0.106029	0.279917
0.087837	0.172160
0.117547	0.149285
0.121096	0.153792
0.116824	0.198017
0.197366	1.044067
0.213324	0.926891
0.160110	0.541974
0.197580	0.660904
0.130280	0.216916
0.121594	0.175703
0.209392	0.337121
0.138490	0.544266
0.070240	0.159093
0.155339	0.338639
0.194341	0.933807
0.129726	0.170590
0.063607	0.107179
0.093930	0.234825
0.152143	0.313415
0.181508	0.229608
0.073034	0.131460
0.083104	0.113437
0.202360	0.793252
0.125494	0.308088
0.280523	1.974881
0.209396	1.374683
0.174347	0.482941
0.157447	0.204681
0.194888	0.641180
0.235093	1.140203
0.114091	0.207645
0.146654	0.391567
0.211228	0.331628
0.115959	0.193652
0.097001	0.116886
0.114457	0.188282
0.160487	0.255977
0.211078	0.437987
0.202872	0.289092
0.249764	0.576955
0.140771	0.353335
0.441476	1.501018
0.080643	0.085481
0.311574	1.173077
0.176367	0.602293
0.110280	0.138402
0.347885	0.688812
0.205039	0.287055
0.302848	1.606608
0.185172	0.570329
0.127262	0.213164
0.117700	0.268356
0.140428	0.188876
0.153209	0.194576
0.113389	0.290276
0.094813	0.138427
0.163834	0.366168
0.077413	0.103733
0.092550	0.130496
0.229587	0.614145
0.095019	0.267479
0.284866	1.498397
0.199642	0.287485
0.149165	0.308027
0.127298	0.171852
0.149592	0.232616
0.104553	0.149511
0.135481	0.266220
0.287272	1.443540
0.210681	1.089222
0.175840	0.646213
0.105027	0.273596
0.129520	0.169671
0.152447	0.381118
0.080735	0.104551
0.244760	0.793021
0.094126	0.208488
0.143672	0.301711
0.122113	0.175843
0.152107	0.395479
0.182585	0.547755
0.106333	0.272745
0.137570	0.440222
0.100842	0.167397
0.191397	0.289967
0.133176	0.304974
0.143272	0.338121
0.097242	0.236297
0.214489	0.675641
0.080146	0.154282
0.095816	0.274032
0.111932	0.190845
0.327280	0.608741
0.325650	1.755254
0.316891	1.600302
0.100933	0.159979
0.148143	0.299990
0.293249	1.922249
0.392741	2.105092
0.098484	0.093560
0.184828	1.196762
0.061878	0.174495
0.110930	0.136444
0.113044	0.239088
0.136240	0.307221
0.229967	1.085445
0.170129	0.506134
0.194928	1.234872
0.167469	0.530040
0.086661	0.223151
0.100107	0.232249
0.088349	0.233242
0.281389	2.145595
0.135651	0.311319
0.104624	0.244820
0.312014	2.686442
0.063172	0.116552
0.131934	0.407015
0.155375	0.328619
0.112647	0.147568
0.329051	1.985825
0.172519	0.345038
0.124389	0.221412
0.101261	0.204547
0.197214	0.867739
0.127602	0.389187
0.234279	3.429842
0.141649	0.298171
0.289432	1.286524
0.153458	0.275458
0.132967	0.152248
0.185836	0.215570
0.153198	0.514745
0.159230	0.393299
0.207361	0.991187
0.125865	0.192574
0.276960	1.726844
0.097500	0.167212
0.075112	0.140835
0.162316	0.193968
0.267730	0.416320
0.243465	0.848475
0.142149	0.326943
0.099686	0.149031
0.119131	0.310337
0.135256	0.249548
0.221279	0.432601
0.375112	1.502323
0.130365	0.249649
0.145236	0.394316
0.089172	0.200192
0.132522	0.192157
0.129234	0.383824
0.147599	0.171214
0.172131	0.159221
0.168098	0.228613
0.135901	0.245982
0.163790	0.664986
0.125104	0.213928
0.249488	0.944312
0.116637	0.215196
0.139908	0.134312
0.056878	0.101813
0.241486	0.858483
0.125956	0.520826
0.081382	0.116376
0.132845	0.322814
0.112059	0.216275
0.110404	0.129724
0.095961	0.212073
0.168829	0.366359
0.116396	0.274112
0.250865	1.115094
0.092364	0.159789
0.164943	0.595443
0.166598	0.197419
0.325617	0.465632
0.121615	0.158708
0.093464	0.137392
0.164047	0.364184
0.168780	0.465833
0.131532	0.657002
0.292777	0.544565
0.132066	0.304412
0.149614	0.288006
0.214230	0.651258
0.182499	0.312073
0.365469	1.776179
0.145211	0.519131
0.191525	0.578406
0.148528	0.360182
0.112149	0.111028
0.254436	1.155142
0.096244	0.093357
0.072712	0.136335
0.078862	0.125785
0.196705	0.546840
0.154730	0.508287
0.184257	0.211896
0.104062	0.143085
0.184810	0.924977
0.217699	0.561664
0.127980	0.235482
0.151711	0.180536
0.168487	0.466709
0.225127	0.818336
0.350649	1.509542
0.359287	2.295842
0.104455	0.158771
0.111056	0.196570
0.228653	0.775132
0.149169	0.840569
0.118084	0.249156
0.079418	0.103640
0.217689	0.468032
0.114515	0.245634
0.152542	0.394322
0.137130	0.167299
0.122725	0.370017
0.120174	0.168844
0.087993	0.155748
0.081835	0.181264
0.063341	0.303722
0.093961	0.162552
0.154780	0.338969
0.230958	1.310689
0.088751	0.114045
0.053482	0.134239
0.247423	1.454846
0.137948	0.993227
0.166755	0.747898
0.125568	0.240463
0.248655	0.783265
0.211658	0.285738
0.108558	0.249141
0.198880	1.142568
0.087034	0.280684
0.297909	1.428476
0.184536	0.492710
0.223242	0.792510
0.115628	0.228943
0.132429	0.224467
0.116164	0.484986
0.097978	0.903850
0.083815	0.107703
0.083735	1.312135
0.253238	1.340897
0.155483	0.490550
0.083148	0.177522
0.064372	0.104283
0.077450	0.135537
0.172332	0.416181
0.157632	0.370436
0.108266	0.193254
0.191851	0.680113
0.100416	0.125520
0.338174	1.482894
0.238358	0.684088
0.143344	0.225767
0.102721	0.199793
0.068382	0.093342
0.128604	0.153682
0.139356	0.301009
0.127029	0.200071
0.110625	0.269924
0.102392	0.142324
0.174097	0.420444
0.239749	0.867893
0.149675	0.309080
0.086614	0.161536
0.070845	0.111581
0.154089	0.355946
0.170303	0.530493
0.229855	0.913675
0.223917	0.459029
0.098045	0.278938
0.081768	0.234675
0.106823	0.146348
0.065913	0.145008
0.145152	0.311350
0.101773	0.163346
0.195183	0.339618
0.165166	0.375752
0.267361	0.697812
0.140219	0.143023
0.054916	0.152940
0.254061	0.598314
0.193409	0.609239
0.278951	1.276200
0.135940	0.487346
0.186981	1.049896
0.261416	0.688830
0.367330	1.741146
0.153646	0.567724
0.126757	0.252246
0.094771	0.184804
0.056248	0.259302
0.075554	0.158285
0.089969	0.194332
0.159259	0.438758
0.182287	0.478503
0.070666	0.178078
0.129681	0.278815
0.182641	0.421901
0.181109	0.538798
0.138513	0.526350
0.206645	0.631300
0.261178	0.726076
0.063114	0.135695
0.154170	0.318362
0.086196	0.155584
0.143427	0.532113
0.107395	0.213717
0.197989	0.393999
0.143785	0.184045
0.279988	1.054156
0.102278	0.152905
0.221681	0.526492
0.147812	0.235760
0.175682	0.384743
0.079606	0.175531
0.211921	0.467285
0.255903	1.366520
0.116922	0.185321
0.115609	0.172835
0.348963	0.998034
0.148983	0.517717
0.136361	0.293177
0.152686	0.389349
0.193948	0.904765
0.190830	0.306283
0.252309	0.903267
0.261742	0.236876
0.340568	1.738602
0.179354	0.260064
0.194001	0.502463
0.179335	0.264519
0.125485	0.142425
0.206742	0.294608
0.152886	0.281310
0.215261	0.485414
0.229405	1.360374
0.141162	0.397371
0.257744	1.007779
0.128438	0.146419
0.132105	0.188249
0.126433	0.276887
0.125086	0.268309
0.140447	0.548445
0.143261	0.264317
0.101307	0.215784
0.136347	0.111805
0.343347	0.822315
0.188871	0.214369
0.148855	0.160764
0.206707	0.441320
0.234529	0.351793
0.102795	0.172696
0.101111	0.281594
0.121448	0.338840
0.089424	0.122063
0.304787	0.758919
0.234263	0.385363
0.290566	0.938528
0.216719	0.454027
0.118336	0.110644
0.184074	1.694405
0.150069	0.261119
0.101127	0.349900
0.116538	0.157326
0.079360	0.105945
0.169126	0.432962
0.144405	0.366789
0.191493	0.256601
0.170331	0.321075
0.172397	0.312901
0.247880	0.381735
0.106079	0.278459
0.174250	0.419071
0.233651	0.795582
0.089123	0.377881
0.211470	0.395450
0.184859	0.332746
0.065832	0.146148
0.110432	0.147427
0.095584	0.253775
0.167220	0.699818
0.180382	0.270573
0.390816	2.251103
0.182779	0.474312
0.100680	0.263277
0.139712	0.279424
0.160727	0.356814
0.084935	0.138444
0.099669	0.265119
0.121021	0.222073
0.132194	0.460695
0.076345	0.235144
0.132015	0.379542
0.062209	0.163299
0.115805	0.207291
0.172548	0.880860
0.056243	0.100674
0.144315	0.212864
0.240384	1.216344
0.100919	0.340602
0.059123	0.179734
0.052945	0.079153
0.072786	0.164132
0.084702	0.110959
0.211748	0.521960
0.181612	1.085131
0.186039	0.461377
0.094900	0.176514
0.091993	0.274600
0.139417	0.430799
0.160511	0.473509
0.102358	0.869529
0.061318	0.122023
0.059973	0.124444
0.160083	0.544282
0.036578	0.070778
0.185747	0.309269
0.105054	0.195400
0.422397	2.082418
0.193965	0.151293
0.267092	0.148236
0.308481	0.704878
0.247368	0.858367
0.265594	0.284185
0.292630	0.908615
0.216047	1.001378
0.095768	0.160891
0.113712	0.263812
0.080796	0.132910
0.110415	0.129737
0.099034	0.242634
0.239418	0.156819
0.260769	0.268592
0.172469	0.492399
0.192277	0.362443
0.089428	0.120728
0.141240	0.322028
0.138750	0.416251
0.155315	0.323831
0.141679	0.228104
0.139726	0.183041
0.112356	0.245498
0.134899	0.225955
0.121384	0.250658
0.201045	1.118816
0.120706	0.292713
0.206733	0.334908
0.129878	0.464964
0.079074	0.114657
0.090115	0.150943
0.105946	0.226195
0.329594	1.603476
0.119820	0.231851
0.118208	0.314432
0.106654	0.158914
0.156095	0.348873
0.084210	0.177263
0.101865	0.368243
0.214190	1.390094
0.121646	0.664793
0.126996	0.243197
0.126802	0.280232
0.093490	0.115461
0.115056	0.254274
0.092477	0.198363
0.058271	0.127321
0.187664	0.704679
0.131450	0.429184
0.172164	0.806590
0.086213	0.186220
0.103444	0.217749
0.091391	0.182782
0.093557	0.347097
0.143351	0.260900
0.058740	0.121885
0.187420	1.856397
0.172857	0.410535
0.226492	0.506209
0.049747	0.107950
0.138947	0.177852
0.101566	0.171139
0.183467	1.014575
0.259755	1.624770
0.126627	0.307071
0.084838	0.147619
0.068918	0.113025
0.186458	0.402749
0.135957	0.745725
0.080730	0.199001
0.188255	0.805732
0.318153	2.841102
0.044516	0.164042
0.352394	1.569915
0.207818	0.379268
0.167251	2.012861
0.220398	0.620421
0.110329	0.145634
0.153518	0.296290
0.314566	0.992456
0.106258	0.236425
0.181711	0.634173
0.364211	0.641012
0.093232	0.120735
0.211688	0.743027
0.207647	0.297974
0.260508	0.646060
0.149669	0.327026
0.191162	0.208367
0.094379	0.171770
0.153569	0.407726
0.215981	0.450320
0.129474	0.359939
0.151166	0.369600
0.162775	0.244163
0.115611	0.267061
0.079136	0.100502
0.158434	0.255871
0.332151	1.524572
0.098762	0.343197
0.076421	0.145200
0.226919	0.511703
0.244864	0.275472
0.297465	1.838333
0.142333	0.209230
0.261261	0.782476
0.085978	0.093715
0.136338	0.205189
0.140670	0.443814
0.112114	0.223107
0.072509	0.131604
0.133006	0.280643
0.176665	0.398380
0.218244	1.388032
0.174725	1.038741
0.126141	0.287602
0.084259	0.166833
0.177030	0.431069
0.114763	0.206573
0.175943	0.473286
0.109933	0.225362
0.168866	0.337732
0.182723	0.809464
0.262075	1.565896
0.077882	0.230140
0.144185	0.613509
0.138012	0.760448
0.084710	0.132994
0.073324	0.164611
0.179318	0.417811
0.096910	0.313989
0.167086	0.831251
0.181066	1.188699
0.130785	0.173290
0.269369	1.458632
0.174432	0.266881
0.123640	0.195351
0.365067	2.380240
0.120182	0.282427
0.139024	0.408035
0.088464	0.248584
0.109830	0.205382
0.225909	1.667212
0.072541	0.112439
0.227815	0.717617
0.189064	1.073882
0.063083	0.110710
0.101120	0.311449
0.035846	0.105747
0.236724	1.352877
0.160014	0.553650
0.252959	1.099109
0.076954	0.098502
0.158652	0.426774
0.076587	0.171171
0.139714	0.544188
0.106134	0.583736
0.183690	0.482185
0.154259	0.967978
0.106413	0.274545
0.130305	0.231943
0.143796	0.679435
0.161148	1.930554
0.215203	0.956579
0.129274	0.287634
0.080151	0.213203
0.171659	0.429146
0.113649	0.210819
0.216796	1.521909
0.307337	1.851707
0.055858	0.091328
0.299148	1.041036
0.126519	0.291626
0.174795	0.312009
0.135528	0.531271
0.271093	1.476101
0.090522	0.129447
0.152158	0.320293
0.163146	0.482912
0.224237	1.370088
0.107588	0.221094
0.091178	0.294962
0.125586	0.307686
0.230841	1.090725
0.142453	0.467957
0.271154	1.103599
0.467044	2.381925
0.108736	0.181589
0.081263	0.083701
0.135130	0.290529
0.377719	1.677070
0.137382	0.322161
0.231613	0.368265
0.139804	0.213900
0.206822	0.378483
0.153563	0.221131
0.157957	0.205345
0.127191	0.169800
0.448536	0.789424
0.303410	0.764594
0.124747	0.207080
0.247622	1.192301
0.245705	1.887016
0.127330	0.196725
0.356071	1.737625
0.089544	0.132973
0.252111	0.587418
0.082139	0.115816
0.087574	0.114721
0.071477	0.112218
0.177183	0.372970
0.119578	0.228991
0.266109	1.145600
0.110250	0.186874
0.103101	0.209810
0.075646	0.157722
0.227732	1.212674
0.066920	0.102723
0.170082	0.159026
0.174267	1.211156
0.093450	0.294836
0.152965	0.487193
0.069998	0.166945
0.059474	0.101700
0.166226	0.448810
0.133422	0.423613
0.163494	1.240104
0.078142	0.144953
0.295317	1.721699
0.107978	0.285063
0.166255	0.517883
0.103223	0.252895
0.083117	0.169144
0.168764	0.364530
0.194045	0.853797
0.117136	0.342622
0.122351	0.176185
0.199275	1.019292
0.192241	0.580567
0.154626	0.734476
0.145372	0.248585
0.148974	0.662189
0.192209	0.424782
0.106026	0.347764
0.114473	0.188880
0.119730	0.292140
0.224965	0.723264
0.156541	1.196756
0.061702	0.126489
0.078334	0.166459
0.141170	0.214578
0.208922	0.857627
0.187623	0.696083
0.125751	0.160332
0.202489	0.873741
0.092357	0.109904
0.181961	0.422149
0.192973	0.525852
0.074901	0.086511
0.165657	0.547498
0.132363	0.449371
0.166487	0.386250
0.220501	1.189602
0.265727	0.669633
0.210309	1.631996
0.145828	0.500918
0.370061	1.667127
0.158700	0.260268
0.120086	0.378871
0.398287	1.210792
0.078643	0.168689
0.189275	0.688961
0.205822	1.578651
0.227324	0.925208
0.112982	0.412383
0.131844	0.445634
0.270741	1.552701
0.109191	0.140310
0.099812	0.224078
0.168725	0.420125
0.149639	0.407766
0.079483	0.109289
0.299946	0.788858
0.096693	0.130536
0.170574	0.647330
0.128339	0.238711
0.133024	0.318594
0.211132	0.643952
0.170353	0.201016
0.090442	0.241932
0.140212	0.173162
0.350024	1.814874
0.205628	0.390694
0.296229	1.047171
0.260452	0.935023
0.253215	0.414007
0.103580	0.393087
0.234392	1.148522
0.075856	0.235912
0.183470	0.501791
0.225751	1.504632
0.060169	0.135080
0.122856	0.170770
0.209088	0.615765
0.097627	0.180609
0.159036	0.725204
0.145266	0.668224
0.151577	0.406225
0.097561	0.156586
0.221171	1.189902
0.214321	0.539017
0.142342	0.224900
0.127321	0.368593
0.088519	0.162432
0.122868	0.206418
0.299063	1.854191
0.133280	0.357190
0.211357	0.399464
0.102991	0.207012
0.191120	0.733899
0.073745	0.112092
0.113681	0.460410
0.113209	0.276231
0.265175	1.325875
0.092612	0.161608
0.192348	0.566464
0.079394	0.116710
0.173319	0.409900
0.304014	1.427347
0.152951	0.775459
0.051736	0.101144
0.090895	0.239053
0.074293	0.249255
0.086671	0.162075
0.076592	0.231307
0.128250	0.958672
0.137166	0.504771
0.069365	0.125203
0.229573	1.105396
0.118619	0.148866
0.196719	0.574418
0.117822	0.213847
0.069783	0.123516
0.199599	0.370256
0.162483	0.506948
0.070543	0.091353
0.093088	0.182453
0.062019	0.104812
0.100385	0.101890
0.259720	0.889543
0.114407	0.202500
0.107890	0.442888
0.185033	0.994553
0.301368	0.628351
0.374853	2.102923
0.095940	0.236012
0.174246	2.022126
0.355702	2.187569
0.257025	0.675975
0.065067	0.174704
0.110310	0.218413
0.197031	0.545776
0.155081	0.351259
0.244165	0.554255
0.261274	0.726341
0.169425	1.022478
0.090753	0.297216
0.134572	0.387566
0.177106	0.451620
0.201471	0.966054
0.167504	0.139028
0.100982	0.137840
0.119766	0.217375
0.128797	0.269830
0.090498	0.123077
0.362254	2.052168
0.344218	1.566193
0.189728	0.790219
0.084876	0.097183
0.121182	0.181774
0.259467	1.008030
0.128270	0.188557
0.126415	0.237660
0.111276	0.164133
0.167082	0.330822
0.187915	0.480123
0.130565	0.362318
0.253507	1.385416
0.118670	0.167918
0.104760	0.214758
0.253783	1.338705
0.118909	0.181335
0.159169	0.237162
0.155666	0.346357
0.147867	0.259506
0.168044	0.572190
0.230876	0.718023
0.091709	0.152238
0.071155	0.111001
0.145185	0.323763
0.102671	0.118071
0.251008	1.685519
0.342205	1.841061
0.218965	0.610912
0.338832	1.948284
0.091781	0.112431
0.103344	0.166384
0.121441	0.153016
0.138300	0.401762
0.051195	0.124147
0.091730	0.179790
0.092274	0.259290
0.206558	0.489543
0.105562	0.158871
0.062632	0.245519
0.243671	0.678623
0.229041	0.750109
0.186015	0.505031
0.294195	0.781087
0.123181	0.238971
0.142799	0.232049
0.281635	1.175828
0.239754	0.613771
0.319881	0.636563
0.175553	0.332672
0.243332	0.593730
0.216664	0.583911
0.182234	0.373579
0.161562	0.496804
0.276638	0.730324
0.112469	0.137212
0.143590	0.426463
0.123406	0.216577
0.139831	0.167098
0.101706	0.202394
0.158122	0.405583
0.172739	0.558809
0.105754	0.131664
0.104390	0.271937
0.236729	0.841571
0.077652	0.143656
0.128246	0.348828
0.093734	0.148100
0.053666	0.157240
0.210033	0.664753
0.160064	0.477791
0.092902	0.130992
0.132385	0.261460
0.119518	0.375884
0.184678	0.396134
0.460020	1.920583
0.135241	0.386112
0.145697	0.177021
0.165688	0.506178
0.278950	1.396147
0.078395	0.195988
0.347684	0.937009
0.123077	0.409231
0.102870	0.157905
0.124185	0.158957
0.128936	0.389387
0.083069	0.212657
0.110175	0.165813
0.118628	0.216495
0.201808	0.791086
0.158481	0.468311
0.251063	1.409717
0.120684	0.213611
0.166506	0.619404
0.204770	0.972656
0.177457	0.395729
0.107378	0.603462
0.111556	0.333551
0.088930	0.164966
0.091541	0.188574
0.121801	0.357487
0.096605	0.152637
0.059871	0.120341
0.180761	0.495286
0.159993	0.507979
0.098628	0.167175
0.080549	0.169154
0.217180	1.126077
0.249992	0.734977
0.069291	0.207180
0.103159	0.136685
0.353067	1.820058
0.142761	0.143475
0.263170	0.568446
0.119856	0.177986
0.109019	0.229485
0.363051	2.232766
0.196809	0.643564
0.207658	0.685272
0.176190	0.456332
0.089597	0.126332
0.104520	0.188659
0.194290	0.766475
0.095810	0.228507
0.109231	0.161662
0.195291	0.735271
0.289730	1.360282
0.198143	1.064029
0.357425	1.410040
0.197989	0.565260
0.219778	0.506589
0.375624	1.688430
0.178011	0.247435
0.068308	0.101096
0.418767	1.432181
0.126666	0.375564
0.352193	3.231374
0.075409	0.102556
0.093815	0.350867
0.122956	0.323375
0.126812	0.256794
0.109067	0.309749
0.246278	0.751148
0.266151	0.757198
0.108491	0.177382
0.127074	0.284010
0.124446	0.167380
0.067695	0.122527
0.194134	0.218401
0.105382	0.247121
0.102668	0.277204
0.191506	1.384589
0.235404	1.166425
0.198915	0.503254
0.110517	0.168538
0.145602	0.322509
0.098592	0.160212
0.072080	0.118933
0.231521	0.914507
0.123977	0.203322
0.211793	0.513598
0.179344	0.636673
0.214394	0.453443
0.094248	0.134303
0.101947	0.264552
0.094082	0.173582
0.178558	0.482999
0.094875	0.155121
0.195060	0.839732
0.249026	0.510504
0.132877	0.188020
0.161046	0.429993
0.075891	0.116113
0.193763	0.657825
0.101992	0.168287
0.137152	0.291447
0.097248	0.204221
0.183556	0.580954
0.127203	0.372070
0.223556	1.967295
0.092208	0.251727
0.108744	0.152785
0.145983	0.301454
0.108338	0.241052
0.228252	0.701875
0.109779	0.152593
0.105286	0.308487
0.141808	0.321903
0.118831	0.225185
0.112983	0.265510
0.299109	1.847000
0.162360	0.231364
0.160941	0.510184
0.157675	0.372113
0.232604	1.186281
0.183977	0.435105
0.159967	0.271944
0.102533	0.208142
0.108262	0.355641
0.158079	0.585683
0.168257	0.367642
0.091715	0.216447
0.187381	0.485316
0.094969	0.184239
0.134636	0.296871
0.132715	0.292636
0.193018	0.682319
0.170887	0.245223
0.217937	0.481640
0.164440	0.319013
0.119069	0.375067
0.292870	1.902189
0.124048	0.202819
0.095936	0.188994
0.128577	0.227581
0.115519	0.165770
0.325324	1.398894
0.093923	0.106602
0.110694	0.235779
0.080763	0.119529
0.171163	0.359443
0.154279	0.169707
0.240510	0.788874
0.063698	0.135994
0.112545	0.524462
0.081703	0.125005
0.119207	0.181790
0.108411	0.286204
0.132263	1.027684
0.065713	0.119598
0.137399	0.451357
0.148510	0.548746
0.183509	0.731285
0.154182	0.272901
0.067415	0.123032
0.062456	0.109610
0.129684	0.243806
0.099673	0.176421
0.243764	0.719103
0.087876	0.185419
0.079222	0.264601
0.026486	0.109519
0.128981	0.189601
0.121908	0.242596
0.172232	0.242847
0.108971	0.209225
0.222655	0.438631
0.128679	0.269582
0.086699	0.238423
0.075055	0.174879
0.151337	0.334455
0.244146	1.336698
0.125811	0.145940
0.296807	1.123413
0.110260	0.247533
0.129640	0.210665
0.096462	0.242120
0.349410	1.313780
0.235193	1.197135
0.092505	0.165122
0.270571	0.869886
0.104964	0.195758
0.143243	0.228472
0.223281	1.132034
0.150863	0.219506
0.165392	0.186066
0.147789	0.402724
0.210898	0.405978
0.192808	0.480092
0.182119	0.405216
0.220694	0.449112
0.044281	0.104725
0.082070	0.231849
0.110754	0.165577
0.110215	0.221533
0.070924	0.134756
0.246548	1.206854
0.096105	0.169626
0.060615	0.211850
0.089770	0.254498
0.055313	0.107030
0.119597	0.242782
0.080492	0.111884
0.147282	0.497813
0.115738	0.288187
0.086554	0.215519
0.233651	0.704456
0.168432	0.586986
0.211524	0.391320
0.130238	0.471463
0.074546	0.202393
0.179948	0.510153
0.096858	0.186935
0.079832	0.435484
0.226786	1.095377
0.104593	0.218076
0.087403	0.160384
0.134504	0.202428
0.301369	0.996025
0.136612	0.296448
0.140984	0.357394
0.188348	0.454861
0.188728	0.834179
0.110049	0.118302
0.102609	0.190852
0.174699	0.372982
0.275899	1.044277
0.114662	0.227031
0.142903	0.171483
0.174728	0.447303
0.177283	1.316328
0.075197	0.187993
0.251144	0.526147
0.218930	0.907464
0.168448	0.381535
0.111461	0.156602
0.134588	0.407801
0.098174	0.151189
0.175688	0.617545
0.141913	0.244091
0.175736	0.593110
0.205426	1.014805
0.093544	0.239472
0.326395	2.265182
0.133759	0.155161
0.103451	0.189315
0.102783	0.132590
0.114609	0.212026
0.178242	0.970529
0.465322	1.451803
0.163383	0.623305
0.078804	0.240352
0.166402	0.683082
0.353940	1.215783
0.052939	0.133143
0.073063	0.122745
0.138928	0.211171
0.127247	0.251950
0.298610	0.627082
0.090438	0.116213
0.249134	1.280547
0.308269	1.767924
0.078915	0.122713
0.159912	0.384588
0.105245	0.207334
0.220438	0.900489
0.109538	0.297397
0.091454	0.148156
0.219639	0.393153
0.181232	0.332560
0.068555	0.084666
0.173602	0.244779
0.176895	0.491769
0.387135	1.908576
0.201219	0.870274
0.116063	0.273329
0.146165	0.139587
0.088952	0.252178
0.141309	0.176636
0.103668	0.123883
0.068944	0.126167
0.106363	0.190391
0.229953	0.609377
0.160493	0.434132
0.161106	0.283546
0.114965	0.254647
0.147231	0.371757
0.096505	0.127869
0.103303	0.293381
0.129379	0.236764
0.093456	0.170557
0.276415	0.848595
0.100502	0.156783
0.220283	0.402017
0.126011	0.240051
0.195852	0.846079
0.182029	0.548818
0.162960	0.437548
0.387430	1.216530
0.322436	0.868966
0.192231	0.420025
0.228427	0.446576
0.212145	0.627950
0.129947	0.389192
0.156086	0.273151
0.212754	0.604222
0.140161	0.414176
0.169380	0.702928
0.125962	0.249404
0.193487	0.397615
0.079192	0.163532
0.173834	0.502379
0.190829	0.288151
0.080729	0.148945
0.105399	0.374695
0.034675	0.141127
0.101576	0.178265
0.123257	0.175641
0.187783	0.774604
0.083961	0.228794
0.208536	1.692266
0.169950	0.458864
0.082662	0.141353
0.279216	0.911640
0.343899	2.685854
0.130613	0.325226
0.056931	0.120408
0.279831	1.642608
0.313975	0.762959
0.133648	0.279993
0.255931	1.452406
0.198047	1.080346
0.127977	0.246355
0.086350	0.123912
0.221450	1.623229
0.067543	0.144204
0.149733	0.265777
0.236840	1.142754
0.065593	0.108557
0.053990	0.173038
0.330564	1.743727
0.098283	0.156761
0.100353	0.270451
0.100235	0.147345
0.056827	0.271631
0.061846	0.115653
0.216658	1.310783
0.072433	0.105029
0.198394	0.584270
0.195176	0.230308
0.186534	0.236898
0.155370	0.243154
0.164603	0.278179
0.104186	0.166176
0.189853	0.341735
0.238171	1.582648
0.176509	0.283297
0.086504	0.155275
0.189334	0.804668
0.112304	0.166771
0.105115	0.196566
0.179542	0.463217
0.355735	1.317998
0.147425	0.378883
0.275167	2.171069
0.120022	0.260448
0.084267	0.083003
0.120295	0.196682
0.171787	0.571192
0.205843	0.655611
0.453194	1.663222
0.192207	0.358467
0.163776	0.287427
0.129969	0.173509
0.175978	0.771662
0.187426	0.499491
0.167340	0.236786
0.133509	0.351796
0.111626	0.161858
0.247013	0.522432
0.131177	0.173154
0.156895	0.361642
0.121002	0.093777
0.282688	0.942764
0.184310	0.750141
0.254529	0.697410
0.167762	0.682792
0.232054	0.833072
0.155146	0.628339
0.096552	0.145794
0.152039	0.255426
0.221106	0.347137
0.267171	1.127461
0.134937	0.122793
0.172460	0.280247
0.145418	0.360637
0.186108	0.921233
0.260954	0.788082
0.244071	0.338038
0.144869	0.554847
0.223098	1.273892
0.093229	0.224215
0.101601	0.167134
0.099641	0.150956
0.240906	0.461335
0.140536	0.430744
0.415448	2.471917
0.125503	0.163154
0.189196	0.501370
0.110390	0.150682
0.146015	0.370148
0.173913	0.586087
0.132475	0.172217
0.097280	0.159053
0.212468	1.092085
0.081395	0.164824
0.197519	0.621198
0.109045	0.201188
0.129416	0.212889
0.165742	0.671253
0.098000	0.209231
0.183931	0.442355
0.252398	1.702427
0.105463	0.346447
0.066134	0.135244
0.111946	0.230610
0.193102	0.723166
0.152399	0.376425
0.032588	0.144041
0.084040	0.335740
0.073660	0.117119
0.102856	0.189256
0.135656	0.695236
0.262442	1.132437
0.183388	0.499731
0.100101	0.235236
0.082538	0.176630
0.182545	0.201712
0.077862	0.120296
0.099256	0.171217
0.151244	0.516497
0.235193	2.334293
0.123437	0.477702
0.271530	1.497489
0.086932	0.291224
0.079839	0.178441
0.133845	0.476488
0.101985	0.180004
0.102820	0.123384
0.166824	0.333647
0.112198	0.181760
0.138531	0.361567
0.057464	0.127282
0.143568	0.356048
0.083318	0.207461
0.135889	0.146080
0.155435	0.334184
0.073004	0.155498
0.077557	0.126806
0.092483	0.205311
0.107301	0.150222
0.138644	1.045376
0.187648	0.787182
0.132462	0.488124
0.057097	0.117904
0.104144	0.264525
0.141679	0.350654
0.094311	0.160801
0.141847	0.286532
0.252903	1.000230
0.191470	1.890763
0.115000	0.229999
0.065056	0.117101
0.157017	0.405103
0.174812	1.227180
0.095264	0.214819
0.079982	0.159164
0.147846	0.343003
0.087518	0.221421
0.119744	0.204763
0.078987	0.123614
0.095893	0.218635
0.238541	2.003747
0.419499	1.338203
0.109413	0.370362
0.116138	0.201500
0.202108	0.256677
0.139355	0.356749
0.217820	0.600094
0.117342	0.217670
0.237366	1.017112
0.232339	1.098962
0.188217	0.533595
0.111966	0.314066
0.112909	0.317839
0.136610	0.214477
0.284359	1.494305
0.171800	0.408024
0.143571	0.402715
0.117716	0.217774
0.149671	1.012522
0.099276	0.299317
0.152414	0.213380
0.179720	0.515795
0.101464	0.122264
0.096847	0.221780
0.216279	0.924591
0.331356	1.673346
0.131539	0.157189
0.112814	0.228448
0.207787	0.759460
0.182932	0.404280
0.088577	0.079719
0.227527	0.697370
0.306398	1.427817
0.244116	0.533395
0.192911	0.456233
0.178793	0.368314
0.155325	0.296671
0.317790	1.234614
0.158592	0.235510
0.189344	0.451587
0.174558	0.375300
0.199623	0.520018
0.195591	0.786275
0.096612	0.163757
0.128677	0.171140
0.236542	0.580710
0.208755	0.335052
0.202671	0.396223
0.264629	1.046609
0.114897	0.149366
0.325738	0.846919
0.269803	0.750051
0.189586	0.571601
0.184060	0.448186
0.118390	0.190608
0.208526	0.616195
0.179528	0.649890
0.209218	0.568027
0.124160	1.137310
0.075273	0.210765
0.441654	1.759991
0.282598	1.379078
0.229403	0.430131
0.253738	0.607702
0.172502	0.348455
0.219970	1.451801
0.211124	1.297357
0.253439	0.966870
0.232749	0.772727
0.132429	0.201292
0.195446	1.218604
0.110293	0.281798
0.053963	0.157032
0.090212	0.215156
0.214014	0.308181
0.142655	0.513558
0.240072	1.097131
0.161211	0.140253
0.111357	0.198215
0.180900	0.258686
0.173239	0.550034
0.103099	0.213931
0.089357	0.248413
0.092982	0.219438
0.101686	0.195746
0.102988	0.154996
0.074533	0.179251
0.140263	0.609441
0.089304	0.220581
0.171141	0.452667
0.094148	0.169937
0.117807	0.313954
0.100926	0.153408
0.103212	0.217260
0.116050	0.224557
0.250210	1.781494
0.128004	0.728984
0.178434	2.020766
0.057756	0.093275
0.108055	0.159922
0.138219	0.279893
0.124131	0.512039
0.207597	0.233547
0.173328	0.897841
0.082077	0.123116
0.106542	0.219476
0.083188	0.134348
0.056597	0.100460
0.264586	1.260755
0.220018	0.583047
0.081401	0.111927
0.131731	0.241726
0.088234	0.172057
0.146862	0.342189
0.420864	1.748690
0.249258	0.614420
0.098215	0.109019
0.106950	0.160426
0.213045	0.483613
0.082710	0.201812
0.216735	0.484403
0.111194	0.154560
0.097908	0.220784
0.059318	0.103807
0.105058	0.233229
0.099947	0.258864
0.057771	0.160892
0.401354	1.743884
0.104226	0.154254
0.199260	0.831909
0.134108	0.244076
0.115313	0.288282
0.141391	0.270057
0.168485	0.276315
0.080774	0.123988
0.384847	2.128204
0.274721	1.206027
0.112992	0.216380
0.120054	0.265318
0.139677	0.457444
0.126676	0.188114
0.180521	0.389925
0.154686	0.606370
0.104295	0.131412
0.161104	0.596086
0.144377	0.233891
0.228612	1.003607
0.159573	0.382177
0.228479	0.484376
0.220828	0.701130
0.193208	1.231699
0.122547	0.662367
0.132644	0.370741
0.136104	0.314400
0.057802	0.131788
0.167337	0.323798
0.091245	0.123181
0.072793	0.114650
0.093482	0.233706
0.079409	0.352975
0.090114	0.274398
0.153526	1.093109
0.081425	0.188091
0.105929	0.280711
0.144315	0.448818
0.154887	0.995921
0.107564	0.203296
0.070902	0.168037
0.084566	0.153910
0.108533	0.215982
0.197506	0.791010
0.223921	0.949425
0.063837	0.122247
0.123021	0.507461
0.022468	0.112901
0.222724	0.457697
0.151805	0.808360
0.180259	1.445674
0.137525	0.529470
0.075272	0.273614
0.079616	0.117035
0.155385	0.239292
0.247104	0.512740
0.211089	0.294470
0.129948	0.273540
0.272544	0.908935
0.186893	0.541991
0.085278	0.098496
0.378534	1.756400
0.213606	1.090460
0.112223	0.294586
0.161027	0.280993
0.207410	1.033936
0.114587	0.248653
0.100949	0.158995
0.214052	2.658523
0.258255	0.767017
0.153434	0.584584
0.319600	1.193707
0.122662	0.174181
0.091324	0.217808
0.164829	0.482125
0.081792	0.116963
0.151020	0.298265
0.150379	0.789489
0.156441	0.247176
0.151787	0.319511
0.125809	0.164810
0.117965	0.259522
0.108125	0.254094
0.127379	0.110820
0.158012	1.904048
0.123936	0.196438
0.218542	1.181220
0.106396	0.154806
0.117546	0.258013
0.291708	1.286430
0.276131	1.486967
0.083383	0.092556
0.076304	0.295295
0.141659	0.307399
0.171291	0.512160
0.125547	0.310728
0.118571	0.117978
0.400972	1.738214
0.154779	0.565718
0.214676	0.677302
0.140002	0.273004
0.278168	0.611969
0.117852	0.231579
0.245481	0.525330
0.331920	1.457130
0.137289	0.486005
0.114887	0.128099
0.148397	0.273793
0.147210	0.321654
0.128749	0.393971
0.072319	0.141383
0.071824	0.108096
0.140872	0.409936
0.075936	0.178070
0.074804	0.244609
0.083676	0.128024
0.074333	0.116703
0.106046	0.143692
0.158538	0.282198
0.110926	0.170826
0.202989	0.571414
0.059227	0.100982
0.123617	0.349219
0.306534	1.498950
0.089547	0.200138
0.118407	0.312003
0.167760	0.413528
0.124417	0.277449
0.122436	0.410160
0.130516	0.507707
0.156837	0.973175
0.157057	0.662781
0.160500	0.498353
0.229712	0.962494
0.068673	0.096486
0.242340	0.513762
0.386721	1.968409
0.184496	0.632821
0.149363	0.342042
0.199790	1.364565
0.203085	0.613316
0.089495	0.144982
0.147478	0.575900
0.077906	0.109458
0.096911	0.136160
0.138438	0.276876
0.100958	0.213021
0.112599	0.608597
0.082552	0.115573
0.251373	0.697560
0.102525	0.139947
0.194082	0.441537
0.296457	0.542517
0.111833	0.223665
0.162855	1.135914
0.114445	0.179107
0.096602	0.093704
0.116767	0.159970
0.146723	0.420362
0.142726	0.170558
0.158672	0.210240
0.089512	0.419364
0.269343	1.703595
0.384037	1.866421
0.120102	0.193364
0.117352	0.417188
0.170127	0.361519
0.197912	0.348325
0.213989	0.686903
0.115840	0.248476
0.294146	1.153054
0.158078	0.288492
0.097196	0.184187
0.096252	0.249775
0.083394	0.127593
0.215533	1.472092
0.110247	0.275618
0.145948	0.477979
0.205079	0.583450
0.107991	0.251619
0.088021	0.153156
0.068263	0.133455
0.085660	0.178601
0.197570	0.714214
0.131941	0.406379
0.125668	0.287152
0.106299	0.201968
0.067745	0.106699
0.079619	0.116643
0.120399	0.139061
0.137390	0.414232
0.181563	0.639103
0.351008	3.890921
0.169412	0.629367
0.107458	0.228349
0.227719	0.299450
0.085055	0.163731
0.217247	1.418621
0.189365	0.451634
0.203346	0.808302
0.094922	0.137162
0.061644	0.217913
0.174386	0.655692
0.055909	0.121322
0.176249	0.377173
0.185755	0.909269
0.123448	0.937584
0.070087	0.127207
0.158287	0.433707
0.143022	0.267451
0.173761	0.426582
0.111975	0.333686
0.048159	0.121601
0.139912	0.277025
0.138230	0.286828
0.097218	0.165271
0.130473	0.628229
0.082182	0.194360
0.096696	0.308459
0.136817	0.374194
0.246693	1.349412
0.091806	0.208859
0.141557	0.365926
0.180933	1.555122
0.298762	1.520696
0.193248	0.396158
0.099088	0.165973
0.079699	0.195660
0.198030	0.516858
0.163430	0.166698
0.073866	0.144038
0.140946	0.239608
0.265622	2.205995
0.247030	0.659570
0.238995	0.472016
0.184050	0.454602
0.127482	0.350576
0.142891	0.304357
0.233964	0.696044
0.148434	0.564793
0.132503	0.272293
0.083916	0.153986
0.103552	0.257846
0.106949	0.181278
0.097036	0.116929
0.160441	0.413939
0.199503	0.592524
0.266728	1.158932
0.291958	0.852518
0.151350	0.439672
0.149368	0.390598
0.152553	0.393588
0.111005	0.146526
0.276134	2.496251
0.260748	0.392425
0.113382	0.173474
0.189252	0.276308
0.349671	2.951227
0.107607	0.303451
0.139789	0.310332
0.062713	0.109121
0.118213	0.142447
0.093069	0.406712
0.181359	0.301963
0.308558	1.240404
0.143230	0.425394
0.163116	0.630444
0.232308	0.664400
0.249932	0.506113
0.130300	0.222161
0.171749	0.260199
0.176126	1.216149
0.255536	0.969759
0.144054	0.428560
0.076527	0.166064
0.092708	0.146943
0.184326	0.472796
0.109163	0.394079
0.061892	0.156277
0.084419	0.172215
0.065539	0.214640
0.111767	0.337537
0.175872	0.583016
0.119119	0.370461
0.084998	0.260520
0.115564	0.149078
0.072007	0.119531
0.136472	0.775162
0.088315	0.439366
0.108742	0.420830
0.125239	0.485301
0.149370	0.426451
0.203370	1.539508
0.161055	0.479944
0.174904	0.402280
0.071587	0.194358
0.158675	0.324490
0.180438	0.802047
0.174411	0.373240
0.090648	0.182655
0.331345	2.036114
0.366306	2.897477
0.126781	0.261168
0.180291	0.863593
0.072404	0.326178
0.158296	0.451935
0.104004	0.204368
0.111614	0.252806
0.070634	0.182234
0.064907	0.140199
0.148400	0.438523
0.103833	0.112140
0.157641	0.708596
0.201139	0.582298
0.071728	0.171429
0.112911	0.225822
0.298175	1.729416
0.103883	0.158941
0.064002	0.100803
0.092409	0.365476
0.109734	0.260617
0.304739	0.565292
0.084884	0.121384
0.111356	0.559007
0.102254	0.208086
0.125040	0.233826
0.139896	0.436477
0.096795	0.166487
0.265312	1.402174
0.176360	0.395929
0.102367	0.138195
0.104036	0.163337
0.142710	0.179102
0.114197	0.113055
0.066565	0.166413
0.140511	0.258540
0.199731	0.364510
0.071099	0.129045
0.193570	0.399723
0.085238	0.183262
0.071978	0.116245
0.073218	0.281157
0.204402	0.665327
0.179962	0.776537
