Velocity(m/s)	Chord(mm)
0.098341	0.210449
0.105348	0.225971
0.096705	0.235478
0.074374	0.195233
0.309970	1.670739
0.145799	0.377620
0.147107	0.506785
0.144759	0.587723
0.102855	0.569303
0.088251	0.233864
0.090749	0.380240
0.120809	0.253698
0.227344	0.471739
0.150817	0.254880
0.086526	0.183004
0.140999	0.186824
0.137645	0.392975
0.137601	0.252497
0.127803	0.387881
0.157660	0.248315
0.144487	0.262244
0.153114	0.410346
0.294763	1.780369
0.117920	0.339019
0.103452	0.283459
0.076533	0.186357
0.109282	0.163377
0.142392	0.153071
0.116748	0.291869
0.230827	1.054881
0.123727	0.189303
0.194513	0.630223
0.280970	0.953894
0.153270	0.602351
0.158955	0.679534
0.170967	1.434410
0.168791	0.340958
0.144723	0.174391
0.145131	0.171980
0.171337	0.312689
0.214851	0.370617
0.309167	0.593601
0.135557	0.210113
0.331774	1.843005
0.199462	1.455074
0.118319	0.170971
0.169400	0.178717
0.154343	0.282447
0.188827	0.181274
0.085263	0.192268
0.412733	1.582830
0.310490	1.931245
0.096098	0.128291
0.220593	0.478687
0.120861	0.291879
0.165779	0.271878
0.186851	0.391453
0.215663	0.422700
0.109063	0.195768
0.210134	1.196710
0.113981	0.193198
0.141308	0.694530
0.135026	0.218742
0.133587	0.335303
0.099068	0.226865
0.086416	0.160302
0.158857	0.149326
0.198414	0.604172
0.259985	1.923887
0.107489	0.190792
0.161505	0.264060
0.252841	1.428551
0.126049	0.267223
0.128256	0.368095
0.075271	0.103498
0.110831	0.155717
0.128171	0.271723
0.106243	0.117930
0.121252	0.208553
0.283572	1.976500
0.113471	0.187227
0.305440	1.099584
0.112006	0.277215
0.120358	0.210626
0.072577	0.137170
0.131839	0.592617
0.057111	0.111651
0.312167	0.490102
0.120110	0.273249
0.091678	0.108638
0.151423	0.214264
0.105721	0.218313
0.259844	1.206973
0.089897	0.134397
0.352133	0.589823
0.212659	0.569925
0.507422	2.339216
0.299034	1.837565
0.203655	0.365561
0.199876	0.416741
0.117453	0.180290
0.267239	1.110376
0.120194	0.264426
0.138180	0.148543
0.135909	0.204542
0.143256	0.308000
0.158090	0.230811
0.109290	0.133880
0.159851	0.139071
0.213369	0.416069
0.302492	0.549023
0.190376	0.142782
0.271452	0.720704
0.151447	0.323339
0.115067	0.153615
0.188933	0.385423
0.152972	0.279173
0.229238	0.747315
0.157820	0.288021
0.135964	0.265810
0.270491	0.719505
0.162316	0.624105
0.137610	0.138986
0.207252	0.150258
0.277501	1.565108
0.097154	0.170020
0.208374	3.102696
0.123996	0.334789
0.107135	0.183737
0.175199	0.357406
0.158055	0.464683
0.217558	0.428590
0.065028	0.127454
0.123107	0.191431
0.112255	0.158841
0.070437	0.139113
0.148178	0.441572
0.083078	0.110493
0.207311	0.638519
0.125006	0.402520
0.083555	0.143715
0.210559	1.915032
0.199378	1.812344
0.234639	0.651124
0.147574	0.360081
0.227918	1.101983
0.151852	0.119204
0.137543	0.724166
0.191808	0.876565
0.088383	0.178091
0.299407	0.881754
0.172697	0.292722
0.218215	0.577180
0.225359	0.336911
0.138161	0.349547
0.140350	0.374033
0.263160	0.939481
0.114239	0.330722
0.088734	0.128220
0.143062	0.389845
0.137915	0.521317
0.172586	0.272685
0.283520	1.908093
0.292967	0.571286
0.072879	0.161792
0.100570	0.259972
0.118824	0.188931
0.093180	0.168656
0.122781	0.391056
0.242874	0.813629
0.210459	0.725033
0.141753	0.255155
0.148345	0.367154
0.139493	0.249692
0.212221	0.519941
0.115918	0.208653
0.095787	1.507682
0.208371	0.706377
0.197740	0.842371
0.059276	0.163010
0.120638	0.388454
0.092467	0.356922
0.210484	1.121881
0.186635	0.464720
0.197240	1.112435
0.090884	0.141779
0.272297	2.313163
0.360538	1.644053
0.091509	0.318453
0.165265	0.386719
0.073954	0.411553
0.144381	0.196358
0.064343	0.133512
0.182895	1.688117
0.250057	1.169017
0.074348	0.129366
0.166284	0.454788
0.215782	1.317348
0.212946	0.562176
0.112585	0.399113
0.242826	1.481238
0.061298	0.139760
0.289769	3.274385
0.294924	1.611758
0.179636	1.218831
0.347178	1.265464
0.170038	0.448901
0.068472	0.129754
0.137527	0.288119
0.336014	2.048007
0.197324	0.704447
0.087939	0.133667
0.157407	0.492683
0.163379	0.388025
0.274707	1.310354
0.108493	0.166537
0.120139	0.129149
0.142295	0.305935
0.264723	0.444735
0.112099	0.252783
0.095628	0.117144
0.162291	0.423580
0.189453	0.381747
0.180273	0.292042
0.153241	0.268171
0.124449	0.114493
0.171259	0.183248
0.104003	0.107643
0.126118	0.231426
0.164770	0.215025
0.323955	0.724040
0.109373	0.123045
0.154586	0.370234
0.145354	0.244195
0.197912	0.811438
0.082738	0.094735
0.133873	0.304560
0.113350	0.290742
0.181793	0.440847
0.153246	0.534827
0.123085	0.176627
0.095765	0.271015
0.220541	1.528347
0.063885	0.151407
0.133267	0.281194
0.174925	0.221281
0.102785	0.190152
0.267359	0.467878
0.186887	1.133471
0.318000	1.143211
0.144814	0.319314
0.143385	0.281035
0.107303	0.136811
0.244416	0.679476
0.115523	0.340215
0.081722	0.161809
0.111849	0.123593
0.136308	0.335317
0.071615	0.144662
0.176430	0.296402
0.126143	0.251025
0.219220	0.486667
0.132140	0.233887
0.129882	0.479264
0.132331	0.326196
0.239971	0.455944
0.226751	0.580482
0.077547	0.103913
0.201134	0.209179
0.069370	0.200827
0.226766	0.645150
0.091357	0.151195
0.113786	0.217900
0.133304	0.382583
0.088714	0.161015
0.183373	0.458433
0.146963	0.186643
0.397084	1.540687
0.091926	0.149839
0.163984	0.441938
0.204286	0.673124
0.135271	0.298272
0.101368	0.150531
0.243950	0.918472
0.236938	0.736878
0.091206	0.166907
0.193153	0.524411
0.181365	0.263886
0.248935	0.558859
0.114453	0.226045
0.169346	0.402196
0.158707	0.180926
0.130666	0.128053
0.150477	0.294936
0.115598	0.130047
0.260535	0.324367
0.170809	0.156290
0.268540	0.851273
0.227460	0.382133
0.221252	0.477903
0.221641	0.597321
0.169630	0.140793
0.106099	0.236600
0.265160	0.832601
0.166144	0.279952
0.246216	0.828516
0.275717	0.867130
0.245273	1.165048
0.224636	0.297643
0.109452	0.148307
0.299956	1.586767
0.198179	0.413203
0.265229	0.745294
0.091306	0.097697
0.158389	0.357167
0.064651	0.155485
0.127251	0.240504
0.127965	0.171474
0.173341	0.549492
0.192546	0.628661
0.141804	0.270846
0.245680	1.196461
0.108872	0.175284
0.105866	0.275781
0.090287	0.096607
0.254895	1.047618
0.272067	0.963116
0.121810	0.141908
0.103426	0.194440
0.123008	0.092256
0.091743	0.177522
0.147736	0.718735
0.255198	0.543571
0.116357	0.173953
0.126526	0.165117
0.224306	0.602262
0.167748	0.187039
0.089622	0.115165
0.114796	0.143495
0.133245	0.334446
0.143488	0.408223
0.142412	0.445036
0.127403	0.181549
0.106933	0.169488
0.192133	0.384265
0.122188	0.186947
0.054144	0.108289
0.083875	0.166073
0.110200	0.187339
0.204828	0.934014
0.206932	0.524573
0.172418	1.223303
0.090268	0.127278
0.142156	0.165612
0.096420	0.159092
0.089040	0.229722
0.058127	0.118289
0.091891	0.130485
0.179025	0.999853
0.067242	0.125742
0.095162	0.213639
0.282145	2.034266
0.138858	0.527661
0.262502	1.078883
0.232339	0.756265
0.191493	0.630971
0.231076	1.302112
0.107080	0.295541
0.173821	0.766549
0.086987	0.129610
0.100171	0.337074
0.086476	0.130579
0.070332	0.107256
0.162734	0.408462
0.167434	0.440352
0.088403	0.137466
0.304358	1.549183
0.104695	0.282152
0.276889	0.988492
0.123122	0.366904
0.136863	0.343527
0.119297	0.417539
0.166482	0.648449
0.076749	0.191873
0.094101	0.183497
0.120886	0.110006
0.122365	0.180489
0.167829	0.325588
0.125625	0.195976
0.220797	0.485753
0.200102	0.193098
0.080902	0.129848
0.182282	0.369122
0.111293	0.181965
0.229592	0.459183
0.117415	0.152052
0.127147	0.260016
0.240996	0.465123
0.232881	1.084059
0.136317	0.417810
0.182447	0.291916
0.155192	0.484976
0.301424	0.605862
0.367465	1.714226
0.299911	1.576032
0.219197	0.387978
0.173664	0.265707
0.138857	0.440872
0.125809	0.608288
0.127717	0.260544
0.068092	0.151164
0.108762	0.296378
0.084481	0.156712
0.200314	1.029615
0.080472	0.199571
0.243924	0.886666
0.164278	0.493655
0.101310	0.166654
0.178688	0.467270
0.215433	0.950060
0.414649	1.612983
0.159643	0.757507
0.245573	0.620071
0.139771	0.327763
0.152921	0.244674
0.124317	0.276605
0.118817	0.204959
0.179571	0.429174
0.147949	0.329186
0.192976	0.278851
0.308386	0.942119
0.220593	0.618764
0.163056	0.453297
0.159317	0.282787
0.138608	0.211377
0.189744	0.836771
0.084482	0.151223
0.197794	0.366907
0.110917	0.185785
0.148620	0.178344
0.108547	0.148167
0.145838	0.154588
0.144090	0.373192
0.300710	1.795237
0.184093	0.522825
0.132161	0.272251
0.124350	0.644134
0.131521	2.023447
0.159913	0.474941
0.116791	0.293145
0.127006	0.353711
0.197217	0.317519
0.101849	0.190458
0.127943	0.410696
0.093800	0.197450
0.166995	0.472597
0.082085	0.199876
0.215275	1.020405
0.138839	0.108989
0.170522	0.339338
0.310634	1.762849
0.370127	1.473105
0.190942	0.446804
0.161996	0.627736
0.045800	0.115875
0.127774	0.222965
0.107713	0.104482
0.131610	0.135559
0.168612	0.564007
0.231597	3.673129
0.151690	0.281386
0.156921	0.303642
0.152124	0.408453
0.183810	0.420926
0.139068	0.164100
0.197182	1.041119
0.247297	1.248849
0.142941	0.170100
0.166431	0.480154
0.311072	0.278409
0.184610	0.443988
0.169742	0.755352
0.093641	0.181663
0.215579	0.594999
0.179930	0.534392
0.063804	0.156958
0.152100	0.492805
0.178643	1.063819
0.205362	0.542157
0.107587	0.258747
0.083946	0.193496
0.075256	0.114765
0.112864	0.440734
0.103751	0.255227
0.076220	0.185214
0.282365	1.543122
0.133684	0.261353
0.125068	0.198858
0.254704	2.007064
0.110895	0.094816
0.147730	0.319097
0.109686	0.244601
0.096334	0.457584
0.197158	1.076484
0.153466	0.420496
0.122296	0.160207
0.193150	0.637394
0.100250	0.127318
0.110504	0.285652
0.139372	0.459928
0.074790	0.179121
0.249758	1.428618
0.134239	0.770532
0.233506	0.691179
0.085009	0.170018
0.083854	0.125362
0.137210	0.183175
0.199239	0.445299
0.104551	0.207011
0.286156	1.921534
0.070194	0.179345
0.204647	0.559709
0.141225	0.345295
0.178833	0.969275
0.167480	0.253732
0.074851	0.156813
0.102555	0.187677
0.106319	0.280682
0.130860	0.340890
0.106371	0.131900
0.187295	0.884031
0.099072	0.130280
0.161531	0.855305
0.151083	0.211516
0.127613	0.099539
0.222414	0.593845
0.280237	0.620725
0.137735	0.393232
0.153435	0.197931
0.077099	0.173858
0.133547	0.355234
0.282470	0.272584
0.253781	0.441578
0.123745	0.267288
0.195055	0.823131
0.433650	2.862088
0.158375	0.276364
0.199034	0.293575
0.202897	0.629994
0.181268	0.495769
0.133705	0.220614
0.158322	0.469424
0.162966	0.433490
0.168611	0.495716
0.184737	0.873806
0.103963	0.244312
0.154556	0.269701
0.127326	0.446279
0.289980	0.868491
0.225718	0.329549
0.127722	0.197331
0.093114	0.107081
0.257668	1.180121
0.122175	0.192426
0.217663	0.612720
0.153337	0.252239
0.215349	0.299335
0.122502	0.152515
0.131836	0.173365
0.145332	0.321911
0.142408	0.489884
0.147293	0.245980
0.178617	0.325976
0.189152	0.791599
0.190572	0.946188
0.224994	0.932599
0.093353	0.107823
0.132092	0.218612
0.158455	0.919830
0.051493	0.305097
0.120474	0.277091
0.381912	1.535288
0.346841	1.453262
0.246068	0.675456
0.164678	0.420752
0.216267	0.207616
0.281201	1.420066
0.113299	0.170515
0.150948	0.138118
0.143927	0.453370
0.169005	0.585603
0.207759	0.366694
0.076026	0.099214
0.071886	0.108188
0.388002	1.544248
0.149352	0.658641
0.213216	0.487198
0.222563	0.593131
0.285610	1.776493
0.150474	0.302454
0.087180	0.129463
0.096768	0.166441
0.084636	0.101140
0.090338	0.192420
0.276408	0.431196
0.065482	0.110993
0.134474	0.349633
0.274177	1.325645
0.103411	0.330914
0.235628	0.920127
0.068928	0.125449
0.204898	0.280710
0.180198	0.633397
0.184240	0.296626
0.200652	0.600953
0.228885	0.592812
0.178785	0.540824
0.168139	0.332075
0.194978	0.559586
0.210545	0.320029
0.371263	1.330978
0.055243	0.153574
0.100666	0.134892
0.161237	0.286195
0.354177	1.133368
0.380364	1.441580
0.095374	0.126847
0.142832	0.201393
0.159306	0.284361
0.096647	0.121776
0.173557	0.953693
0.150096	0.217639
0.112489	0.125987
0.120053	0.256913
0.141488	0.286512
0.142090	0.446162
0.319315	1.735478
0.266730	0.441437
0.063683	0.096480
0.088397	0.209059
0.189303	0.352103
0.140046	0.414536
0.264259	0.650078
0.164097	0.466855
0.239340	0.427222
0.154962	0.319222
0.107692	0.128154
0.096208	0.176541
0.109694	0.134923
0.250106	1.249280
0.424743	2.718353
0.328687	0.325400
0.076325	0.117159
0.125946	0.301641
0.205568	0.389551
0.233701	0.691755
0.145726	0.212760
0.136869	0.320274
0.232791	0.861329
0.105944	0.112830
0.206017	0.588179
0.133160	0.141816
0.429224	1.901463
0.357810	1.182562
0.130612	0.193958
0.190133	0.355548
0.146745	0.216449
0.108721	0.110895
0.194760	0.377834
0.145470	0.279302
0.111099	0.134986
0.200503	0.532335
0.184468	0.232430
0.346472	1.172809
0.142664	0.194023
0.261770	0.871693
0.113783	0.262839
0.278733	1.031313
0.108277	0.215470
0.091316	0.125102
0.127701	0.316699
0.143775	0.370221
0.111821	0.182269
0.164511	0.913859
0.150383	0.275952
0.200368	0.889634
0.091251	0.174746
0.112589	0.225177
0.277844	0.477892
0.136426	0.167805
0.218047	0.516772
0.302009	1.815074
0.124425	0.304220
0.164393	0.227685
0.078566	0.089172
0.113004	0.107354
0.074244	0.128442
0.136266	0.292972
0.089721	0.305950
0.186874	0.516706
0.250344	0.494429
0.150308	0.268299
0.213188	0.577740
0.336559	1.278923
0.091329	0.201836
0.077483	0.209590
0.098361	0.167214
0.268601	0.949503
0.148966	0.271863
0.158877	0.238315
0.147750	0.248220
0.243805	1.083712
0.168886	0.569145
0.091808	0.219880
0.257000	2.381102
0.227759	1.770827
0.144150	0.267397
0.074381	0.102646
0.259356	1.016676
0.268958	1.802021
0.134773	0.336933
0.267343	1.342062
0.146756	0.286909
0.152584	0.409689
0.174537	0.805489
0.119397	0.109249
0.150438	0.342999
0.158303	0.341935
0.237735	1.036524
0.257195	0.574830
0.209663	0.501093
0.113773	0.217876
0.106376	0.151053
0.104343	0.161731
0.139571	0.537347
0.167292	0.709316
0.223043	1.021535
0.095917	0.232599
0.206696	0.378254
0.172602	0.577355
0.197203	0.751345
0.110185	0.137731
0.119557	0.505728
0.121839	0.203471
0.234331	1.042772
0.185456	0.728842
0.113686	0.165413
0.229297	1.137311
0.194789	0.623326
0.131734	0.180476
0.066823	0.168727
0.058833	0.099133
0.170403	0.424303
0.060262	0.463714
0.153510	0.464368
0.108704	0.183166
0.093195	0.108106
0.113282	0.290568
0.206676	0.960010
0.360591	1.518089
0.119176	0.181148
0.219974	1.414433
0.207032	0.466857
0.254385	1.013725
0.040837	0.134150
0.090248	0.194034
0.132009	0.487775
0.246444	2.188424
0.294196	3.834840
0.151563	0.565329
0.237050	0.297498
0.081848	0.181703
0.272323	1.285362
0.249029	0.615101
0.119375	0.426168
0.129072	0.238783
0.165183	0.309719
0.130222	0.248724
0.230134	0.416542
0.120993	0.104054
0.244496	0.369189
0.146278	0.250867
0.096382	0.150356
0.215219	0.446580
0.131457	0.261600
0.099835	0.269555
0.108290	0.121285
0.330752	2.349996
0.174580	0.637219
0.107437	0.347558
0.062479	0.100903
0.133124	0.253601
0.183998	0.794873
0.125915	0.235461
0.126422	0.226295
0.108807	0.352536
0.135493	0.117201
0.194531	0.551496
0.193227	0.831842
0.070975	0.193407
0.163016	0.260826
0.116934	0.257254
0.203030	0.367484
0.273179	1.330382
0.337226	1.283145
0.106041	0.165954
0.179806	0.496264
0.190579	0.485978
0.217296	0.607341
0.230745	0.242282
0.086716	0.147417
0.187201	0.505443
0.216472	2.428821
0.137966	0.333189
0.308110	2.726773
0.076309	0.120567
0.068278	0.118803
0.147796	0.517286
0.102671	0.217662
0.082314	0.082726
0.080194	0.217726
0.179749	0.959859
0.230809	0.750129
0.195667	0.568412
0.076085	0.096628
0.189662	0.489327
0.107507	0.144597
0.078981	0.091223
0.179954	0.310420
0.097858	0.172230
0.103673	0.260738
0.167952	0.479502
0.220740	0.762657
0.213561	2.036305
0.158904	0.395671
0.354236	0.954665
0.115096	0.126606
0.299263	1.045925
0.094387	0.141109
0.182623	0.116878
0.116626	0.159777
0.358148	1.525710
0.125309	0.181072
0.111679	0.116146
0.115918	0.175036
0.223882	0.443286
0.112608	0.184114
0.121347	0.110425
0.099738	0.163571
0.097273	0.159041
0.085529	0.189018
0.081152	0.122134
0.172450	0.630304
0.103716	0.141054
0.187690	0.679438
0.144253	0.535902
0.072306	0.274764
0.156424	0.694522
0.109082	0.519773
0.123929	0.285656
0.173540	0.201306
0.081538	0.211184
0.172614	0.221809
0.160202	0.246711
0.292501	2.299054
0.082475	0.133197
0.162356	0.340135
0.107502	0.234892
0.097190	0.314409
0.142756	0.244113
0.117749	0.204884
0.135225	0.524673
0.236259	1.085610
0.088041	0.121496
0.071584	0.178959
0.063676	0.156006
0.066669	0.129004
0.068741	0.136107
0.212953	0.219342
0.084166	0.193161
0.072866	0.256125
0.294261	0.628246
0.089131	0.137707
0.304675	1.016093
0.105549	0.173100
0.276679	1.258891
0.123257	0.168246
0.226476	0.458614
0.151462	0.237038
0.111288	0.224802
0.131489	0.320832
0.250763	0.930329
0.212097	0.482520
0.264614	1.116672
0.121981	0.315322
0.114049	0.149404
0.130206	0.242183
0.122276	0.379668
0.136689	0.340356
0.152349	0.207956
0.143970	0.129573
0.108221	0.245121
0.215345	0.437151
0.170098	0.352953
0.154021	0.243353
0.315554	1.001884
0.238794	0.801155
0.109991	0.276627
0.151738	0.361137
0.143359	0.441547
0.113105	0.195672
0.104099	0.214965
0.108535	0.558415
0.076147	0.126404
0.093959	0.217984
0.173755	1.000831
0.080406	0.232373
0.091481	0.176559
0.077422	0.101810
0.186038	0.377656
0.128563	0.489826
0.106080	0.278990
0.278676	1.510424
0.104230	0.161036
0.139467	0.331233
0.133748	0.380512
0.144245	0.404606
0.147059	0.446324
0.126620	0.406451
0.141967	0.415254
0.198109	0.446737
0.132980	0.210109
0.148785	0.633823
0.161909	0.282532
0.250165	1.323371
0.241464	0.909111
0.123995	0.514577
0.164489	0.779677
0.138465	0.267238
0.096132	0.117761
0.213719	1.053632
0.235569	0.895164
0.125214	0.340582
0.142662	0.378768
0.224562	0.889267
0.080019	0.128431
0.123453	0.296904
0.138237	0.337989
0.110634	0.342411
0.154778	0.674059
0.145940	0.245180
0.096145	0.162004
0.359428	1.953491
0.225773	0.355593
0.106566	0.140667
0.153248	0.470470
0.168936	0.235666
0.171440	0.521179
0.075121	0.104418
0.190620	0.612844
0.092757	0.108526
0.167313	0.359724
0.092968	0.241252
0.326925	2.026935
0.281302	1.240542
0.288188	0.501447
0.091818	0.136809
0.192499	0.443711
0.098229	0.139485
0.199486	1.350519
0.124038	0.151327
0.196107	0.307887
0.125520	0.168824
0.216039	0.485008
0.307238	0.447032
0.203562	0.476336
0.096280	0.123720
0.225993	0.821485
0.136935	0.244430
0.079759	0.149148
0.084859	0.142987
0.252492	0.763788
0.071125	0.113445
0.128034	0.293838
0.213479	0.399205
0.126874	0.187773
0.191094	0.393654
0.324145	0.578600
0.122130	0.236932
0.208105	0.342333
0.206281	0.389871
0.120966	0.103426
0.248601	0.233685
0.227943	0.977874
0.081693	0.133977
0.074295	0.186852
0.113388	0.329391
0.105491	0.390846
0.089590	0.296542
0.085753	0.153497
0.104154	0.283818
0.088169	0.134458
0.198708	2.667660
0.098534	0.213819
0.197242	0.426043
0.168309	0.445176
0.099231	0.229224
0.072819	0.230471
0.199277	0.714407
0.067772	0.096576
0.300253	1.528287
0.220618	0.744587
0.141111	0.613129
0.105336	0.154317
0.162258	0.453512
0.165915	0.487789
0.112853	0.403450
0.060080	0.107543
0.238193	0.964680
0.097718	0.203743
0.216031	1.368556
0.104369	0.439914
0.144424	1.003748
0.175441	0.667554
0.126838	0.379881
0.177571	0.182898
0.091668	0.269504
0.233686	1.139221
0.151965	0.401187
0.099617	0.158889
0.064462	0.134403
0.087006	0.109628
0.201513	0.401011
0.118333	0.121291
0.119031	0.221398
0.150432	0.263257
0.207774	1.085617
0.209801	0.400720
0.078710	0.106258
0.105889	0.168364
0.166379	0.218788
0.142195	0.182010
0.203040	0.299485
0.103129	0.144896
0.181770	0.273563
0.114370	0.176129
0.164466	0.222851
0.242291	0.550000
0.303873	0.905543
0.158550	0.315515
0.237180	1.419519
0.155182	0.171476
0.115152	0.183667
0.174444	0.477104
0.210767	1.054890
0.096430	0.086787
0.310383	0.262274
0.177029	0.234563
0.074656	0.156405
0.165719	0.222892
0.147454	0.721788
0.167122	0.800513
0.067263	0.156724
0.212698	0.806124
0.133611	0.259206
0.225648	0.470476
0.088495	0.138052
0.113427	0.106054
0.273054	1.669727
0.145606	0.342902
0.181017	1.424601
0.193485	0.644305
0.130073	0.359002
0.264228	1.582723
0.133401	0.274806
0.099037	0.148060
0.117463	0.167385
0.139438	0.318616
0.089347	0.176014
0.067357	0.146164
0.075538	0.203197
0.079081	0.134042
0.174912	0.628809
0.163568	0.826019
0.127176	0.253081
0.147050	0.294101
0.328863	1.238167
0.130942	0.310332
0.129329	0.243138
0.355491	0.698540
0.164842	0.328035
0.372317	1.087165
0.265878	0.406793
0.266976	0.835636
0.106610	0.235609
0.090370	0.117933
0.163663	0.153843
0.122495	0.118208
0.296587	1.140378
0.197462	0.370241
0.148746	0.188907
0.197868	0.362098
0.219743	0.764705
0.265177	0.803486
0.179772	0.444937
0.147093	0.212550
0.193172	0.358335
0.174567	0.339533
0.115468	0.309453
0.148324	0.317414
0.111378	0.152031
0.150243	0.265180
0.109933	0.202826
0.076838	0.105652
0.141318	0.417594
0.127691	0.420741
0.161012	0.399309
0.103315	0.160655
0.111102	0.323863
0.189504	2.008740
0.091163	0.161359
0.191391	0.888053
0.116052	0.129398
0.152658	1.103715
0.105982	0.177520
0.139242	0.206079
0.221573	0.213818
0.275326	1.745568
0.094036	0.111433
0.101268	0.314945
0.082353	0.139177
0.115243	0.267363
0.071384	0.133488
0.150241	0.241887
0.357685	1.448625
0.097602	0.140059
0.057799	0.141896
0.219025	2.054454
0.075446	0.106756
0.113717	0.408244
0.085190	0.266646
0.104585	0.291792
0.100314	0.328028
0.077252	0.185018
0.169720	0.428542
0.182088	0.461593
0.186471	0.487622
0.078790	0.151277
0.160368	0.509971
0.296876	1.220159
0.082073	0.111619
0.088607	0.133354
0.141143	0.426958
0.090038	0.154865
0.170699	0.825328
0.096128	0.189852
0.281738	1.550970
0.120534	0.169350
0.130074	0.332339
0.203772	0.331129
0.182411	0.581893
0.060037	0.574855
0.057676	0.203019
0.092917	0.143556
0.121629	0.259678
0.088011	0.139058
0.148049	0.368642
0.076809	0.134799
0.186608	0.493577
0.218903	1.001481
0.157683	0.309058
0.147586	0.321738
0.094321	0.287207
0.127393	0.168159
0.116386	0.152466
0.136897	0.809743
0.219801	2.201307
0.162746	0.515906
0.068957	0.105504
0.348990	0.996366
0.203405	0.478002
0.074144	0.156443
0.152796	0.265866
0.177213	0.984417
0.328705	2.685516
0.077575	0.160192
0.167328	0.490270
0.205018	1.157325
0.132866	0.389297
0.138826	0.506714
0.161272	0.817651
0.225725	0.511267
0.162513	0.249457
0.120698	0.114060
0.141855	0.315628
0.280731	1.468225
0.218135	0.881267
0.255973	1.516641
0.277836	0.889075
0.303440	1.187968
0.119884	0.239767
0.082565	0.113114
0.097570	0.155625
0.129563	0.285686
0.055484	0.094045
0.125792	0.171706
0.120217	0.578843
0.179676	0.727690
0.135013	0.344284
0.149550	0.584741
0.134113	0.558582
0.152060	0.336814
0.073158	0.125467
0.068605	0.160879
0.270436	1.613153
0.082777	0.297170
0.069548	0.115798
0.116894	0.488031
0.171492	0.766571
0.123772	0.393596
0.064430	0.115975
0.095732	0.280495
0.127091	0.258629
0.220767	0.966961
0.204987	0.693880
0.093073	0.175443
0.067720	0.098871
0.313480	1.601885
0.103610	0.312902
0.170334	0.629384
0.090202	0.242644
0.190882	0.377947
0.113898	0.150915
0.067034	0.176634
0.161980	0.759684
0.168960	0.708785
0.145536	0.541393
0.159942	0.742928
0.243176	0.877864
0.073184	0.167226
0.115054	0.400962
0.087476	0.188947
0.077362	0.111788
0.129970	0.242394
0.129210	0.186063
0.182175	0.165779
0.118905	0.164089
0.104336	0.214932
0.213661	0.878149
0.075109	0.107406
0.110342	0.244408
0.128510	0.312279
0.121709	0.206297
0.167509	1.457329
0.114120	0.380590
0.060895	0.120572
0.161545	0.516945
0.104883	0.184594
0.148054	0.343484
0.283970	0.594917
0.152615	0.479973
0.325302	1.942051
0.092983	0.123667
0.227126	0.433810
0.250837	1.339467
0.199812	0.487542
0.300006	0.841517
0.116032	0.208278
0.077628	0.156033
0.069506	0.256479
0.237014	1.085523
0.163194	0.319860
0.139507	0.242044
0.127312	0.401032
0.191970	0.410817
0.317755	1.282142
0.138256	0.277894
0.182513	0.436207
0.105452	0.190340
0.252928	1.664266
0.192209	0.174910
0.218534	1.906709
0.307368	1.040441
0.126000	0.153720
0.126615	0.141809
0.169754	0.309802
0.149659	0.227482
0.102974	0.285754
0.126064	0.318941
0.098014	0.186716
0.241160	0.695747
0.129157	0.217629
0.106390	0.291509
0.082042	0.180083
0.326297	2.724583
0.124878	0.296584
0.178974	0.536921
0.195502	0.153469
0.107692	0.161000
0.356412	1.210019
0.257180	1.375913
0.164321	0.271130
0.143946	0.422480
0.099510	0.148768
0.181645	1.222468
0.091951	0.402288
0.032899	0.113996
0.290896	0.418891
0.111249	0.138505
0.354555	1.700090
0.287144	1.352448
0.117932	0.202254
0.120850	0.226594
0.274812	1.136347
0.102444	0.120883
0.175412	0.599032
0.084074	0.122328
0.117261	0.277909
0.120667	0.295634
0.088622	0.227759
0.132472	0.409999
0.212480	0.918974
0.168853	0.535263
0.077408	0.265898
0.250870	1.157766
0.130598	0.259891
0.175480	0.676474
0.121153	0.242305
0.258754	0.900464
0.103311	0.277391
0.084507	0.154225
0.152937	0.674454
0.154398	0.340448
0.151675	0.267706
0.312563	1.003326
0.102913	0.204796
0.146937	0.563503
0.081458	0.107525
0.123061	0.442403
0.086693	0.114869
0.206772	0.556216
0.067052	0.131757
0.174344	0.789780
0.235997	0.752829
0.174599	0.355309
0.091255	0.109962
0.131645	0.215897
0.135648	0.490367
0.153765	0.395175
0.193000	0.684186
0.205646	0.693028
0.155747	0.593394
0.410404	1.463089
0.078154	0.117232
0.185287	0.499349
0.078146	0.129331
0.158955	0.421231
0.101609	0.144793
0.248254	1.009154
0.170464	0.444059
0.094544	0.103999
0.304027	1.456291
0.242982	0.653621
0.120718	0.243246
0.168908	0.501656
0.176349	0.588125
0.260921	1.870802
0.216164	0.638764
0.175498	0.479988
0.070498	0.113854
0.195536	0.403783
0.111880	0.126984
0.279756	0.707782
0.305647	0.797739
0.095795	0.182969
0.105364	0.112739
0.127224	0.312972
0.132612	0.147863
0.179126	0.506030
0.352542	2.161084
0.231831	1.445465
0.084714	0.217714
0.158832	0.302576
0.193432	0.722467
0.099464	0.271537
0.213116	1.135907
0.260810	1.679619
0.122110	0.469515
0.208695	1.120692
0.114991	0.120741
0.128377	0.408880
0.149846	0.371617
0.219653	0.626012
0.150407	0.356465
0.164926	0.299341
0.142950	0.205847
0.177695	0.388263
0.218631	0.534552
0.061645	0.123906
0.084608	0.145526
0.129208	0.293949
0.120701	0.193121
0.129992	1.084136
0.119118	0.202500
0.212262	0.552942
0.111683	0.269714
0.128105	0.148601
0.265481	0.317250
0.146198	0.154239
0.252281	0.480595
0.214026	1.057289
0.236283	1.918619
0.255858	0.630689
0.107859	0.183899
0.114641	0.258517
0.085850	0.134355
0.112645	0.146439
0.134914	0.355499
0.231784	0.502972
0.282435	0.898143
0.225863	0.459632
0.069551	0.102240
0.252964	0.884110
0.120730	0.225161
0.157127	0.424244
0.150191	0.322911
0.119210	0.104309
0.129296	0.151277
0.197810	0.343201
0.199802	1.068940
0.230536	0.326209
0.292820	0.272322
0.218887	0.260475
0.348102	0.788450
0.167043	0.152845
0.347166	1.900732
0.244012	0.603931
0.198203	0.256672
0.129527	0.161909
0.126298	0.146506
0.216826	0.845623
0.109577	0.242712
0.093550	0.092615
0.218734	0.239514
0.174356	0.247586
0.211059	0.309201
0.105850	0.126491
0.184503	0.322881
0.104025	0.115988
0.128167	0.371684
0.151474	0.318852
0.095190	0.148496
0.105420	0.147587
0.355722	1.470912
0.144381	0.266383
0.156597	0.989693
0.165949	0.835553
0.220499	0.330748
0.147495	0.313426
0.205962	1.448944
0.165150	0.405444
0.166634	0.374094
0.172065	0.285627
0.121716	0.262906
0.179643	0.297309
0.123381	0.247996
0.122351	0.474720
0.154349	0.536362
0.215571	0.377250
0.150085	0.263399
0.245080	0.846750
0.210806	0.621877
0.129007	0.325743
0.238072	0.661839
0.120118	0.311105
0.279902	0.268705
0.189504	0.934254
0.118349	0.171606
0.106737	0.126483
0.174436	0.266015
0.169931	0.449468
0.131214	0.132526
0.209284	0.396594
0.216632	0.499337
0.356391	1.776610
0.366308	0.520157
0.070633	0.106302
0.163925	0.389322
0.106303	0.131284
0.182981	0.375111
0.174881	0.389984
0.078517	0.125234
0.087024	0.081802
0.173705	0.322222
0.169313	0.418204
0.188750	0.269912
0.164907	0.504617
0.157871	0.263645
0.178734	0.588928
0.223184	0.465339
0.136810	0.253099
0.100005	0.184009
0.229578	1.064094
0.347092	3.144652
0.097711	0.118718
0.209298	0.467780
0.203455	0.557467
0.092680	0.088510
0.136254	0.180537
0.303108	1.276086
0.104752	0.270260
0.233113	0.900983
0.267775	1.152773
0.077838	0.159957
0.212299	1.136859
0.097883	0.129695
0.241147	1.798958
0.127386	0.169424
0.180347	0.526613
0.121630	0.134401
0.190849	1.133644
0.294381	0.999424
0.270448	0.972260
0.194253	1.962925
0.128127	0.263942
0.119673	0.251314
0.424363	1.599848
0.083571	0.119924
0.230442	0.517343
0.143927	0.223806
0.178183	0.343894
0.100650	0.101657
0.183980	0.428672
0.123400	0.307267
0.170718	0.397772
0.084526	0.094247
0.155375	0.417182
0.250540	1.248942
0.132549	0.266423
0.185221	0.377850
0.146180	0.264587
0.233431	0.534556
0.100625	0.139366
0.088708	0.185843
0.210595	0.494899
0.168316	0.775095
0.142488	0.353370
0.279558	2.509031
0.078695	0.170768
0.299793	0.370244
0.238029	1.004484
0.109223	0.181310
0.188133	0.292547
0.172687	0.285797
0.271151	0.966652
0.251479	0.418712
0.167307	0.229211
0.098015	0.123009
0.209220	0.434132
0.140110	0.194053
0.267842	2.213717
0.147028	0.928482
0.091348	0.113272
0.165869	0.291930
0.114505	0.337790
0.104955	0.221979
0.167986	0.307414
0.316262	0.656244
0.211149	0.270271
0.207660	0.471389
0.116989	0.219355
0.216252	0.837978
0.090008	0.115661
0.105767	0.269176
0.241375	0.701194
0.122831	0.118532
0.146294	0.237727
0.139532	0.201624
0.103522	0.126815
0.133259	0.205885
0.272804	0.952085
0.186193	0.312804
0.144633	0.147526
0.122473	0.232087
0.250218	0.967092
0.109085	0.204535
0.236174	0.128715
0.162102	0.792677
0.221899	1.117262
0.109601	0.328804
0.061993	0.118717
0.240876	0.846678
0.074120	0.094504
0.049541	0.133513
0.411489	2.092422
0.083923	0.107841
0.242239	0.666159
0.196642	0.481772
0.093455	0.121024
0.303386	1.387992
0.098201	0.219479
0.250536	1.598421
0.092398	0.143217
0.215022	0.932120
0.124755	0.202726
0.216936	0.720227
0.285109	1.884573
0.077160	0.148532
0.307168	0.637373
0.083863	0.120344
0.156761	0.291575
0.182869	0.493745
0.174953	0.644702
0.389740	2.069518
0.209275	0.367277
0.201382	0.506475
0.188072	0.468299
0.162817	0.202708
0.120384	0.199837
0.095118	0.113191
0.083930	0.222834
0.164539	0.291234
0.153681	0.236669
0.240125	0.470644
0.193090	0.604373
0.184301	0.739969
0.316296	2.452873
0.142337	0.338763
0.177638	0.259351
0.102718	0.241902
0.133157	0.254995
0.140047	0.348716
0.159287	0.234152
0.089526	0.145032
0.069006	0.121105
0.153067	0.735485
0.134736	0.200757
0.218769	0.551298
0.131440	0.229363
0.243504	0.588062
0.089793	0.141873
0.114679	0.367546
0.211723	0.924172
0.095898	0.169740
0.117665	0.169438
0.148345	0.515500
0.079702	0.144658
0.129194	0.341072
0.078716	0.107054
0.102974	0.224484
0.155879	0.346052
0.175696	0.853884
0.140059	0.329840
0.077397	0.116870
0.166725	0.810285
0.090328	0.253822
0.182653	1.503232
0.125757	0.655193
0.219970	1.230731
0.157221	0.324661
0.198766	0.623132
0.158298	0.378332
0.213620	0.703878
0.092806	0.150346
0.082245	0.104862
0.191334	0.274564
0.225927	1.762231
0.174028	0.401134
0.259617	1.379863
0.247607	0.283510
0.177375	0.192452
0.135403	0.236279
0.201204	0.470817
0.204797	0.546808
0.360315	1.733115
0.202790	0.230167
0.106829	0.200838
0.102230	0.236152
0.150195	0.403273
0.081491	0.169094
0.204558	0.777322
0.090317	0.139540
0.156130	2.153034
0.209824	0.266476
0.116433	0.202010
0.164013	0.305065
0.124777	0.227094
0.129025	0.467716
0.172655	0.492930
0.091063	0.181216
0.146054	0.435972
0.127219	0.324408
0.229014	1.379807
0.144343	0.238888
0.254393	1.514913
0.072405	0.080007
0.243186	2.423352
0.030219	0.117856
0.250666	1.110450
0.152764	0.301709
0.175836	0.578501
0.076927	0.143853
0.092024	0.107669
0.156724	0.444312
0.182812	0.594141
0.205654	0.603594
0.146113	0.503360
0.236056	0.454409
0.168289	0.406418
0.078968	0.125559
0.098221	0.130635
0.158839	0.411393
0.262847	0.931792
0.114485	0.129940
0.324422	1.836231
0.143087	0.117331
0.147873	0.201108
0.071132	0.108121
0.105771	0.125339
0.247653	0.672379
0.147633	0.286409
0.188825	0.968673
0.290508	1.024040
0.115374	0.123450
0.214998	0.837417
0.189233	0.371843
0.144105	0.270196
0.144771	0.301848
0.167574	0.357771
0.120364	0.222072
0.263610	0.630027
0.198865	0.478271
0.103073	0.229337
0.157092	0.443785
0.095989	0.179500
0.150975	0.784314
0.065048	0.129446
0.221746	1.214062
0.107278	0.302523
0.074467	0.116913
0.054466	0.118192
0.058430	0.096995
0.230124	1.058573
0.068392	0.103614
0.075308	0.115598
0.062694	0.111596
0.138916	0.800158
0.077485	0.124751
0.275468	1.316737
0.107835	0.228071
0.168224	0.724206
0.108307	0.313009
0.081794	0.148456
0.070774	0.107223
0.080310	0.165841
0.176787	0.329709
0.137825	0.227412
0.067263	0.085760
0.158999	1.830077
0.143159	0.438781
0.358084	1.480679
0.252432	1.807414
0.272793	1.231661
0.185435	0.844658
0.219705	0.540475
0.133367	0.374095
0.125661	0.214880
0.130324	0.360997
0.085036	0.214716
0.136709	1.162030
0.120194	0.356975
0.098098	0.179520
0.214143	1.067501
0.140932	0.312165
0.142908	1.056806
0.159553	0.344635
0.054202	0.300823
0.225123	1.261812
0.100123	0.205752
0.247243	0.463580
0.203088	0.575755
0.247126	0.462125
0.099393	0.104362
0.223873	0.793631
0.202562	1.088769
0.227055	0.599425
0.138215	0.711809
0.155323	0.358797
0.226764	0.806146
0.106414	0.121844
0.145772	0.249998
0.102030	0.121925
0.112020	0.174751
0.131629	0.226402
0.151613	0.390404
0.151976	0.808511
0.224139	0.880868
0.155882	0.343719
0.073544	0.144881
0.170224	0.377897
0.136891	0.280626
0.215038	1.640739
0.145865	0.209317
0.109789	0.299174
0.155056	0.846608
0.119638	0.176466
0.092599	0.151863
0.262231	2.972386
0.178947	0.111842
0.368183	1.316255
0.125921	0.143550
0.152589	0.244906
0.156234	0.670245
0.094343	0.154723
0.115715	0.212337
0.207597	0.322813
0.195754	0.400317
0.188797	0.405915
0.100777	0.096746
0.225186	0.409838
0.211764	0.761291
0.119633	0.190217
0.147177	0.194274
0.118388	0.169887
0.171028	0.342057
0.120927	0.143903
0.441228	1.698729
0.100326	0.160522
0.186833	0.401691
0.103609	0.176136
0.198744	1.066262
0.235609	0.541901
0.154792	0.458183
0.109418	0.181087
0.287046	0.919981
0.229421	1.305407
0.188414	0.639666
0.207997	0.719670
0.198443	0.637003
0.110939	0.269582
0.133602	0.388114
0.119259	0.149073
0.145825	0.424350
0.210097	0.420195
0.100366	0.115923
0.168859	0.276084
0.278149	1.243328
0.131156	0.179028
0.120990	0.215966
0.230438	1.543932
0.438812	1.783772
0.096217	0.157796
0.169936	0.419742
0.218878	1.107524
0.251415	0.407293
0.197787	0.415352
0.114021	0.159630
0.210892	1.185212
0.167223	0.477421
0.207634	0.450566
0.150675	0.192110
0.203154	0.722213
0.434548	2.148840
0.108072	0.136171
0.218423	0.601755
0.193082	0.435401
0.262360	1.087484
0.239062	0.458999
0.091596	0.152966
0.178827	0.519494
0.160008	0.504824
0.122217	0.144216
0.134834	0.392366
0.138946	0.206335
0.086659	0.107890
0.274696	1.240251
0.222071	1.350193
0.121835	0.277175
0.161668	0.516529
0.182477	2.229874
0.170448	0.439755
0.210381	0.536472
0.377334	1.375382
0.189118	0.291241
0.067725	0.217735
0.152519	0.256995
0.213253	0.602440
0.085580	0.102269
0.388790	2.437714
0.127887	0.113180
0.380604	1.297858
0.112905	0.264762
0.325568	0.424866
0.193327	0.249392
0.135946	0.178089
0.186008	0.393406
0.157765	0.606607
0.117894	0.160925
0.104477	0.269550
0.348592	1.866712
0.082323	0.136656
0.086024	0.097637
0.153941	0.275555
0.165425	0.712154
0.124628	0.168248
0.109603	0.289899
0.153176	0.163898
0.136018	0.218308
0.319816	3.567553
0.252227	0.403564
0.202721	0.714592
0.477389	1.752017
0.148460	0.161821
0.324851	1.099622
0.146781	0.194484
0.183733	0.363792
0.096283	0.140573
0.294420	0.716912
0.258074	0.699380
0.340872	1.358374
0.127322	0.273106
0.235240	0.271702
0.199947	0.118968
0.106523	0.188013
0.252441	1.336673
0.099533	0.124914
0.190520	0.539172
0.325393	1.093320
0.155067	0.368284
0.320907	1.285231
0.131765	0.312942
0.223716	0.585017
0.358386	1.542853
0.148088	0.158454
0.236666	0.924180
0.122994	0.645719
0.089110	0.196487
0.100213	0.196417
0.271668	0.956272
0.088126	0.299630
0.269844	0.858105
0.157781	0.340808
0.208793	0.787148
0.116510	0.674595
0.056447	0.138577
0.155992	0.538171
0.209417	0.661756
0.233583	0.370229
0.250289	2.168751
0.135791	0.577111
0.111132	0.190591
0.132366	0.569176
0.098369	0.205100
0.111081	0.173287
0.108941	0.318108
0.081745	0.157358
0.121500	0.242999
0.095913	0.156818
0.329338	1.969443
0.156742	0.302512
0.133864	0.244971
0.095115	0.130308
0.085083	0.165061
0.131196	0.217129
0.070608	0.217120
0.193171	0.485824
0.099464	0.264574
0.097200	0.253693
0.150031	1.260258
0.090907	0.150906
0.064334	0.131563
0.329568	2.018604
0.222352	0.952779
0.105025	0.224228
0.136046	0.389093
0.079694	0.139862
0.224658	1.265949
0.182434	0.343889
0.076193	0.269724
0.161185	0.229689
0.189138	1.319235
0.104337	0.574374
0.075566	0.112593
0.076870	0.190636
0.063903	0.131640
0.096188	0.263075
0.144255	0.756619
0.210454	0.498775
0.073214	0.118240
0.181205	1.166052
0.124156	0.189958
0.297647	0.979260
0.053580	0.167705
0.089223	0.196736
0.175647	0.285427
0.111958	0.257504
0.145986	0.384674
0.128199	0.512157
0.102921	0.136371
0.188231	0.734100
0.112414	0.228762
0.130678	0.304479
0.102199	0.225348
0.231826	1.809403
0.492364	2.823708
0.125670	0.499537
0.295715	1.284880
0.095424	0.155064
0.321671	1.901075
0.093723	0.108719
0.104434	0.146208
0.195555	0.422398
0.206505	0.220960
0.195974	0.623198
0.174715	0.705847
0.167594	0.241335
0.173865	1.462203
0.090335	0.171636
0.092893	0.139339
0.071334	0.125191
0.137104	0.233762
0.075170	0.124406
0.167222	1.473223
0.071912	0.195602
0.076182	0.132937
0.107760	0.228989
0.064610	0.147957
0.084998	0.206544
0.093726	0.238534
0.121676	0.601080
0.043619	0.111011
0.221351	0.553377
0.081606	0.105272
0.146726	0.504003
0.080227	0.265551
0.198291	0.371795
0.128642	0.345403
0.081204	0.180680
0.120315	0.314624
0.154873	0.145581
0.094794	0.105222
0.052427	0.120057
0.161297	0.604057
0.151644	0.454932
0.133174	0.279000
0.083941	0.122135
0.101511	0.241597
0.200958	1.919149
0.100522	0.170385
0.133924	0.366951
0.097504	0.193058
0.068889	0.117110
0.087798	0.120283
0.078372	0.148907
0.317579	1.032132
0.277830	1.015470
0.160453	0.595279
0.315106	1.162740
0.143389	0.431600
0.176035	0.887216
0.270596	0.330127
0.145045	0.219744
0.152865	0.254520
0.086290	0.114334
0.178521	0.677486
0.272169	0.737577
0.188002	0.455905
0.172341	0.450671
0.080643	0.141932
0.094242	0.312883
0.052630	0.178416
0.097533	0.127281
0.060063	0.116822
0.118252	0.409152
0.107297	0.195816
0.133115	0.224299
0.135970	0.482693
0.093026	0.113957
0.104713	0.122514
0.130392	0.430294
0.108260	0.135326
0.289227	1.664504
0.096150	0.109611
0.135426	0.189597
0.286834	2.717753
0.094488	0.128031
0.154843	0.445948
0.079049	0.243470
0.177711	0.261235
0.105553	0.165191
0.171036	0.163339
0.196670	0.853549
0.097191	0.121974
0.094258	0.172963
0.191194	0.703592
0.108960	0.235353
0.191351	0.560659
0.097815	0.256275
0.042472	0.090891
0.157911	0.345826
0.142833	0.318518
0.217167	0.339867
0.107214	0.339868
0.052035	0.185764
0.163263	1.262839
0.085440	0.179424
0.140280	0.357715
0.094220	0.170539
0.107704	0.136784
0.205121	0.744589
0.278797	1.255980
0.166218	0.299192
0.189025	0.405459
0.168179	0.566764
0.095245	0.121438
0.109441	0.128593
0.155131	0.342840
0.219346	0.411274
0.122191	0.155794
0.195938	0.164588
0.148481	0.221979
0.258271	0.684418
0.179261	0.212425
0.078951	0.129874
0.261330	0.985213
0.173195	0.182721
0.273736	0.635067
0.258209	0.590007
0.214366	0.647386
0.202567	0.343351
0.181111	1.016940
0.103293	0.158038
0.105090	0.118226
0.117783	0.176085
0.171884	0.641986
0.200299	0.300448
0.352908	1.992166
0.219267	1.309025
0.123882	0.133793
0.136850	0.272331
0.089728	0.181700
0.493163	2.155121
0.119594	0.360577
0.102472	0.122454
0.204402	1.442054
0.234377	1.429701
0.176929	0.368897
0.262667	0.644849
0.115572	0.356541
0.150601	0.508280
0.205470	0.822906
0.178965	0.380301
0.111498	0.277629
0.124546	0.278361
0.111519	0.331770
0.185151	0.835032
0.149712	0.585375
0.078149	0.318065
0.084947	0.262909
0.151053	0.509050
0.143198	0.516230
0.080319	0.324488
0.069282	0.278860
0.203448	0.449620
0.159870	0.374895
0.074925	0.119880
0.077529	0.116294
0.108766	0.222970
0.203748	0.857780
0.217208	0.545192
0.243294	0.597287
0.232133	1.355658
0.193625	0.215892
0.165061	0.518292
0.100383	0.188219
0.205108	0.885042
0.275370	1.224021
0.187860	0.235765
0.177366	0.830073
0.069890	0.141177
0.085311	0.122848
0.156291	0.265695
0.079402	0.305697
0.110293	0.291173
0.123907	0.368624
0.077194	0.118492
0.088185	0.118609
0.212649	0.973932
0.194285	0.647942
0.277412	1.647830
0.239739	1.295789
0.091058	0.170734
0.237721	0.418389
0.108973	0.363426
0.083068	0.233420
0.097383	0.279976
0.153267	0.426082
0.127804	0.141223
0.120136	0.162784
0.048017	0.114761
0.174563	0.926932
0.187751	1.308624
0.091403	0.115168
0.191523	0.881965
0.175776	0.726835
0.103658	0.131646
0.198062	0.747684
0.107931	0.131136
0.104431	0.277263
0.190251	2.270649
0.103695	0.203760
0.238900	1.499100
0.120238	0.774331
0.152395	0.945611
0.055208	0.202062
0.090986	0.151036
0.102286	0.108424
0.103135	0.159860
0.094503	0.210268
0.200371	0.997849
0.128789	1.038037
0.367307	1.368219
0.225400	0.482357
0.154705	1.140175
0.063743	0.182304
0.122298	0.183447
0.255584	0.449828
0.118877	0.126009
0.153214	0.229821
0.157323	0.485342
0.180014	0.235818
0.126738	0.213553
0.099705	0.109675
0.138921	0.293819
0.121400	0.138396
0.108307	0.173833
0.122559	0.163004
0.224317	0.554063
0.090899	0.159982
0.071210	0.124261
0.094998	0.106398
0.078853	0.133656
0.119346	0.287028
0.191123	0.568590
0.186515	0.856102
0.101768	0.137896
0.094433	0.281409
0.155432	0.297653
0.140094	0.287193
0.154616	0.296863
0.114486	0.360632
0.135290	0.335518
0.119147	0.292507
0.167590	0.408082
0.153570	0.456871
0.104262	0.216343
0.208986	1.353187
0.151160	0.554001
0.230795	1.106663
0.190052	0.387706
0.266870	1.232941
0.064469	0.137641
0.128337	0.211114
0.314685	1.672551
0.185939	0.803257
0.060260	0.198255
0.120485	0.224705
0.069558	0.127987
0.152169	0.302816
0.101887	0.279171
0.169619	0.395213
0.115433	0.172572
0.046851	0.116659
0.150880	0.575606
0.102440	0.267881
0.106972	0.293637
0.078137	0.217613
0.090516	0.287387
0.078097	0.113240
0.143947	0.816182
0.058119	0.081657
0.171840	0.315327
0.118155	0.366870
0.096058	0.314588
0.095552	0.267069
0.075794	0.186833
0.164774	0.425117
0.075665	0.159654
0.089569	0.259751
0.062994	0.123783
0.161132	0.586522
0.092326	0.108944
0.091752	0.098634
0.229195	0.401091
0.193545	1.477713
0.074440	0.195776
0.210379	0.525948
0.142951	0.385969
0.099160	0.197329
0.085285	0.163321
0.144167	0.423129
0.120324	1.116004
0.118622	0.281726
0.130900	0.318742
0.107202	0.301773
0.165349	0.941664
0.184900	0.697074
0.194264	0.318593
0.362753	1.590671
0.102531	0.255301
0.116643	0.372673
0.183880	0.272143
0.171674	0.447210
0.119788	0.191062
0.309136	0.525532
0.245994	0.387441
0.159798	0.273255
0.086068	0.109737
0.127892	0.146436
0.130634	0.111039
0.164618	0.348168
0.121078	0.138634
0.154254	0.394891
0.167060	0.523734
0.059894	0.229694
0.141654	0.524121
0.259006	0.669531
0.151790	0.397689
0.341320	1.469383
0.207671	0.861836
0.102802	0.195837
0.090630	0.189871
0.124443	0.493418
0.104963	0.267655
0.108609	0.148794
0.215742	0.779906
0.238432	1.045524
0.215060	0.814001
0.208111	0.941702
0.075343	0.268596
0.089270	0.242815
0.113208	0.217359
0.094213	0.226583
0.069709	0.198323
0.063226	0.145420
0.064405	0.114962
0.152232	0.486381
0.180564	0.674408
0.137569	0.401013
0.083329	0.170407
0.268715	1.909221
0.103689	0.113539
0.288736	2.305560
0.210992	1.597206
0.211368	1.067410
0.097164	0.165178
0.082744	0.143974
0.094525	0.134225
0.162480	1.039871
0.210065	0.955796
0.178267	1.058905
0.083061	0.157815
0.138537	0.692686
0.105340	0.314967
0.309371	1.187984
0.120133	0.090700
0.092807	0.192575
0.220442	0.686677
0.189019	0.424348
0.099169	0.113053
0.114484	0.269609
0.209890	1.037907
0.173529	0.490220
0.090902	0.138171
0.185597	0.190237
0.240347	0.854433
0.167444	0.426982
0.176445	0.531981
0.080808	0.110707
0.138009	0.210464
0.080711	0.131155
0.176419	1.218174
0.067451	0.123098
0.106032	0.304842
0.254948	1.360148
0.136545	0.229396
0.098014	0.170545
0.060888	0.182967
0.145591	0.583094
0.163308	0.398471
0.110925	0.338875
0.124613	0.365115
0.107308	0.283292
0.083696	0.123033
0.090129	0.240644
0.191324	1.505723
0.118375	0.179930
0.064166	0.111970
0.266213	1.040895
0.076779	0.115168
0.086043	0.177679
0.133240	1.038605
0.212501	0.786253
0.082490	0.133634
0.150942	0.168301
0.089746	0.215839
0.159923	0.275867
0.331420	1.256082
0.088041	0.120176
0.181573	0.501143
0.136410	0.488349
0.116026	0.124727
0.117500	0.148051
0.092226	0.140644
0.159134	0.307924
0.126626	0.205767
0.103666	0.242578
0.087731	0.194325
0.176623	0.503376
0.227685	0.506600
0.132633	0.153854
0.063166	0.126331
0.146810	0.351611
0.097864	0.170773
0.260634	1.227586
0.063057	0.127690
0.194807	1.856514
0.157780	0.235092
0.116998	0.138058
0.110084	0.189345
0.109490	0.190512
0.151406	1.415650
0.190587	1.004395
0.141777	0.372874
0.146735	0.234776
0.129083	0.338198
0.075025	0.108036
0.278783	1.807909
0.286207	2.262464
0.154847	0.524932
0.115658	0.212811
0.081200	0.239945
0.083898	0.126266
0.128134	0.250503
0.084103	0.092934
0.168536	0.564596
0.164918	0.660496
0.134346	0.411100
0.145598	0.340699
0.069569	0.120701
0.319354	1.582398
0.088596	0.186052
0.057666	0.127729
0.226545	0.917506
0.168459	0.684786
0.149541	0.272913
0.285419	1.411397
0.111761	0.269904
0.107013	0.251481
0.359653	1.987083
0.208815	0.689090
0.110956	0.159222
0.118933	0.133800
0.291314	1.889170
0.066949	0.099084
0.072495	0.120341
0.362926	2.607626
0.270141	2.200295
0.205986	0.731250
0.106917	0.160376
0.122583	0.281942
0.118214	0.150722
0.152765	0.187901
0.133613	0.137621
0.425074	1.383617
0.283007	0.626860
0.190862	0.182273
0.218637	0.825354
0.308420	0.669271
0.144209	0.204776
0.302346	1.440680
0.114732	0.246674
0.217701	0.747804
0.076779	0.124767
0.130216	0.309264
0.221802	0.914931
0.156022	0.618627
0.102228	0.149764
0.111200	0.176808
0.222246	1.560164
0.122354	0.151107
0.236880	0.785256
0.122810	0.379482
0.160574	0.362094
0.113723	0.169447
0.109547	0.153914
0.405677	2.070983
0.104777	0.236273
0.200252	0.496625
0.103230	0.209042
0.265137	1.393295
0.174887	0.377756
0.097211	0.126861
0.181579	0.366790
0.105975	0.144656
0.130121	0.199086
0.206724	0.655315
0.157492	0.144893
0.326446	2.097413
0.128333	0.291315
0.224124	0.376529
0.120967	0.195966
0.103853	0.171876
0.113559	0.169203
0.159185	0.304044
0.123745	0.300699
0.277402	1.936265
0.133775	0.211364
0.332932	2.735040
0.242673	0.578775
0.110540	0.320566
0.193159	0.384387
0.108055	0.231237
0.121077	0.213700
0.098309	0.122394
0.180829	0.367083
0.168671	0.631672
0.119818	0.443327
0.144167	0.249408
0.090654	0.169976
0.129248	0.562875
0.114398	0.385521
0.146765	0.339027
0.104321	0.453274
0.082061	0.123912
0.351702	1.162376
0.125598	0.207865
0.138975	0.284205
0.135518	0.302205
0.170549	0.284817
0.176968	0.436227
0.103211	0.109920
0.126849	0.290484
0.278861	1.026207
0.364316	1.630314
0.080728	0.121899
0.089735	0.104990
0.194752	1.384685
0.188871	0.800814
0.217644	0.389583
0.082150	0.151567
0.101231	0.166019
0.262667	1.237160
0.135661	0.554174
0.188850	0.551441
0.050005	0.246524
0.113358	0.297564
0.319243	1.757431
0.109507	0.191089
0.095860	0.163921
0.095142	0.183623
0.284713	2.022883
0.117487	0.127473
0.081656	0.207815
0.150857	0.371863
0.046903	0.123121
0.058987	0.123577
0.077325	0.137251
0.142495	0.864231
0.069370	0.195276
0.061237	0.192591
0.114498	0.289107
0.068326	0.126744
0.113689	0.135858
0.066392	0.185897
0.101443	0.222160
0.176509	0.674265
0.093022	0.219532
0.126437	0.165633
0.113166	0.334405
0.101678	0.483988
0.252643	0.641713
0.291738	1.715420
0.202599	2.229600
0.134779	0.161734
0.090525	0.211829
0.237271	1.720216
0.059943	0.097108
0.228935	0.831032
0.126935	0.294489
0.145005	0.348736
0.083189	0.091508
0.166563	0.515511
0.067702	0.107308
0.155807	0.231374
0.105201	0.271418
0.186209	0.543731
0.095635	0.132933
0.161335	0.359777
0.254306	0.806151
0.095108	0.212567
0.097153	0.125813
0.200788	1.496871
0.146977	0.467386
0.091340	0.144317
0.100788	0.222743
0.074251	0.106921
0.060146	0.153372
0.144836	0.385988
0.103112	0.206224
0.092547	0.171675
0.122609	0.237862
0.170745	0.459305
0.211005	1.005439
0.131560	0.653197
0.101778	0.214243
0.114880	0.231483
0.109156	0.179016
0.151414	0.414875
0.095481	0.165659
0.119512	0.200781
0.077767	0.167976
0.095641	0.267317
0.203453	0.424200
0.132620	0.327571
0.122444	0.134076
0.122364	0.261859
0.170592	0.249064
0.286172	0.377747
0.144521	0.247131
0.229172	0.472094
0.207350	0.763049
0.181908	0.597568
0.121628	0.145345
0.166564	0.416409
0.366241	2.093070
0.343282	1.201487
0.145652	0.487934
0.159345	0.268496
0.180850	1.076963
0.265919	1.199293
0.175224	0.799021
0.086054	0.148014
0.299904	0.986683
0.086356	0.321244
0.202882	0.726319
0.071172	0.153019
0.062185	0.087992
0.154392	0.398331
0.221159	1.543688
0.151989	0.163388
0.072395	0.182436
0.131640	0.172449
0.316131	2.290372
0.109720	0.168969
0.221590	2.262431
0.067222	0.147553
0.110757	0.146199
0.113374	0.163258
0.146226	0.679222
0.162407	0.172151
0.068624	0.146170
0.091214	0.326090
0.141613	0.207463
0.107033	0.453286
0.147181	0.282588
0.245122	0.535592
0.098955	0.162286
0.139531	0.509987
0.336742	3.965136
0.154827	0.672722
0.327217	1.554282
0.161080	0.598411
0.094957	0.280597
0.081915	0.130655
0.166549	0.379733
0.076006	0.215856
0.160238	0.316469
0.092868	0.206632
0.088462	0.166751
0.289933	1.223519
0.256749	1.415968
0.103352	0.141593
0.101461	0.351054
0.086827	0.098549
0.257520	0.735219
0.137374	0.348243
0.121868	0.265672
0.109184	0.153404
0.118757	0.150821
0.216083	0.664456
0.240900	1.421312
0.065036	0.140477
0.089399	0.156449
0.122427	0.280969
0.095739	0.229295
0.143184	0.764604
0.124807	0.289552
0.188911	0.735809
0.109248	0.608514
0.167808	0.640189
0.099867	0.150800
0.174502	0.383031
0.205106	0.117936
0.258686	1.618081
0.093111	0.114992
0.081086	0.225825
0.200230	0.173199
0.133898	0.241017
0.069872	0.135551
0.109859	0.296070
0.199534	0.674424
0.209026	0.462992
0.100285	0.124855
0.184190	0.221949
0.054047	0.079719
0.135188	0.189263
0.109718	0.349450
0.121796	0.233848
0.089843	0.246169
0.168283	0.379478
0.220921	0.543465
0.365147	0.816103
0.159619	0.195533
0.175545	0.550333
0.079139	0.096154
0.129323	0.355638
0.051319	0.115725
0.175031	0.233666
0.122866	0.102593
0.078849	0.167159
0.105881	0.129704
0.275137	0.836417
0.239150	0.734190
0.168441	0.496058
0.145986	0.421171
0.391112	1.353246
0.292333	1.189796
0.255601	0.948279
0.260851	0.988624
0.124359	0.420333
0.157453	0.262946
0.159743	0.331467
0.163479	0.359654
0.345469	1.330055
0.160890	0.602533
0.181971	0.443099
0.124698	0.208870
0.178519	0.460580
0.133231	0.319089
0.201317	0.721722
0.116358	0.416563
0.119308	0.191489
0.190208	0.497393
0.156249	0.215624
0.233954	0.483115
0.260592	1.868442
0.118323	0.287526
0.094193	0.164367
0.250591	1.077543
0.071546	0.159906
0.120155	0.458391
0.173662	0.778873
0.117545	0.191599
0.224497	0.218885
0.110844	0.254386
0.084729	0.109725
0.193815	0.562062
0.155768	0.464190
0.152013	0.220418
0.201513	0.521919
0.136161	0.633828
0.458184	2.673503
0.098537	0.156182
0.119866	0.234339
0.119552	0.157808
0.123796	0.253782
0.198805	0.243537
0.226831	0.455929
0.278146	1.161261
0.248816	0.731520
0.090098	0.119380
0.087878	0.127423
0.104422	0.123740
0.123450	0.201224
0.093248	0.106768
0.099766	0.227466
0.167540	0.299897
0.147673	0.442280
0.113823	0.334069
0.057593	0.158093
0.188238	0.417889
0.114393	0.138987
0.110764	0.267495
0.254542	1.127622
0.124111	0.261254
0.112995	0.129379
0.238635	0.676530
0.329477	1.102099
0.136914	0.381989
0.106575	0.127357
0.112643	0.237113
0.094492	0.107249
0.158362	0.261297
0.094040	0.144821
0.122882	0.229789
0.204790	0.357358
0.175476	0.151787
0.196133	0.444242
0.164706	0.129294
0.152675	0.245806
0.166419	0.323685
0.193094	0.368809
0.150791	0.239004
0.120830	0.477881
0.142644	0.297412
0.107232	0.120099
0.170997	0.265900
0.179306	0.311992
0.390589	1.781088
0.153861	0.275412
0.104607	0.135466
0.134629	0.171652
0.390292	2.013909
0.166636	0.929826
0.161245	0.624826
0.193441	0.507784
0.092806	0.152666
0.091787	0.176230
0.100692	0.143486
0.466738	2.564725
0.097162	0.205497
0.071292	0.111572
0.101302	0.132706
0.129395	0.574514
0.225615	0.231255
0.196467	0.630659
0.117938	0.138578
0.165280	0.383449
0.129410	0.230997
0.297234	0.934802
0.086319	0.182566
0.193282	0.481272
0.157059	0.318045
0.260504	0.943025
0.153292	0.467541
0.206395	0.641887
0.125557	0.156947
0.313483	1.525095
0.158088	0.353326
0.165795	0.295115
0.155491	0.296210
0.106072	0.159639
0.229362	0.270648
0.225321	0.270386
0.312978	0.541451
0.119119	0.167958
0.188788	0.509728
0.106006	0.184450
0.233098	0.923068
0.084534	0.111163
0.115953	0.099720
0.164710	0.219064
0.137937	0.177249
0.191101	0.524571
0.142609	0.236017
0.172329	0.349828
0.138242	0.303441
0.238012	1.040112
0.157639	0.197837
0.156496	0.341943
0.112264	0.152118
0.210244	1.609417
0.160755	0.762782
0.267368	1.032039
0.150401	0.300803
0.109177	0.108085
0.309587	0.636201
0.125973	0.247538
0.176875	0.344906
0.171831	0.277508
0.244231	0.953723
0.127850	0.181548
0.190684	0.496733
0.149245	0.221629
0.125402	0.165531
0.341496	1.591371
0.229043	0.642466
0.233783	0.762133
0.183746	0.580639
0.083407	0.106344
0.165995	0.964433
0.222619	0.972844
0.108367	0.193434
0.087338	0.107862
0.125071	0.176976
0.177537	0.440292
0.384508	1.499580
0.241134	1.188790
0.101411	0.145018
0.385684	1.955417
0.174990	0.349980
0.096365	0.110820
0.133692	0.162436
0.110469	0.130906
0.206426	0.408723
0.245963	0.564485
0.132282	0.204376
0.322438	2.232884
0.258460	0.398029
0.149035	0.217591
0.221456	0.440698
0.250862	0.560677
0.202737	0.446021
0.159768	0.252433
0.133915	0.309344
0.113369	0.139444
0.177722	0.279912
0.085724	0.111870
0.136516	0.254602
0.281185	0.912446
0.172139	0.506949
0.130188	0.279904
0.200230	0.412473
0.132533	0.159039
0.113253	0.133639
0.202232	0.677476
0.163036	0.126353
0.086397	0.094605
0.120078	0.147697
0.096132	0.187457
0.143783	0.262404
0.267942	0.673875
0.149070	1.086717
0.201064	1.217444
0.259024	0.752464
0.170021	0.327290
0.096711	0.111218
0.270764	0.771677
0.089299	0.101354
0.109039	0.264421
0.144555	0.148168
0.217188	0.614641
0.204121	1.027750
0.148142	0.215547
0.150736	0.488386
0.460973	2.141221
0.212516	0.482412
0.139819	0.132828
0.321837	0.732179
0.226428	0.571730
0.264703	0.939697
0.110181	0.121199
0.142098	0.386506
0.124233	0.280145
0.155155	0.304879
0.103387	0.192299
0.119337	0.154542
0.233063	0.574499
0.136585	0.296389
0.166797	0.330259
0.086568	0.144136
0.076630	0.137168
0.154155	0.189610
0.144939	0.300749
0.176527	0.288621
0.234806	0.385081
0.341423	1.526161
0.136039	0.248272
0.180759	0.207872
0.208909	0.363502
0.302177	1.595494
0.165101	0.258383
0.085873	0.109918
0.295833	0.701124
0.122890	0.136408
0.193871	0.335397
0.135424	0.155737
0.155701	0.143244
0.175605	0.525058
0.169721	0.411573
0.174516	0.623895
0.110165	0.122834
0.139587	0.271496
0.127938	0.198943
0.306176	1.705403
0.109050	0.137949
0.266783	1.233871
0.075501	0.207249
0.107458	0.242318
0.223150	1.148106
0.158648	0.529090
0.359752	2.476895
0.099454	0.174542
0.218297	1.081664
0.177218	0.715962
0.094870	0.200175
0.079121	0.321233
0.127545	0.305470
0.278105	1.108247
0.182138	0.360633
0.216977	0.801728
0.129203	0.340449
0.100330	0.261862
0.162563	0.446235
0.273243	1.923631
0.218125	0.420981
0.149471	0.135271
0.132845	0.269011
0.140259	0.232830
0.217448	0.678439
0.137753	0.223849
0.157744	0.421176
0.124466	0.374019
0.144163	0.549982
0.173249	0.441786
0.132791	0.247655
0.137416	0.250783
0.136161	0.244408
0.144013	0.297386
0.314618	0.843175
0.141730	0.184957
0.133166	0.276320
0.132475	0.242428
0.143735	0.296094
0.147449	0.465200
0.128032	0.270789
0.252983	1.140952
0.051592	0.147811
0.085184	0.205718
0.116231	0.409715
0.320200	2.324649
0.125108	0.173900
0.218953	0.409441
0.073308	0.105930
0.194956	0.502987
0.119601	0.264317
0.123427	0.157369
0.176206	0.555930
0.180263	0.439841
0.082636	0.237580
0.080097	0.185023
0.099441	0.230703
0.083900	0.103197
0.086530	0.112056
0.126212	0.147038
0.156639	1.284442
0.136388	0.322558
0.178481	0.306095
0.281499	1.110514
0.230079	1.034204
0.139472	0.412139
0.161967	0.406537
0.172945	0.652866
0.180371	0.350821
0.123692	0.198525
0.062593	0.093889
0.144034	0.476753
0.114719	0.241484
0.085330	0.144207
0.298747	1.758123
0.177764	0.241759
0.180555	0.298818
0.100683	0.183243
0.046588	0.087586
0.163461	0.272162
0.130373	0.372867
0.102805	0.567483
0.366040	2.223691
0.165530	0.306230
0.109487	0.165326
0.122485	0.372354
0.117295	0.176529
0.292522	0.728380
0.115748	0.238441
0.089324	0.138453
0.261094	0.999989
0.183134	0.429450
0.114471	0.116760
0.083658	0.149747
0.176928	0.427280
0.084735	0.190229
0.163131	0.955948
0.125399	0.175559
0.087383	0.283557
0.073448	0.226220
0.190890	0.597486
0.190534	0.694497
0.094072	0.201315
0.082537	0.154757
0.111916	0.284267
0.139902	0.271410
0.176360	0.417974
0.136701	0.331501
0.089896	0.180692
0.084004	0.100805
0.117969	0.107352
0.136825	0.228497
0.105348	0.139586
0.159099	0.392179
0.301522	1.239253
0.135387	0.315453
0.093209	0.251664
0.267575	1.477015
0.290277	2.000010
0.072089	0.176978
0.424308	4.616468
0.096828	0.147662
0.047031	0.092415
0.100985	0.152487
0.140659	0.329845
0.132299	0.372420
0.238065	0.542789
0.127871	0.258939
0.145019	0.694641
0.159211	0.546092
0.284728	2.371783
0.072637	0.093702
0.154255	0.328564
0.180179	0.372069
0.117241	0.294861
0.156810	0.514336
0.095536	0.115121
0.088400	0.141440
0.131452	0.467970
0.163895	0.580188
0.072648	0.169997
0.084027	0.159232
0.111652	0.210465
0.158136	0.326551
0.182036	1.195980
0.094225	0.136626
0.054638	0.191779
0.236816	0.223791
0.157616	0.420047
0.099662	0.128564
0.176449	0.519641
0.123455	0.589497
0.112039	0.162456
0.078310	0.121773
0.087837	0.141857
0.378601	1.821072
0.139572	0.541538
0.061285	0.125941
0.158466	0.343870
0.093440	0.263969
0.072669	0.180220
0.085387	0.373570
0.057320	0.120658
0.062503	0.272512
0.062101	0.206485
0.111042	0.335347
0.143177	0.345773
0.185707	1.436443
0.160199	0.373263
0.091272	0.180719
0.292172	1.741343
0.294497	2.171918
0.124997	0.254368
0.068125	0.116153
0.088056	0.112711
0.177785	0.261343
0.154056	0.635479
0.073134	0.123231
0.177984	0.701256
0.200271	0.248336
0.141300	0.139180
0.306227	0.641545
0.181760	0.656153
0.141039	0.449913
0.230412	0.528797
0.170285	0.230736
0.177655	0.246053
0.242758	1.281763
0.109092	0.099819
0.091413	0.149460
0.132027	0.220486
0.096893	0.156966
0.151101	0.299179
0.115640	0.142237
0.111900	0.124768
0.109210	0.173644
0.106363	0.155822
0.282786	0.739487
0.073961	0.093561
