Velocity(m/s)	Chord(mm)
0.368387	1.315141
0.122063	0.184925
0.197578	0.489005
0.135256	0.308385
0.192142	0.510137
0.143375	0.285317
0.124735	0.215792
0.140565	0.227716
0.064749	0.308851
0.125761	0.192414
0.155512	0.443208
0.094613	0.278162
0.120290	0.240579
0.090808	0.192058
0.082604	0.156121
0.280445	1.047463
0.161159	1.448016
0.204987	0.693880
0.175273	0.899150
0.181264	0.298180
0.076313	0.151862
0.094398	0.244963
0.122627	0.162481
0.191648	0.388088
0.193706	0.231479
0.186932	0.358910
0.180916	0.644063
0.339421	2.401403
0.134612	0.232879
0.260530	0.325662
0.230639	0.811850
0.444082	0.506254
0.195321	0.217783
0.285693	2.776938
0.122103	0.302816
0.111927	0.276460
0.191802	0.394153
0.328630	0.726271
0.332219	1.752454
0.255638	1.449465
0.259111	0.408100
0.155584	0.176587
0.152672	0.193130
0.210048	0.559778
0.179781	0.317313
0.146195	0.247801
0.201127	0.470637
0.096878	0.169052
0.185900	1.350567
0.135316	0.203650
0.226408	0.944120
0.244830	0.568005
0.156652	0.675953
0.259340	2.550608
0.164232	0.659390
0.194902	0.515517
0.138464	0.189003
0.147314	0.365338
0.154351	0.301756
0.316588	1.429396
0.109220	0.252299
0.163940	0.267223
0.060908	0.321595
0.135282	0.289503
0.099702	0.231309
0.211841	0.869608
0.139443	0.393230
0.101871	0.440590
0.085451	0.135012
0.126132	0.374613
0.138094	0.237522
0.109830	0.208127
0.221469	0.438509
0.227210	0.307870
0.144290	0.206335
0.231921	0.251634
0.160246	0.497565
0.139826	0.358653
0.155888	0.470002
0.084529	0.151730
0.114656	0.189755
0.126161	0.358297
0.076070	0.106879
0.218771	1.220742
0.074081	0.191500
0.131663	0.321257
0.196829	0.841443
0.194976	0.354856
0.131231	0.377288
0.141041	0.385042
0.259450	1.961440
0.126620	0.173469
0.127243	0.211223
0.269110	1.271545
0.171737	0.278215
0.114133	0.244816
0.124081	0.204114
0.206138	0.487516
0.115918	0.128669
0.134228	0.213423
0.084383	0.236693
0.159347	0.283638
0.124480	0.296261
0.138990	0.296743
0.133395	0.328818
0.425933	2.112626
0.059729	0.128417
0.176860	0.504052
0.163697	0.400240
0.397981	1.577996
0.211347	0.791495
0.101189	0.212498
0.120437	0.482350
0.127728	0.289943
0.131687	0.212675
0.124246	0.237309
0.096114	0.207605
0.082928	0.137245
0.142670	0.294614
0.239874	0.747206
0.118477	0.276051
0.180026	0.303344
0.221142	1.505977
0.090391	0.277499
0.101920	0.373026
0.161390	0.639105
0.128758	1.886948
0.098541	0.307447
0.092917	0.223465
0.147742	0.544428
0.100024	0.158037
0.230328	0.611520
0.092292	0.192428
0.163522	0.260000
0.138393	0.803374
0.176292	0.643465
0.085653	0.332764
0.123398	0.512717
0.144166	0.365460
0.221780	0.869379
0.132025	0.630420
0.355100	1.866051
0.160854	0.531623
0.382651	1.524863
0.153521	0.522740
0.087621	0.119603
0.140565	0.297295
0.108824	0.185001
0.228856	1.412039
0.178684	0.401146
0.170651	0.273895
0.145383	0.471039
0.086545	0.137607
0.180900	0.242405
0.194947	0.780761
0.096824	0.131196
0.110050	0.172779
0.186590	0.472072
0.146815	0.411082
0.138363	0.312008
0.198433	0.411749
0.266864	0.784581
0.183415	0.345738
0.068269	0.135856
0.130927	0.169550
0.034044	0.093451
0.124584	0.187499
0.104651	0.172674
0.155365	0.263343
0.091688	0.164121
0.142702	0.193361
0.301529	2.050394
0.057312	0.168498
0.151827	0.387919
0.266693	1.070774
0.170309	0.593527
0.081221	0.246506
0.122107	0.345562
0.159807	0.372351
0.188341	0.444484
0.184927	0.779467
0.143017	0.327510
0.150864	0.503131
0.283210	2.366220
0.154121	0.319801
0.165712	0.550992
0.071762	0.178688
0.134186	0.309970
0.210204	0.658989
0.255053	0.390231
0.263163	0.405271
0.225516	0.752097
0.294678	1.368781
0.189031	0.475414
0.236235	0.797292
0.085769	0.178828
0.237880	0.561397
0.325010	2.078437
0.196317	0.515333
0.165328	0.339749
0.186211	0.372422
0.250762	1.396746
0.141816	0.256687
0.217583	0.318759
0.080144	0.256861
0.154166	0.334541
0.305419	0.812415
0.134226	0.287243
0.263044	0.774663
0.111492	0.275944
0.320367	1.316707
0.304165	0.923141
0.258895	0.481544
0.239664	1.016175
0.163892	0.303199
0.082588	0.134618
0.113358	0.176839
0.150861	0.306248
0.220151	0.389668
0.096020	0.322148
0.226868	0.669261
0.130712	0.160775
0.159318	0.419802
0.301082	1.637884
0.239684	0.564456
0.089511	0.178128
0.138029	0.268466
0.115152	0.236638
0.187470	0.330885
0.111053	0.199340
0.102865	0.125495
0.183507	0.505561
0.177755	0.332401
0.340964	2.391865
0.127175	0.157061
0.259800	0.329946
0.115115	0.177853
0.147138	0.265584
0.161977	0.309377
0.151894	0.201260
0.113984	0.207450
0.162896	0.294842
0.301042	1.455539
0.154492	0.288899
0.140231	0.337256
0.227992	0.473083
0.196969	0.321060
0.311423	2.170620
0.165123	0.496196
0.162429	0.794276
0.106221	0.144461
0.132712	0.282676
0.140374	0.195120
0.200756	0.539031
0.209534	0.519644
0.215487	1.310162
0.192110	0.368852
0.280810	0.956160
0.160134	0.146522
0.183440	0.637453
0.131882	0.311241
0.157969	0.789846
0.157739	0.318634
0.283087	0.552020
0.239007	1.572669
0.145416	0.475511
0.079905	0.138635
0.244859	1.137371
0.130137	0.276541
0.244283	1.808914
0.098631	0.160275
0.205023	0.465402
0.093312	0.149765
0.143740	0.255858
0.184307	0.612820
0.149247	0.221632
0.128769	0.184784
0.090945	0.170977
0.135149	0.323007
0.089349	0.131344
0.135369	0.322856
0.142979	0.229481
0.125180	0.311698
0.079948	0.159097
0.104732	0.267590
0.222918	0.781329
0.148543	0.281489
0.168252	0.666280
0.324541	2.281526
0.289084	1.059493
0.196077	0.212743
0.159725	0.181287
0.137924	0.208265
0.115714	0.135386
0.134261	0.845843
0.123745	0.241922
0.157886	0.245514
0.206846	1.068357
0.167882	0.180474
0.327559	1.831056
0.238713	1.189985
0.218629	0.338874
0.238765	0.315169
0.123603	0.187259
0.165321	0.996886
0.112890	0.187963
0.157054	0.412266
0.157251	0.398631
0.109524	0.156071
0.228423	0.947955
0.127653	0.328708
0.143579	0.241931
0.194445	0.759307
0.274977	1.911090
0.161179	0.574605
0.167580	0.399679
0.254887	1.649119
0.198414	1.330369
0.174059	0.315917
0.240125	0.619522
0.219122	1.680667
0.159686	0.361689
0.195285	0.407168
0.221203	0.862692
0.156641	0.410400
0.065925	0.152287
0.185984	1.212615
0.074671	0.154942
0.137068	0.246722
0.232153	2.074291
0.159457	0.625070
0.249991	1.519944
0.083941	0.156131
0.149401	0.330923
0.173542	0.254239
0.160204	0.562317
0.110746	0.330022
0.269714	0.651359
0.180319	0.296624
0.187540	0.296313
0.092318	0.190638
0.148980	0.292745
0.177967	0.315002
0.089754	0.149889
0.142706	0.308245
0.142756	0.250537
0.161987	0.258370
0.172370	0.592092
0.151161	0.217671
0.160499	1.606597
0.130922	0.280173
0.099690	0.196390
0.171899	0.465846
0.321811	1.472283
0.110233	0.299833
0.126360	0.528818
0.082346	0.149457
0.081674	0.115569
0.154151	0.529508
0.154855	0.332937
0.314909	1.774514
0.114018	0.151644
0.239639	1.494149
0.078230	0.198312
0.116996	0.623590
0.096735	0.142684
0.138519	1.709325
0.128131	0.202447
0.183140	0.509129
0.194269	0.284604
0.217023	0.605495
0.201815	0.700297
0.139910	0.267927
0.133169	0.242367
0.146159	0.270395
0.168312	0.393851
0.177794	1.705046
0.124060	0.241297
0.144827	0.429412
0.100691	0.130395
0.104095	0.270126
0.267831	2.197553
0.087300	0.162379
0.148850	0.345331
0.119122	0.268619
0.259595	1.541992
0.135504	0.132116
0.118863	0.313798
0.197158	0.649636
0.137475	0.318942
0.154537	0.467474
0.115504	0.328609
0.091727	0.229318
0.199960	0.752851
0.104268	0.230433
0.277014	1.677317
0.113315	0.284987
0.209103	0.845822
0.230314	2.057856
0.146539	0.570035
0.144287	0.276309
0.112214	0.253044
0.137970	0.289738
0.102745	0.175181
0.071448	0.138610
0.211530	0.441041
0.106422	0.278824
0.147782	0.234973
0.060155	0.125424
0.225402	0.618730
0.113840	0.147992
0.132590	0.232032
0.215842	1.232458
0.264939	3.351479
0.106140	0.269064
0.202195	0.959413
0.247514	0.981393
0.189416	0.218775
0.096585	0.229388
0.189652	0.205773
0.232378	1.416343
0.204873	0.417940
0.139412	0.307404
0.240633	0.501720
0.119102	0.192945
0.144370	0.148701
0.220959	0.294980
0.238084	1.061856
0.195878	0.304590
0.093326	0.216515
0.104814	0.249457
0.200475	0.390927
0.115871	0.274036
0.130452	0.178067
0.129617	0.173039
0.232302	0.477381
0.171977	0.411884
0.088636	0.179930
0.108416	0.350727
0.208594	0.569461
0.090620	0.276843
0.246072	1.122088
0.218437	0.285061
0.098949	0.280521
0.110092	0.223487
0.098829	0.538616
0.172808	0.358577
0.171854	0.858413
0.137176	0.774358
0.113813	0.255509
0.275315	0.623589
0.109092	0.225276
0.101490	0.165936
0.134693	0.348854
0.214040	1.239291
0.134308	0.498284
0.202457	0.871579
0.193369	1.522779
0.164767	0.167238
0.126845	0.180120
0.188834	0.730789
0.118463	0.199018
0.195367	0.596846
0.109046	0.210458
0.180106	0.886122
0.218524	1.567907
0.182823	1.462580
0.148002	0.241983
0.189851	0.474628
0.164469	0.355253
0.125882	0.187565
0.226906	1.396606
0.207369	0.345269
0.135672	0.255063
0.134285	0.237684
0.207141	0.938349
0.223981	1.708979
0.243435	0.479568
0.371165	2.343907
0.267780	2.580057
0.093161	0.172814
0.162571	0.223535
0.167171	0.483960
0.170938	0.266663
0.241285	0.950664
0.105220	0.191500
0.130154	0.248595
0.150349	0.158618
0.095694	0.389475
0.258153	1.659922
0.209107	0.291704
0.148980	0.273378
0.103295	0.167338
0.197876	1.167470
0.117866	0.165012
0.139214	0.321584
0.115025	0.321494
0.109851	0.190041
0.147491	0.202062
0.157005	0.307730
0.074522	0.265298
0.194237	0.726445
0.108400	0.413544
0.252119	1.839211
0.112780	0.159020
0.139036	0.232190
0.189464	0.541866
0.115860	0.420571
0.265883	0.969145
0.268007	1.054606
0.183507	0.760635
0.173061	0.454284
0.075291	0.190487
0.192585	0.667309
0.113384	0.222233
0.205747	0.583292
0.183864	0.264765
0.195649	0.195649
0.269808	0.639444
0.201711	0.521423
0.212622	0.493282
0.235217	0.510421
0.154220	0.475770
0.166633	0.220789
0.105883	0.149296
0.197155	0.852695
0.229362	0.892219
0.156519	0.409297
0.107821	0.281412
0.125897	0.163667
0.059608	0.123091
0.305021	1.756922
0.088087	0.227265
0.085215	0.226246
0.208150	0.478745
0.243425	0.559877
0.287058	1.396536
0.111525	0.278811
0.126657	0.547158
0.152017	0.193061
0.073444	0.124121
0.145805	0.428666
0.261083	1.182708
0.218928	1.324513
0.238144	0.715622
0.228668	0.862080
0.240243	1.100315
0.079427	0.203730
0.062864	0.188278
0.102135	0.437647
0.097469	0.352350
0.117282	0.220491
0.088456	0.203008
0.190186	0.867247
0.201035	0.542794
0.149190	0.580351
0.095443	0.205202
0.088267	0.140786
0.108734	0.143529
0.160668	0.316516
0.076525	0.136597
0.144656	0.244469
0.193499	0.620166
0.161196	1.156583
0.129552	0.462502
0.140384	0.261816
0.143493	0.404651
0.121230	0.223063
0.177283	1.209072
0.142669	0.263225
0.121546	0.239445
0.221819	0.327182
0.247753	1.436970
0.280561	1.342485
0.222923	0.576255
0.179895	0.271642
0.210917	0.595840
0.113447	0.188889
0.179497	0.296170
0.151010	0.207639
0.200885	0.371637
0.191367	0.346374
0.323737	1.222109
0.121238	0.205499
0.212046	0.547080
0.250546	1.003437
0.351371	1.500356
0.220235	0.882041
0.184475	0.368951
0.182363	0.176892
0.383265	2.017888
0.422304	1.070541
0.244814	0.658551
0.113483	0.199730
0.263835	1.300706
0.099762	0.200521
0.244666	0.513798
0.245806	1.569474
0.156051	0.397931
0.104802	0.216417
0.176391	0.228426
0.166597	0.605581
0.177815	0.234715
0.151387	0.139276
0.147282	0.366732
0.139202	0.293717
0.112681	0.242264
0.065069	0.117450
0.065614	0.107934
0.109284	0.401619
0.098437	0.182601
0.230513	0.417229
0.119331	0.216586
0.128979	0.237967
0.129652	0.272270
0.152622	0.389948
0.169844	0.388943
0.318798	0.288512
0.305885	1.708368
0.147381	0.318343
0.153070	0.866374
0.207510	1.220157
0.094863	0.167433
0.166395	1.100705
0.104758	0.138804
0.163677	0.433743
0.119364	0.400465
0.116963	0.135677
0.104388	0.200947
0.220369	0.375729
0.141774	0.326080
0.209056	0.360622
0.132665	0.257371
0.145034	0.189270
0.203775	0.853818
0.178133	0.946775
0.150390	0.480495
0.091700	0.117835
0.102849	0.213411
0.175755	1.158225
0.165647	0.719736
0.211291	0.512381
0.183585	0.298326
0.139679	0.218598
0.142577	0.213866
0.117662	0.176493
0.130585	0.323851
0.237976	0.619928
0.334443	2.130404
0.116817	0.247067
0.094380	0.307677
0.079058	0.176695
0.262260	1.393911
0.228470	0.382687
0.345612	1.406641
0.130916	0.194410
0.165969	0.265551
0.248847	1.147183
0.154953	0.519867
0.100430	0.270658
0.119746	0.238295
0.165444	0.533556
0.124556	0.272777
0.143582	0.264191
0.269810	0.539620
0.160116	0.176128
0.176867	0.257342
0.207393	0.348420
0.161118	0.221537
0.228853	0.384473
0.254772	0.472602
0.288513	0.615975
0.298479	1.771475
0.105182	0.181965
0.260588	0.945934
0.174820	0.361003
0.106867	0.234038
0.143471	0.421088
0.149756	0.483711
0.134224	0.296634
0.310993	2.192499
0.209736	0.557899
0.222472	0.694111
0.173778	0.364064
0.219768	0.768088
0.149049	0.178114
0.265174	0.713318
0.210727	0.748081
0.392938	2.797718
0.228250	0.179176
0.320018	0.614434
0.312844	0.825908
0.208386	0.266734
0.169088	0.238413
0.213847	0.718524
0.103957	0.136703
0.117460	0.223761
0.324237	1.950286
0.228549	0.845631
0.071116	0.135476
0.187892	0.481944
0.140459	0.193833
0.096288	0.187761
0.214477	0.453619
0.136992	0.150691
0.335721	1.927036
0.232623	0.419885
0.094580	0.154639
0.150389	0.439135
0.118118	0.135245
0.198470	2.783547
0.243728	0.567886
0.241227	1.768197
0.173710	0.509839
0.231463	0.385386
0.105853	0.155075
0.183588	0.508538
0.240664	0.268341
0.278258	0.523125
0.099940	0.169398
0.128956	0.214066
0.212762	0.347866
0.264268	0.883975
0.117530	0.155140
0.078316	0.173079
0.169584	0.474836
0.113236	0.146641
0.261829	0.543296
0.126872	0.249937
0.137470	0.330616
0.147047	0.208806
0.096396	0.126279
0.286789	2.819133
0.173402	0.406628
0.089013	0.163338
0.121337	0.188679
0.191609	0.244301
0.176492	0.604484
0.222903	0.668710
0.161260	0.363641
0.129789	0.194683
0.239055	0.478109
0.154514	0.156059
0.158795	0.322355
0.105131	0.252839
0.170229	0.487706
0.289061	1.942487
0.123939	0.324720
0.091972	0.127840
0.240983	1.684472
0.116132	0.156198
0.328624	1.684196
0.097262	0.230024
0.192819	1.570512
0.323615	2.084081
0.096583	0.147290
0.116378	0.217627
0.086511	0.202868
0.201040	0.511646
0.126736	0.230659
0.157866	0.364671
0.138370	0.380516
0.100611	0.205750
0.106663	0.337054
0.215545	0.817994
0.065744	0.143321
0.135446	0.201815
0.115178	0.376057
0.144845	0.226683
0.171935	1.230192
0.114053	0.252056
0.180025	0.522973
0.179216	0.638904
0.123654	0.330773
0.099717	0.468172
0.078450	0.176121
0.280385	1.899608
0.153097	0.317676
0.092523	0.160528
0.156097	0.420680
0.136317	0.183347
0.155009	0.791320
0.074647	0.164222
0.148186	0.674987
0.151523	0.288651
0.122091	0.384587
0.192411	0.183753
0.320594	1.304817
0.099782	0.172123
0.114676	0.183482
0.220486	0.383646
0.368532	1.487028
0.129912	0.136408
0.228991	0.538129
0.331625	1.449202
0.122631	0.226868
0.132500	0.184175
0.088893	0.221344
0.093270	0.147834
0.290284	1.136461
0.088214	0.158784
0.221575	1.266301
0.104398	0.163383
0.222167	0.984199
0.372968	1.986052
0.145666	0.418788
0.220436	0.449689
0.083066	0.115461
0.242076	0.672972
0.122022	0.197675
0.111068	0.189371
0.235237	1.102085
0.065936	0.152973
0.175590	0.417904
0.222912	1.101185
0.081701	0.119692
0.059456	0.122480
0.093071	0.172182
0.179414	1.442487
0.123571	0.320666
0.096816	0.155390
0.140768	0.174553
0.155856	0.261839
0.144083	0.344359
0.044659	0.083066
0.142476	0.174533
0.209375	0.637547
0.164560	0.428679
0.139784	0.183117
0.149484	0.396879
0.192435	0.652356
0.289524	1.252190
0.247768	0.605794
0.094187	0.178485
0.161741	0.244229
0.241196	0.842980
0.166547	0.300617
0.090486	0.156540
0.190429	0.359911
0.089946	0.236108
0.335119	0.695372
0.125219	0.257324
0.137229	0.382182
0.085518	0.137684
0.132814	0.363909
0.259890	1.055154
0.133827	0.217469
0.191981	0.611461
0.159549	0.247301
0.144751	0.558740
0.105376	0.138042
0.153312	0.363350
0.177374	0.298875
0.105408	0.147044
0.162427	0.455609
0.121661	0.290770
0.117848	0.372401
0.178148	0.350060
0.110731	0.244163
0.122640	0.229949
0.215080	0.793644
0.093771	0.137374
0.211998	0.491835
0.161469	0.366534
0.170773	0.399608
0.342896	2.019657
0.087915	0.262866
0.113345	0.215355
0.059348	0.125818
0.120103	0.236604
0.104992	0.223632
0.238649	1.419959
0.229097	1.902653
0.229560	1.233884
0.099053	0.136197
0.092375	0.138100
0.098391	0.360112
0.199627	0.704682
0.092140	0.167694
0.249661	1.510448
0.115965	0.141477
0.106054	0.192488
0.075047	0.131707
0.070875	0.108085
0.213341	1.812333
0.162369	0.449763
0.137675	0.214084
0.293527	1.878576
0.195373	1.632344
0.151671	0.543739
0.188831	0.869568
0.138196	0.245297
0.239079	1.652037
0.195424	0.641969
0.149485	0.310180
0.167689	0.731964
0.095590	0.157724
0.077892	0.271064
0.159969	0.171967
0.134282	0.365918
0.121373	0.299790
0.153955	0.148567
0.206735	0.700831
0.138746	0.293448
0.110288	0.352371
0.078441	0.179239
0.199575	0.555816
0.191301	0.825463
0.086357	0.247846
0.165241	0.539512
0.059508	0.124967
0.088427	0.208246
0.062704	0.149234
0.129916	0.357918
0.110852	0.147987
0.246015	0.311209
0.320289	2.125117
0.164054	0.294477
0.093437	0.212570
0.084980	0.194604
0.178865	0.851396
0.112232	0.168910
0.112553	0.172206
0.096101	0.141268
0.205350	0.579086
0.127136	0.293048
0.195010	1.208090
0.074348	0.166912
0.104660	0.285199
0.098499	0.231473
0.163284	0.323302
0.252002	0.301142
0.293137	1.796932
0.307378	1.417014
0.124196	0.474427
0.143505	0.248981
0.258323	1.605476
0.159109	0.315036
0.175364	0.254278
0.123392	0.399175
0.124943	0.208656
0.255671	1.829324
0.114012	0.218333
0.127235	0.161588
0.127458	0.368353
0.115465	0.222847
0.217119	0.622045
0.118966	0.192131
0.135232	0.377297
0.094932	0.139550
0.099286	0.243748
0.181760	0.485299
0.125257	0.209179
0.151568	0.367551
0.107506	0.156959
0.124489	0.244621
0.239376	1.065225
0.183173	0.564174
0.217881	0.997896
0.106350	0.378605
0.108853	0.138788
0.209716	1.336937
0.140267	0.149384
0.343311	1.800666
0.140699	0.289840
0.110570	0.228328
0.177706	0.503795
0.112707	0.256973
0.165275	0.542929
0.211625	0.329077
0.089362	0.155491
0.113477	0.193479
0.256229	0.974951
0.142099	0.455429
0.172682	0.797791
0.104138	0.373854
0.117256	0.293140
0.202482	0.868648
0.120667	0.193670
0.209522	0.573044
0.085120	0.214928
0.175923	0.526009
0.330043	1.577607
0.150957	0.181149
0.201471	0.565126
0.140621	0.182105
0.364312	1.327917
0.241826	1.544057
0.213902	0.855607
0.094340	0.262738
0.190287	0.566104
0.348785	1.055075
0.150207	0.826136
0.228046	0.867714
0.237169	1.066073
0.142034	0.453089
0.144852	0.219450
0.234348	0.691326
0.205756	0.457807
0.170787	0.293753
0.180991	0.225334
0.144308	0.152245
0.218000	0.599500
0.110514	0.297834
0.104284	0.242981
0.152604	0.417373
0.193790	1.305178
0.255267	1.543088
0.196755	0.559769
0.123240	0.264967
0.199983	2.054823
0.216816	0.539873
0.202420	1.173026
0.161358	0.405008
0.197163	0.519525
0.175842	0.605774
0.197934	0.940185
0.101127	0.186073
0.216537	1.137902
0.290143	1.605939
0.203947	0.358947
0.097105	0.174789
0.121363	0.152311
0.125369	0.317810
0.103318	0.317187
0.124570	0.224226
0.154476	0.610953
0.109391	0.277852
0.183586	0.762802
0.153712	0.431930
0.223904	1.001969
0.175522	0.233445
0.153297	0.310427
0.071402	0.204567
0.151533	0.638711
0.064003	0.123846
0.105013	0.442105
0.099926	0.224335
0.141982	0.473510
0.186102	0.289388
0.122150	0.542958
0.144005	0.382332
0.122394	0.451633
0.054011	0.159871
0.102158	0.184906
0.137142	0.435425
0.128707	0.460769
0.147288	0.788725
0.078460	0.214981
0.217710	0.673811
0.145493	0.467760
0.059239	0.200524
0.103800	0.137016
0.120910	0.206755
0.288930	2.090408
0.113538	0.203801
0.122198	0.197961
0.112416	0.255746
0.070853	0.157648
0.191164	0.703482
0.058728	0.340625
0.154327	0.486131
0.197232	0.219914
0.107801	0.516368
0.083969	0.297671
0.090188	0.361204
0.094678	0.354094
0.218977	1.459484
0.075603	0.145913
0.078742	0.189375
0.098250	0.369910
0.098581	0.158715
0.134055	0.182315
0.086170	0.156398
0.059645	0.124956
0.168234	0.647702
0.197630	0.968388
0.140623	0.535774
0.160408	0.328035
0.173581	0.633572
0.208212	0.193637
0.177723	0.797978
0.120648	0.718459
0.085530	0.161651
0.116606	0.402292
0.306346	1.141138
0.096110	0.123021
0.095436	0.160332
0.076348	0.153842
0.091147	0.149025
0.194533	0.206205
0.185262	0.451113
0.184404	0.343913
0.231750	0.331402
0.181978	0.368505
0.161666	0.315248
0.289066	1.092668
0.256003	0.465925
0.137857	0.270890
0.202978	2.412396
0.318717	1.051765
0.179592	0.369959
0.110756	0.304578
0.176122	0.235123
0.190722	0.513042
0.446797	2.526639
0.271826	1.011193
0.196567	1.004457
0.114220	0.251855
0.229585	0.973439
0.257093	1.007804
0.107456	0.177302
0.133127	0.286223
0.186981	0.232791
0.089482	0.111853
0.173817	0.886465
0.175376	0.477900
0.086869	0.205879
0.086644	0.171123
0.186660	0.695309
0.119712	0.387267
0.163649	0.524494
0.164295	0.519995
0.133605	1.516418
0.212511	0.842605
0.103178	0.195007
0.090805	0.175254
0.108346	0.244320
0.083443	0.202766
0.196301	0.969726
0.124910	0.576459
0.155961	0.338436
0.095921	0.306947
0.213429	0.672303
0.330108	1.927832
0.232605	0.981591
0.148152	0.788168
0.062063	0.195810
0.096373	0.167689
0.133166	0.280315
0.135120	0.439816
0.124704	0.245043
0.067025	0.123995
0.147063	0.195593
0.286228	1.237934
0.079813	0.168804
0.156870	0.255698
0.093375	0.227368
0.089297	0.122783
0.100182	0.496904
0.085259	0.144940
0.090643	0.151827
0.092362	0.181953
0.166517	0.398809
0.299641	1.797846
0.156636	0.743238
0.194788	0.827848
0.093197	0.218547
0.173944	0.399202
0.220997	1.106088
0.127675	0.184490
0.187920	0.423759
0.177278	0.387352
0.195414	0.484628
0.110302	0.127950
0.138657	0.319605
0.111842	0.213060
0.196025	0.528288
0.231854	0.515875
0.181917	0.387482
0.189238	0.290480
0.152941	0.325765
0.161379	0.329213
0.268436	1.089851
0.117592	0.184032
0.204895	0.489698
0.064350	0.185972
0.128603	0.189690
0.216071	0.983124
0.089731	0.219841
0.133619	0.253876
0.198855	1.029074
0.104047	0.518672
0.059966	0.257255
0.323511	1.978272
0.130178	0.390535
0.183746	1.016117
0.196407	0.462539
0.104931	0.169988
0.111759	0.158697
0.154296	0.236845
0.192585	0.397689
0.157701	0.246013
0.323616	0.899653
0.266550	0.573082
0.350190	1.593366
0.138826	0.129802
0.128705	0.113904
0.454835	0.666333
0.392985	1.245763
0.160110	0.333830
0.149773	0.408132
0.153337	0.298240
0.176018	0.771837
0.172044	0.270970
0.071945	0.147488
0.233952	0.703025
0.173164	0.184420
0.230713	1.234313
0.128371	0.457001
0.111511	0.112069
0.191489	0.230744
0.177418	0.249272
0.206477	0.607043
0.123518	0.208128
0.167731	0.353073
0.286773	1.390848
0.186633	0.188500
0.297660	1.202544
0.268952	1.016637
0.137879	0.113750
0.235994	0.477888
0.077210	0.112341
0.139584	0.272887
0.262792	1.161543
0.172534	0.865260
0.231935	0.579838
0.185746	1.198988
0.081136	0.135903
0.333044	1.282219
0.130517	0.324988
0.178910	0.636920
0.178939	0.439296
0.158415	0.500591
0.168552	0.384299
0.067274	0.258332
0.146277	0.299868
0.127183	0.210488
0.121026	0.191827
0.118235	0.141290
0.412775	1.622204
0.178584	0.664332
0.238615	1.162053
0.164442	0.205553
0.200887	0.663930
0.284779	1.006695
0.194678	0.303698
0.191905	0.438503
0.200441	0.371817
0.140791	0.314668
0.123263	0.367323
0.282651	1.061355
0.191462	0.294851
0.170838	0.291279
0.141205	0.279586
0.182906	0.417941
0.132404	0.256202
0.337909	1.236748
0.152931	0.389210
0.143124	0.309148
0.055975	0.286033
0.126486	0.215027
0.110484	0.410446
0.096744	0.143666
0.217963	0.319316
0.214952	0.998453
0.183637	0.438893
0.208361	0.579245
0.217889	0.790939
0.201183	1.144730
0.137828	0.202607
0.166719	0.205898
0.314554	1.143403
0.288347	1.435970
0.255076	0.792010
0.133668	0.154386
0.109102	0.159288
0.121336	0.121336
0.116740	0.311111
0.267266	0.845897
0.113413	0.196205
0.131639	0.231684
0.234743	1.045779
0.285384	1.208601
0.112854	0.174924
0.266274	1.907855
0.079288	0.127256
0.325072	1.019101
0.080651	0.118154
0.243233	0.349040
0.106380	0.111699
0.185403	0.620172
0.091405	0.144877
0.209445	0.350820
0.289837	1.221664
0.172754	0.817126
0.128154	0.142892
0.181043	0.379286
0.099800	0.195607
0.150419	0.194040
0.115049	0.122527
0.134420	0.432833
0.140208	1.061371
0.254861	0.610392
0.208973	1.028148
0.110106	0.191033
0.220786	0.591707
0.219066	1.149003
0.088525	0.133672
0.182268	0.884000
0.157423	0.512411
0.334444	1.240787
0.130942	0.193794
0.053788	0.146033
0.169463	0.384681
0.135092	0.281667
0.277776	1.533324
0.084434	0.153248
0.085307	0.141610
0.249459	0.416596
0.164399	0.474291
0.104421	0.168117
0.126025	0.199119
0.106049	0.162256
0.082207	0.205519
0.167639	1.044388
0.144112	0.312723
0.074464	0.151161
0.080570	0.163960
0.132129	0.600526
0.185509	0.418324
0.115431	0.191038
0.075671	0.147559
0.144784	0.406118
0.337861	1.981555
0.189041	1.767529
0.327649	1.325340
0.199978	0.478946
0.140652	0.291853
0.097779	0.202892
0.107593	0.253381
0.130397	0.133005
0.229926	0.412717
0.061202	0.142601
0.177831	0.240072
0.187106	0.319951
0.115078	0.347535
0.121703	0.144218
0.099308	0.219968
0.106275	0.233806
0.122946	0.165978
0.285085	1.382661
0.127313	0.159141
0.142374	0.173696
0.128946	0.879413
0.121139	0.489400
0.237977	1.408824
0.135862	0.325389
0.141488	0.526337
0.178936	0.278246
0.130056	0.438938
0.145018	0.435054
0.282792	1.568080
0.275294	0.597388
0.200406	1.016058
0.098208	0.319176
0.088652	0.143173
0.055301	0.292817
0.187133	1.119991
0.093405	0.279748
0.157851	0.592731
0.149277	0.464251
0.102119	0.299718
0.369706	1.414127
0.344342	1.694165
0.153373	0.176379
0.291352	1.397034
0.144245	0.250985
0.146914	0.289420
0.115908	0.263690
0.142852	0.505696
0.075501	0.253682
0.150556	0.511139
0.134129	0.177721
0.143896	0.274841
0.190080	1.004572
0.162520	0.698022
0.199702	0.697959
0.091821	0.347083
0.197031	1.285627
0.093971	0.134378
0.193972	0.344300
0.235449	2.460441
0.157445	0.534526
0.083347	0.211284
0.066464	0.148216
0.105381	0.299808
0.210202	1.122479
0.260156	1.776865
0.073097	0.177260
0.144964	0.241365
0.161230	0.720697
0.084205	0.161252
0.077006	0.174418
0.086718	0.244544
0.069776	0.243866
0.139100	0.123799
0.245343	1.584919
0.189131	0.858657
0.135878	0.442961
0.114591	0.221161
0.105830	0.272512
0.159303	1.248939
0.108752	0.237080
0.097952	0.260552
0.197445	0.231011
0.121496	0.191963
0.141297	0.244444
0.121537	0.162859
0.119602	0.205716
0.132986	0.269962
0.212524	0.656700
0.106616	0.122075
0.095347	0.227403
0.144391	0.285172
0.135245	0.344874
0.147995	0.437325
0.264509	1.151938
0.249343	1.301569
0.096148	0.255753
0.091054	0.189848
0.196344	0.659716
0.149475	0.387887
0.063018	0.147462
0.077404	0.211699
0.344133	1.168333
0.221511	0.540488
0.149614	0.634362
0.220539	0.852382
0.183552	0.624993
0.096674	0.192380
0.102484	0.215216
0.108431	0.858777
0.170600	0.799259
0.131155	0.491831
0.107568	0.147369
0.090356	0.173935
0.131855	0.224153
0.143095	0.367039
0.085523	0.156935
0.156821	0.323052
0.066489	0.157580
0.160228	0.503916
0.164445	0.379045
0.282423	0.900928
0.225622	0.479446
0.254212	1.939636
0.159816	0.429106
0.249637	0.848766
0.156762	0.343309
0.142846	0.251408
0.117270	0.216950
0.343427	1.722286
0.110156	0.154769
0.114113	0.330356
0.178923	0.486669
0.167908	0.604468
0.211621	0.503658
0.169730	0.347946
0.196510	0.704489
0.272409	1.837396
0.131342	0.209491
0.178554	0.214264
0.222636	0.935071
0.257726	1.703570
0.196850	0.416339
0.195479	0.411483
0.114658	0.176573
0.223614	0.313060
0.248434	1.468243
0.150811	0.260149
0.145096	0.335172
0.229508	0.421146
0.208975	0.269578
0.136140	0.209655
0.167969	0.402285
0.110409	0.259462
0.101887	0.281718
0.123989	0.316171
0.093418	0.227473
0.216972	0.377532
0.223731	0.884856
0.102419	0.125464
0.132778	0.365803
0.215625	1.042549
0.224111	0.465031
0.139776	0.237619
0.249321	1.161837
0.122710	0.258918
0.157757	0.487468
0.081424	0.182797
0.159599	0.252965
0.159568	0.240149
0.346074	2.342920
0.172963	0.518023
0.155744	0.334072
0.191527	0.457749
0.095039	0.378729
0.118699	0.194073
0.153265	0.557118
0.126314	0.353048
0.090216	0.133519
0.190662	0.695918
0.201492	0.530932
0.113033	0.614902
0.294727	0.944600
0.227500	1.292200
0.213726	0.767278
0.079145	0.110011
0.108208	0.262945
0.131148	0.451150
0.148554	0.538509
0.117961	0.373347
0.115863	0.258374
0.116205	0.508397
0.109141	0.330150
0.177286	0.284544
0.217457	1.277557
0.077007	0.125907
0.184139	0.655534
0.133225	0.382357
0.157856	0.357545
0.139178	0.137786
0.250915	1.213175
0.101859	0.166030
0.142350	0.302493
0.140099	0.149906
0.215439	0.741111
0.210050	0.396994
0.199337	0.862131
0.317023	1.279188
0.189864	0.385423
0.100812	0.286809
0.285250	1.566022
0.118899	0.184888
0.150388	0.514326
0.240935	0.644501
0.070728	0.136505
0.158521	0.308323
0.137700	0.427559
0.087783	0.128163
0.161277	0.466897
0.132038	0.229086
0.123620	0.156379
0.142249	0.395453
0.155732	0.284989
0.117847	0.116668
0.149997	0.217495
0.117217	0.135971
0.196452	0.407638
0.182736	0.698966
0.193813	0.521357
0.152131	0.370439
0.109240	0.185707
0.258917	0.497121
0.120084	0.177124
0.125369	0.176144
0.429821	1.820290
0.218448	1.109713
0.204057	0.456066
0.166418	0.389418
0.170504	0.643653
0.105321	0.183784
0.218183	1.848006
0.228914	0.778308
0.272378	0.512072
0.121734	0.182601
0.169004	0.388709
0.265355	1.241861
0.322187	0.855407
0.181860	0.330984
0.141462	0.200168
0.182165	0.289643
0.163568	0.335314
0.191550	0.340002
0.217984	0.335695
0.241211	1.166256
0.172910	0.351871
0.224737	0.275302
0.299205	0.722579
0.178219	0.572974
0.264778	1.037928
0.137904	0.775020
0.315184	1.330076
0.221072	0.752751
0.325746	1.087991
0.160104	0.252964
0.176545	0.571124
0.099532	0.149299
0.267763	0.634599
0.160514	0.300963
0.174830	0.813836
0.139447	0.282381
0.139616	0.412565
0.221129	0.631324
0.134747	0.561893
0.182740	0.455024
0.192539	0.489049
0.104925	0.240278
0.167823	0.416201
0.149656	0.231219
0.169028	0.530749
0.136236	0.676411
0.114032	0.169337
0.179494	0.418222
0.084799	0.318420
0.128546	0.413276
0.079734	0.209701
0.035107	0.230125
0.089412	0.232470
0.107049	0.316329
0.093370	0.366009
0.145654	0.483570
0.176680	0.317140
0.138689	0.625486
0.111679	0.281430
0.060551	0.170150
0.306483	1.753083
0.144998	0.334946
0.158614	0.329124
0.097099	0.257313
0.216309	0.999347
0.142904	0.178630
0.170748	0.415771
0.105780	0.392971
0.075779	0.169366
0.075968	0.249935
0.133349	0.178687
0.165957	0.362617
0.114201	0.267230
0.126690	0.321159
0.090270	0.115094
0.129939	0.498317
0.215215	1.118044
0.101046	0.210681
0.136615	0.265717
0.238646	0.805429
0.148477	0.394949
0.064300	0.231801
0.149382	0.351047
0.117687	0.205364
0.119912	0.294982
0.083035	0.124553
0.063609	0.223267
0.149443	0.695658
0.142739	0.332583
0.250069	0.201306
0.306517	1.417641
0.123267	0.287213
0.106914	0.262474
0.080469	0.634095
0.212392	1.123554
0.141288	0.264914
0.089382	0.153290
0.123405	0.214725
0.148073	0.385731
0.153112	0.679818
0.146256	0.173313
0.124861	0.165440
0.196889	0.748178
0.161892	0.442776
0.167401	0.302997
0.121437	0.188228
0.142470	0.250035
0.158254	0.266658
0.264078	1.135536
0.151089	0.315020
0.175272	0.227853
0.176099	0.654208
0.175482	0.392203
0.220160	0.357760
0.317030	2.033750
0.100274	0.255196
0.068552	0.183033
0.258456	1.630854
0.099910	0.122889
0.069672	0.178359
0.142961	0.201575
0.297784	1.122645
0.108613	0.225372
0.068688	0.122952
0.100089	0.202680
0.246178	1.195194
0.121501	0.162204
0.151932	0.244610
0.408492	1.654391
0.154801	0.459758
0.203900	0.345611
0.117621	0.165257
0.201015	1.276448
0.103145	0.168643
0.126490	0.150524
0.129801	0.277774
0.164014	0.252582
0.242881	1.440282
0.095350	0.258400
0.170217	0.451925
0.144797	0.260635
0.233722	0.969948
0.088252	0.117816
0.136440	0.288571
0.112282	0.209407
0.102564	0.136410
0.191203	0.539192
0.085730	0.122165
0.110353	0.291883
0.129363	0.386149
0.122126	0.207614
0.081449	0.195071
0.089218	0.140519
0.139604	0.399268
0.224515	0.537713
0.175497	0.349239
0.198225	0.320133
0.165409	0.239844
0.182828	0.469869
0.135710	0.295847
0.252668	2.727551
0.099957	0.148436
0.149523	0.228023
0.104563	0.157890
0.096433	0.167793
0.172035	0.655455
0.214628	0.436768
0.174728	0.249861
0.261323	1.650257
0.072214	0.176924
0.133418	0.432276
0.105686	0.179137
0.232552	0.256970
0.128883	0.240367
0.101096	0.404891
0.180892	0.828487
0.148384	0.370960
0.142660	0.261782
0.188154	0.336796
0.202149	0.324449
0.258731	0.200517
0.297500	0.929686
0.521107	1.159463
0.290383	0.222143
0.375825	0.605078
0.217534	0.345879
0.157880	0.207612
0.141611	0.156480
0.214964	0.267630
0.127608	0.262872
0.113656	0.188101
0.182099	0.422470
0.128867	0.165595
0.201380	1.350254
0.163685	0.485325
0.138373	0.509212
0.232839	0.441230
0.180950	0.674945
0.165408	0.486300
0.254489	0.933975
0.102664	0.114471
0.105026	0.294598
0.177225	0.365970
0.261843	1.628662
0.212589	0.603751
0.189277	0.226185
0.115361	0.240529
0.218868	0.802151
0.150970	0.263443
0.134722	0.297736
0.095003	0.294985
0.179957	1.196711
0.187599	0.515897
0.090240	0.207102
0.243497	1.098172
0.096238	0.198732
0.157204	0.307334
0.127590	0.329183
0.094402	0.296895
0.125181	0.160232
0.148159	0.448920
0.144928	0.468841
0.103472	0.169694
0.180878	0.329199
0.171040	0.484042
0.116789	0.476501
0.135050	0.420681
0.183183	1.304266
0.153627	0.722816
0.082934	0.134352
0.174395	1.113515
0.146878	0.818112
0.155480	0.209121
0.208639	1.126649
0.164298	0.285878
0.140042	0.504150
0.080850	0.122892
0.129886	0.204571
0.134743	0.269487
0.232942	1.426768
0.087434	0.317824
0.230513	0.977376
0.161926	0.289848
0.117603	0.174640
0.250946	1.386478
0.081967	0.117213
0.254796	1.101993
0.189121	0.347036
0.138054	0.212603
0.304210	1.081467
0.176943	0.122975
0.255284	0.731390
0.257297	2.336256
0.169173	0.462687
0.095967	0.129555
0.126979	0.219673
0.344051	1.580913
0.126917	0.307773
0.188722	1.433345
0.122605	0.242146
0.105876	0.248808
0.169771	0.253807
0.289629	1.740668
0.090730	0.239527
0.103607	0.380236
0.134231	0.288597
0.072274	0.122504
0.157215	0.493654
0.069752	0.108116
0.120693	0.868387
0.281674	0.539405
0.231147	1.116440
0.157734	1.053664
0.081507	0.105144
0.098417	0.184040
0.067030	0.130037
0.119673	0.472707
0.130435	0.330652
0.121904	0.391313
0.117885	0.241075
0.133431	0.308227
0.281170	0.601704
0.174586	0.426862
0.152822	0.200960
0.119296	0.158663
0.151879	0.199721
0.280456	2.228221
0.163619	0.301059
0.120696	0.299325
0.175587	0.815603
0.187517	0.497858
0.180974	0.580927
0.137342	0.203953
0.200002	0.538005
0.144142	0.334410
0.249887	1.448096
0.255644	0.768211
0.202337	0.327786
0.197667	1.341172
0.290225	2.265206
0.064228	0.145477
0.124834	0.209721
0.163302	0.305375
0.094180	0.243926
0.159307	0.342509
0.136796	0.459636
0.242481	1.353044
0.152823	0.349200
0.124931	0.239868
0.146875	0.403173
0.099095	0.169948
0.115147	0.342563
0.241448	0.997181
0.113131	0.235878
0.210999	0.429383
0.129723	0.319768
0.082645	0.135951
0.061683	0.151123
0.157682	0.403665
0.113882	0.240292
0.172026	0.413724
0.226251	1.055461
0.250936	0.613538
0.311083	2.149583
0.205834	0.885088
0.143603	0.244124
0.199398	0.324022
0.097700	0.133849
0.130886	0.403782
0.193811	0.570775
0.137715	0.295398
0.086762	0.214736
0.094861	0.138023
0.146762	0.665566
0.106238	0.202384
0.157744	0.447203
0.154701	0.941354
0.102788	0.217397
0.213551	0.962049
0.227184	0.540697
0.113789	0.198562
0.171286	0.550684
0.128628	0.257256
0.127602	0.208629
0.091970	0.145313
0.174124	0.450982
0.201019	0.329671
0.195597	0.593638
0.185222	0.372297
0.193232	0.433806
0.091336	0.114627
0.125897	0.490368
0.165259	0.350348
0.114018	0.174447
0.213722	0.707421
0.140749	0.244904
0.161597	0.395913
0.119493	0.286185
0.135498	0.365845
0.152543	0.384409
0.135893	0.322747
0.087119	0.229995
0.109841	0.216386
0.257421	0.774838
0.121373	0.219684
0.153836	0.415357
0.347625	1.477408
0.124487	0.341717
0.261117	0.758545
0.061084	0.166759
0.126093	0.168965
0.125783	0.299992
0.091346	0.297790
0.284640	1.285149
0.116213	0.190009
0.127552	0.215562
0.092751	0.149792
0.145931	0.340020
0.148549	1.290894
0.096464	0.152896
0.165998	1.358691
0.146591	0.219886
0.067491	0.134306
0.067220	0.281990
0.249994	0.433739
0.372736	1.052978
0.111529	0.180678
0.220602	0.474293
0.246231	1.308717
0.225422	0.793486
0.158236	0.249222
0.141782	0.169430
0.095176	0.404500
0.194048	0.912996
0.160154	0.315502
0.250382	1.166780
0.330674	1.767451
0.180877	0.820277
0.148114	0.310299
0.105454	0.257835
0.075920	0.147664
0.080471	0.181462
0.232610	0.567568
0.218285	0.406010
0.298102	1.299725
0.180052	0.318691
0.151438	0.237000
0.289822	1.015827
0.109071	0.140156
0.114721	0.189863
0.191953	0.429015
0.367704	1.579287
0.132716	0.275385
0.192432	0.344453
0.294277	1.743593
0.320072	1.416318
0.174079	0.179301
0.112889	0.107809
0.253856	1.070003
0.096495	0.186236
0.172607	0.705102
0.091822	0.244706
0.117838	0.201502
0.206612	0.504132
0.107494	0.169302
0.259421	0.669306
0.337317	1.060862
0.118619	0.157763
0.233751	0.963055
0.242656	1.191441
0.111087	0.187736
0.284774	1.509302
0.418773	2.024769
0.203092	0.767687
0.285972	1.032360
0.269494	0.525513
0.068731	0.147084
0.315991	1.696870
0.115951	0.158274
0.210746	0.530027
0.255000	0.415650
0.411585	1.926220
0.107438	0.310497
0.216067	0.370555
0.107349	0.127209
0.300204	1.295378
0.090613	0.135467
0.159277	0.958849
0.209995	0.908227
0.171314	0.328066
0.130778	0.192244
0.166686	0.341706
0.348195	1.230868
0.181504	0.604408
0.084113	0.149300
0.105072	0.149202
0.171066	0.264297
0.237817	1.205730
0.100124	0.175718
0.246982	0.439628
0.071121	0.128017
0.120830	0.248305
0.124494	0.154372
0.187611	1.420217
0.228801	0.715004
0.195616	0.725734
0.101914	0.279245
0.325893	1.414376
0.209592	0.791212
0.188647	0.437661
0.163698	0.311846
0.222762	1.286451
0.148256	0.471454
0.110684	0.800244
0.117756	0.163092
0.186166	1.473503
0.071879	0.123272
0.077471	0.124342
0.147806	0.440463
0.149729	0.479880
0.232206	1.108785
0.086624	0.116510
0.102854	0.152738
0.098032	0.151460
0.092317	0.270028
0.103451	0.151038
0.134081	0.279558
0.194812	0.330207
0.207528	0.476277
0.128899	0.116009
0.237437	1.346265
0.147412	0.173209
0.083514	0.149490
0.138975	0.416926
0.117429	0.310600
0.186482	0.293709
0.187351	1.982169
0.131881	0.119352
0.138925	0.236172
0.180463	0.822913
0.108090	0.222665
0.100036	0.167060
0.194850	0.970353
0.176157	0.250142
0.151827	0.264180
0.258677	0.662212
0.141626	0.307328
0.196322	0.504548
0.068892	0.173607
0.186789	0.542623
0.129207	0.229342
0.213490	1.495500
0.162637	0.892064
0.091295	0.129639
0.153791	0.384478
0.121032	0.320735
0.177627	0.359694
0.145697	0.220002
0.104825	0.143086
0.096805	0.140851
0.104998	0.146473
0.239899	0.543370
0.142862	0.595018
0.118662	0.205285
0.103949	0.325359
0.310015	1.554725
0.309024	4.551922
0.169575	0.476504
0.194820	0.427631
0.163731	0.269337
0.167223	0.319396
0.077628	0.202997
0.221763	0.473465
0.248666	1.232142
0.117501	0.152164
0.232165	1.305927
0.100488	0.176356
0.128427	0.303729
0.256582	0.705602
0.189453	0.715184
0.118230	0.416169
0.142359	0.292548
0.176254	0.414198
0.130167	0.183535
0.180952	0.561855
0.179530	0.552954
0.190843	0.543902
0.206941	1.065749
0.267498	1.861784
0.134617	0.424043
0.156166	0.288126
0.252870	1.543770
0.269837	1.807906
0.107013	0.227403
0.121394	0.174201
0.108306	0.196035
0.094609	0.170296
0.191474	0.335080
0.153134	0.241187
0.291973	1.535778
0.201464	0.521792
0.248428	1.332815
0.215447	0.476138
0.420595	2.172371
0.108944	0.204270
0.185851	2.502487
0.248717	1.922583
0.143588	0.215383
0.088827	0.146121
0.041532	0.074343
0.111077	0.163283
0.151866	0.467748
0.181810	0.497249
0.215985	2.637174
0.126687	0.297082
0.126270	0.262011
0.136692	0.350614
0.211532	0.389219
0.165109	0.612555
0.207374	0.523620
0.144729	0.291628
0.095510	0.156159
0.130040	0.323799
0.115251	0.232807
0.240631	1.405286
0.196007	0.406715
0.104344	0.151820
0.152787	0.730324
0.112926	0.284009
0.096491	0.221928
0.255408	1.524783
0.247216	1.619262
0.140096	0.259878
0.126527	0.325175
0.116004	0.127024
0.130948	0.182018
0.202737	0.752154
0.098800	0.162031
0.080030	0.120046
0.101689	1.025532
0.159903	0.333398
0.231944	1.884548
0.166935	0.243726
0.135986	0.328406
0.116174	0.780110
0.203343	0.711700
0.163635	0.307634
0.174198	0.452043
0.245817	0.533423
0.119551	0.181718
0.125803	0.211977
0.250349	1.141591
0.122486	0.224150
0.223718	0.371372
0.104399	0.168082
0.242059	0.651138
0.248713	1.295793
0.156559	0.457935
0.148929	0.673903
0.226454	1.051879
0.114576	0.166135
0.209128	0.904477
0.079443	0.118370
0.169059	0.635663
0.094196	0.196398
0.074175	0.300039
0.328161	0.808917
0.121049	0.302622
0.084784	0.191188
0.313232	1.862164
0.156568	0.317051
0.115803	0.217710
0.170223	0.543862
0.147971	0.285585
0.098832	0.177403
0.245647	0.778700
0.111995	0.207190
0.128147	0.559362
0.257813	0.487267
0.223315	0.675529
0.191954	0.461650
0.245823	1.667908
0.155046	0.334899
0.090890	0.214045
0.181957	0.370281
0.089760	0.232030
0.216855	0.264563
0.130924	0.239591
0.195558	0.391116
0.098866	0.232830
0.235215	0.439853
0.284342	0.915582
0.141679	0.180640
0.184852	0.611859
0.096882	0.181653
0.116553	0.146857
0.191380	0.281328
0.210097	0.725886
0.093744	0.127492
0.172611	0.276178
0.186194	1.837738
0.107117	0.136575
0.067746	0.189688
0.219506	1.380691
0.272753	1.130562
0.274162	0.618236
0.243529	1.084921
0.085276	0.147527
0.092501	0.149389
0.190035	0.247045
0.099860	0.128320
0.118285	0.243075
0.145451	0.185450
0.134261	0.156414
0.187502	0.472505
0.222901	1.157972
0.202283	0.579540
0.155597	0.353983
0.183694	0.284726
0.150498	0.704330
0.142351	0.178651
0.087492	0.132113
0.212324	0.301500
0.192912	0.408009
0.127208	0.315477
0.073810	0.239514
0.172057	1.266340
0.314498	1.616519
0.154724	0.344262
0.233124	0.751826
0.239707	1.693527
0.261826	0.867952
0.137543	0.205626
0.129298	0.261829
0.133820	0.410159
0.133119	0.173720
0.117662	0.190024
0.123047	0.285469
0.165116	0.412791
0.119306	0.280966
0.084996	0.141943
0.182250	0.544015
0.125781	0.213827
0.236226	0.732299
0.162299	0.663803
0.180049	0.470827
0.189541	0.459637
0.169083	0.371136
0.083835	0.116949
0.156925	0.488038
0.210309	1.006327
0.355860	1.195689
0.162594	0.484529
0.137999	0.314638
0.242829	0.480802
0.165792	0.737776
0.150240	0.465743
0.168439	0.609751
0.081889	0.184659
0.194579	0.385266
0.112428	0.327166
0.199005	0.314428
0.126327	0.168646
0.148289	0.209829
0.225365	0.769622
0.165896	0.274557
0.113203	0.259802
0.249102	0.373652
0.100104	0.408426
0.178172	0.373271
0.189696	0.456219
0.113661	0.123322
0.180576	1.156587
0.090620	0.155866
0.136726	0.421117
0.106856	0.235084
0.169550	0.330622
0.080843	0.138242
0.089190	0.213610
0.110378	0.254973
0.102079	0.302152
0.091440	0.405078
0.103795	0.174375
0.146013	0.213909
0.119121	0.198336
0.122839	0.452662
0.115098	0.229044
0.188463	1.695226
0.137915	0.428915
0.106908	0.343708
0.067469	0.328572
0.083163	0.181296
0.154898	0.195946
0.061806	0.120522
0.153289	1.483072
0.203257	0.314033
0.259233	1.771859
0.157612	0.462591
0.211743	0.462658
0.100776	0.202559
0.110929	0.458138
0.105875	0.400208
0.083646	0.172310
0.094340	0.181604
0.126424	0.381167
0.093603	0.138065
0.135712	0.365066
0.126161	0.184826
0.202341	0.675819
0.119842	0.205529
0.171542	0.162107
0.109959	0.206173
0.195969	1.345328
0.120298	0.229167
0.097420	0.153436
0.221195	0.635935
0.201083	1.068758
0.143126	0.407909
0.211326	2.018163
0.223322	0.381880
0.175931	0.651824
0.205132	0.541548
0.191625	0.439779
0.328772	1.537010
0.275957	1.695757
0.101214	0.215079
0.165582	0.339443
0.161288	0.704022
0.096680	0.133902
0.141896	0.183046
0.185375	0.407824
0.164975	0.320052
0.207664	0.648950
0.176018	0.484048
0.162967	0.283563
0.180287	0.383109
0.140582	0.331774
0.254875	0.810503
0.165783	0.276029
0.234173	0.761061
0.282233	0.941248
0.337225	1.416345
0.109363	0.152014
0.349600	1.713041
0.206349	1.647695
0.316790	1.709083
0.099040	0.127761
0.272980	1.340334
0.183160	0.519259
0.125395	0.144832
0.146415	0.275260
0.225841	0.878523
0.150880	0.175775
0.181902	0.752166
0.105887	0.157242
0.102353	0.127430
0.091290	0.122328
0.136080	0.283727
0.065803	0.144108
0.203514	0.397870
0.097380	0.139741
0.197989	0.215808
0.136252	0.202334
0.243366	0.548790
0.192729	0.273676
0.168617	0.308569
0.110135	0.264875
0.202523	0.439474
0.124808	0.185339
0.217351	0.784636
0.212561	0.339035
0.338708	1.600397
0.219780	0.220879
0.174390	0.216244
0.268818	0.888445
0.154614	0.401224
0.295442	0.994164
0.185853	0.422815
0.101299	0.157013
0.209060	0.508015
0.154456	0.403901
0.166103	0.277393
0.204440	0.237150
0.295631	1.337729
0.208094	0.296534
0.254687	0.904139
0.157684	0.188432
0.197907	0.338420
0.214795	0.654051
0.193459	0.463335
0.161154	0.385963
0.161126	0.294054
0.224558	0.463713
0.142142	0.369569
0.150774	0.296270
0.146587	0.343746
0.153855	0.220013
0.103474	0.224538
0.160555	0.238424
0.112036	0.176457
0.197423	0.350426
0.221249	0.753355
0.159258	0.289849
0.184774	0.414817
0.288997	1.148764
0.288699	0.591833
0.158287	0.395718
0.261057	1.542845
0.223828	0.386103
0.163959	0.376285
0.182001	0.319411
0.176582	0.407904
0.192582	0.460272
0.294715	1.208333
0.146419	0.196202
0.154555	0.340795
0.214228	0.315986
0.185941	0.398843
0.198865	0.664209
0.269357	0.426930
0.295076	1.484234
0.162450	0.185193
0.121979	0.173211
0.186963	0.417861
0.224126	0.914436
0.223423	1.052321
0.169607	0.216249
0.150491	0.296467
0.117764	0.296175
0.239662	0.747746
0.212303	0.597632
0.221165	1.888750
0.087738	0.141697
0.302313	1.481333
0.089694	0.139026
0.159284	0.364760
0.129456	0.242729
0.186987	0.451573
0.173350	1.223854
0.144357	0.391928
0.113651	0.216505
0.193525	0.554450
0.155661	0.146321
0.174882	0.614710
0.233496	1.800254
0.202343	0.503833
0.114807	0.229613
0.103531	0.273839
0.233013	0.450880
0.164780	0.371578
0.208618	0.245126
0.287148	0.920308
0.197706	1.222811
0.186295	0.334399
0.172767	0.373176
0.195784	0.424851
0.203354	0.501267
0.155553	0.664990
0.199326	0.371744
0.131839	0.387607
0.189215	0.368023
0.099697	0.158020
0.177465	0.448099
0.242324	0.499187
0.152160	0.325623
0.083163	0.144288
0.253137	1.627670
0.161834	0.273499
0.116258	0.138347
0.125061	0.190093
0.239515	0.813152
0.212544	0.954321
0.109958	0.249056
0.212242	0.212242
0.149293	0.377712
0.306248	1.613925
0.211882	0.564665
0.134542	0.141942
0.295812	0.989490
0.208838	0.439604
0.198698	0.368585
0.191508	0.617612
0.224001	1.490726
0.124058	0.269205
0.171529	0.500865
0.249086	0.265276
0.186452	0.694533
0.215521	0.889025
0.264668	0.870759
0.201256	0.650057
0.093479	0.141621
0.081508	0.133672
0.127280	0.287015
0.117145	0.214376
0.131012	0.192588
0.316626	1.426401
0.119365	0.164127
0.188831	0.541002
0.185432	0.161326
0.120618	0.157407
0.060646	0.082782
0.059966	0.163708
0.089199	0.121756
0.184439	0.314468
0.153771	0.358286
0.118698	0.172112
0.159596	0.620031
0.213843	0.564545
0.153105	0.182195
0.234568	1.242038
0.174173	0.485071
0.106096	0.280624
0.161555	0.303724
0.217695	0.335251
0.079010	0.110220
0.205313	1.105612
0.108819	0.440171
0.103019	1.256318
0.197805	0.466821
0.130242	0.181036
0.148854	0.782230
0.089604	0.257164
0.167172	1.236239
0.129103	0.211083
0.124983	0.194974
0.136250	0.449626
0.183195	0.501954
0.145491	0.240060
0.123834	0.491003
0.147324	0.372730
0.182432	0.240810
0.310088	1.939600
0.246026	1.284257
0.145828	0.212180
0.180320	0.475144
0.193763	0.644261
0.209566	0.877034
0.225969	0.900486
0.104257	0.187141
0.133517	0.162890
0.224092	1.173121
0.270064	1.234193
0.106591	0.208918
0.221687	0.760387
0.229274	0.318691
0.183459	1.380526
0.215706	0.675159
0.130952	0.222619
0.211013	0.460008
0.113860	0.158835
0.322486	1.015832
0.220616	0.316584
0.316000	1.360380
0.091589	0.272019
0.117069	0.177360
0.289638	0.696580
0.196949	0.543579
0.245612	0.606661
0.208785	0.381033
0.176383	0.204604
0.151886	0.352376
0.206615	0.726253
0.147929	0.201183
0.186011	0.279016
0.124292	0.335589
0.053127	0.118474
0.252893	0.958463
0.149710	0.343585
0.140421	0.344032
0.099334	0.214561
0.115829	0.269882
0.144177	0.222754
0.143418	0.185726
0.150212	0.276391
0.237864	1.447403
0.251570	0.857854
0.131075	0.254941
0.138485	0.427919
0.163360	0.661606
0.096240	0.274766
0.108893	0.190563
0.291923	1.807004
0.105565	0.178406
0.157998	0.235418
0.109947	0.121492
0.192533	0.340783
0.174380	0.366197
0.162555	0.204819
0.128329	0.234200
0.295659	1.343771
0.149447	0.523812
0.227115	0.581414
0.105087	0.177597
0.158805	0.356518
0.104226	0.164676
0.148693	0.322664
0.336302	1.612566
0.159317	0.357666
0.112882	0.206010
0.246451	1.086847
0.177740	0.370587
0.139550	0.346083
0.122909	0.155480
0.371844	1.719780
0.096883	0.198127
0.087031	0.228892
0.101901	0.190555
0.078552	0.244691
0.262535	1.959825
0.157266	0.284651
0.095554	0.251785
0.173391	0.424807
0.178760	0.345007
0.125576	0.177062
0.107123	0.235670
0.082441	0.119951
0.187370	1.436193
0.143909	0.423092
0.120600	0.200799
0.212363	0.616914
0.079012	0.143801
0.156185	0.634110
0.053941	0.218193
0.148955	0.296420
0.124958	0.352380
0.321237	3.286255
0.137793	0.222536
0.163276	0.403291
0.370805	1.179161
0.125962	0.255702
0.173560	0.343650
0.196312	0.663536
0.186292	0.448031
0.242845	0.269558
0.133554	0.245739
0.202198	1.136353
0.178170	0.322487
0.229342	1.963167
0.109721	0.241386
0.158813	0.661455
0.212666	0.438093
0.094365	0.226948
0.150273	1.479435
0.100096	0.136631
0.151493	0.637030
0.221954	0.715803
0.099032	0.177267
0.101819	0.197019
0.179278	0.275192
0.206964	0.418066
0.227511	0.693909
0.118880	0.268075
0.137316	0.296603
0.092157	0.293980
0.108480	0.241911
0.063709	0.136338
0.204330	0.840817
0.094251	0.286995
0.153492	0.526477
0.214042	1.132282
0.155079	0.857588
0.072911	0.150197
0.094332	0.262244
0.206908	0.535892
0.101707	0.210025
0.128676	0.261212
0.084275	0.186669
0.151884	0.666012
0.236628	0.970174
0.105988	0.273449
0.333242	1.332968
0.087294	0.154510
0.195449	0.718275
0.186052	0.285591
0.180425	0.433923
0.159552	0.291980
0.206582	0.358420
0.205944	0.442780
0.102125	0.143486
0.130931	0.225202
0.146893	0.242374
0.125092	0.425312
0.117658	0.466513
0.101002	0.212104
0.114689	0.203000
0.113864	0.124112
0.114658	0.147909
0.249408	0.869186
0.261612	0.876399
0.098321	0.125359
0.236295	0.502128
0.331267	1.404571
0.235407	0.502594
0.166579	0.183237
0.175274	0.510924
0.198703	0.321899
0.186650	0.244511
0.269455	1.742025
0.219433	1.162995
0.145016	0.256679
0.155080	0.232620
0.113591	0.178906
0.184134	1.206080
0.171486	0.300101
0.093878	0.205593
0.184819	0.184819
0.099648	0.175380
0.193314	1.190814
0.098784	0.220289
0.266862	1.421039
0.174029	0.375903
0.226035	0.345833
0.278508	1.710037
0.117555	0.298589
0.129882	0.238982
0.129268	0.206183
0.120780	0.285644
0.112482	0.296953
0.116088	0.219986
0.082950	0.130231
0.203995	0.583427
0.191050	0.356309
0.180231	0.519965
0.237827	2.271253
0.083951	0.121729
0.250176	2.250336
0.182201	0.865454
0.128230	0.163493
0.130128	0.205602
0.260577	1.154356
0.113632	0.236924
0.319026	1.536111
0.171646	0.335568
0.122935	0.235420
0.128271	0.371986
0.121967	0.261620
0.094354	0.219844
0.158618	0.679680
0.178778	0.434430
0.127182	0.314139
0.254722	0.203778
0.267896	1.257771
0.131746	0.173904
0.112088	0.303197
0.178220	0.409907
0.131465	0.189309
0.226035	0.230556
0.157632	0.293984
0.144808	0.296857
0.090125	0.169436
0.111346	0.166463
0.186946	0.457083
0.122950	0.170285
0.243773	1.023845
0.169281	0.560321
0.102726	0.117107
0.070020	0.253121
0.102814	0.134686
0.186981	0.403878
0.098608	0.137558
0.283047	1.062840
0.326427	1.916128
0.131479	0.221542
0.136572	0.254024
0.250973	0.877152
0.245594	1.223056
0.110411	0.101578
0.065408	0.164828
0.182459	0.326601
0.265180	0.282417
0.240213	0.774688
0.089938	0.133108
0.095115	0.278688
0.167459	0.357526
0.152893	0.511427
0.140279	0.365426
0.170120	0.348747
0.185244	0.815075
0.111226	0.182411
0.108229	0.477288
0.148244	0.378763
0.169435	0.687904
0.134010	0.195654
0.195401	0.511951
0.156176	0.355301
0.183195	0.847277
0.136818	0.280477
0.165605	0.178854
0.173195	0.284906
0.192709	0.328568
0.346720	0.306848
0.438608	1.092134
0.151299	0.223166
0.113794	0.208243
0.210456	0.958626
0.190978	0.386730
0.170799	0.420166
0.106003	0.174376
0.140437	0.133415
0.115356	0.132083
0.176917	0.415755
0.201076	0.575079
0.178764	0.375405
0.210290	0.450020
0.212885	0.279944
0.283173	0.683863
0.180856	0.288465
0.231509	0.942242
0.179877	0.284206
0.165340	0.533221
0.330036	1.108922
0.187273	0.381102
0.121182	0.192073
0.093820	0.188579
0.225956	0.677867
0.167411	0.523160
0.298961	1.580007
0.189969	0.315349
0.079291	0.128055
0.095946	0.174621
0.229084	0.439841
0.282106	1.300509
0.223109	0.747415
0.243285	0.901370
0.151660	0.289670
0.084226	0.168453
0.097170	0.150128
0.091871	0.169961
0.098320	0.238426
0.185128	0.393396
0.144578	0.273252
0.257062	1.587358
0.146689	0.298512
0.088712	0.248395
0.133924	0.280572
0.254150	1.641809
0.083755	0.229487
0.261087	1.917681
0.078956	0.124750
0.128651	0.195549
0.098503	0.241826
0.184194	0.823348
0.162237	0.413703
0.107801	0.301842
0.126708	0.369988
0.081978	0.137723
0.245487	0.900938
0.163974	0.337786
0.132141	0.384530
0.183055	0.374347
0.325913	1.455200
0.152214	0.178090
0.130691	0.169898
0.185014	0.608696
0.342762	1.456737
0.158971	0.300454
0.289755	1.061953
0.110501	0.131496
0.140890	0.233877
0.194063	0.359016
0.202267	0.458134
0.306333	0.843947
0.324184	2.693965
0.114921	0.166635
0.118526	0.204457
0.148686	0.179166
0.088867	0.131079
0.248228	0.362413
0.319272	0.723151
0.215255	0.506926
0.148359	0.290784
0.101162	0.250375
0.174931	0.366480
0.196052	0.726372
0.141912	0.307948
0.149571	0.226600
0.182958	0.543386
0.205455	0.463301
0.111385	0.183785
0.154626	0.279101
0.165868	0.545707
0.267124	0.681165
0.269792	0.252255
0.112458	0.154629
0.169220	0.203910
0.137315	0.232750
0.193742	0.212147
0.243666	0.684701
0.191961	0.461666
0.435208	0.876943
0.179711	0.515771
0.122991	0.179568
0.120962	0.150598
0.210559	0.827496
0.145284	0.302918
0.134126	0.149550
0.253278	0.661057
0.221340	0.574378
0.260575	1.033178
0.147314	0.291681
0.169297	0.473186
0.217892	0.820362
0.242779	0.434574
0.180232	0.426249
0.121750	0.188104
0.088408	0.175931
0.123320	0.138735
0.280408	0.780935
0.164384	0.527672
0.068159	0.172443
0.177225	0.339386
0.261653	0.881772
0.165841	1.072162
0.207889	0.646535
0.109910	0.205531
0.206562	0.733295
0.147217	0.182550
0.092343	0.158368
0.087938	0.198300
0.156691	0.938580
0.163118	0.485277
0.193962	1.339308
0.097663	0.172864
0.125930	0.287751
0.148580	0.290474
0.189278	0.589601
0.148445	0.269427
0.144173	0.167240
0.208163	0.549551
0.161248	0.509543
0.106077	0.214805
0.159719	1.211469
0.089354	0.172900
0.145407	0.173762
0.150347	0.429992
0.116717	0.189665
0.251673	1.274724
0.287180	1.440205
0.267225	1.178464
0.260323	1.988867
0.187614	1.451196
0.149257	0.202989
0.102719	0.200302
0.259793	1.067749
0.119737	0.389744
0.049029	0.126496
0.077247	0.211657
0.143340	0.210710
0.082897	0.295941
0.143489	0.451990
0.137945	0.406938
0.190412	1.015849
0.160163	1.215641
0.082964	0.384951
0.075293	0.127621
0.137539	0.522650
0.066000	0.177541
0.184090	0.521896
0.169558	0.493415
0.182908	0.685904
0.115255	0.272579
0.206965	0.679882
0.067176	0.125284
0.143446	0.353595
0.196939	0.319041
0.146206	0.323116
0.104730	0.189561
0.096170	0.185608
0.147660	0.358075
0.156967	0.404189
0.249171	1.806487
0.085009	0.175544
0.223070	0.685942
0.107393	0.166996
0.221163	0.735367
0.203620	0.855202
0.106531	0.274850
0.062197	0.179439
0.062036	0.158813
0.080464	0.182250
0.134798	0.363953
0.116211	0.384077
0.111477	0.207348
0.197136	0.407087
0.281546	2.156641
0.075905	0.124105
0.155024	0.386010
0.091134	0.147181
0.125657	0.245032
0.062922	0.150383
0.147137	0.533372
0.167954	0.256970
0.169737	0.460836
0.118180	0.146544
0.145603	0.260630
0.118611	0.865858
0.213320	1.181791
0.146891	0.760897
0.131592	0.464518
0.158502	0.443807
0.147265	0.183345
0.163442	0.223099
0.073684	0.129315
0.123146	0.225356
0.114140	0.178058
0.084723	0.198674
0.222953	0.945319
0.150697	0.316464
0.112057	0.352420
0.174418	0.206685
0.140232	0.308511
0.156111	0.268511
0.152962	0.212617
0.268512	2.021895
0.202971	1.092999
0.061620	0.164526
0.165491	0.431104
0.114095	0.246444
0.235524	1.313046
0.145325	0.300096
0.197353	1.546259
0.081547	0.146376
0.265535	1.372816
0.157728	0.638008
0.163551	0.559344
0.127810	0.266485
0.235258	0.889274
0.125658	0.212362
0.149030	0.804019
0.134821	0.273013
0.112726	0.197270
0.185026	0.556927
0.074247	0.208264
0.186564	0.400180
0.193055	0.369700
0.074090	0.160034
0.218470	1.049749
0.187552	0.270075
0.269558	0.715677
0.167455	0.567671
0.179874	0.477566
0.101535	0.186824
0.181565	0.157961
0.222037	1.039134
0.089222	0.155693
0.197157	0.492891
0.159991	0.192789
0.193499	0.827210
0.119532	0.963424
0.233483	1.077522
0.277575	1.622424
0.127635	0.211873
0.110960	0.181419
0.208296	0.353062
0.145572	1.213345
0.124985	0.275592
0.277827	1.414139
0.110365	0.135749
0.148307	0.438989
0.241252	0.954151
0.073709	0.151473
0.093497	0.179048
0.151341	0.320843
0.115862	0.187696
0.235840	1.288867
0.143847	0.563882
0.200789	1.406529
0.303010	1.275671
0.138723	0.362760
0.091194	0.171445
0.176446	0.972217
0.093707	0.177107
0.195931	0.657349
0.181082	0.556826
0.167029	0.239687
0.197750	0.596215
0.199061	0.603156
0.167874	0.397861
0.165607	0.394144
0.165584	0.782385
0.114966	0.309260
0.171619	1.172159
0.102572	0.148217
0.236987	1.099619
0.176520	0.758153
0.152029	0.592155
0.106838	0.131945
0.160262	0.233982
0.178038	0.647169
0.122193	0.302427
0.182607	0.676558
0.088408	0.392975
0.116497	0.190473
0.066653	0.119310
0.176548	0.323966
0.056926	0.173910
0.181480	0.698697
0.128754	0.407508
0.094240	0.229004
0.204481	1.360821
0.087693	0.164863
0.201816	1.246216
0.159937	0.357459
0.121056	0.330483
0.082786	0.149016
0.120524	0.258525
0.196525	0.702578
0.149668	0.815689
0.284289	0.670923
0.153147	0.202155
0.121442	0.216168
0.074865	0.126148
0.155084	0.618011
0.117829	0.225643
0.097362	0.225880
0.114546	0.335621
0.155541	0.475177
0.203104	0.874364
0.131416	0.236550
