Velocity(m/s)	Chord(mm)
0.105906	0.248349
0.266261	1.046405
0.318149	2.250901
0.160011	0.337623
0.162374	0.352352
0.177530	0.418971
0.177570	0.555793
0.216184	1.411681
0.178580	0.417876
0.066079	0.186673
0.132979	0.248005
0.260465	1.836276
0.094177	0.213311
0.153213	0.482622
0.197622	0.302361
0.145023	0.309623
0.090043	0.205299
0.169022	0.639749
0.078037	0.133443
0.054886	0.162736
0.177098	0.561400
0.077211	0.159441
0.098704	0.194446
0.135270	0.303681
0.257572	1.107560
0.159392	0.607284
0.086688	0.335918
0.219720	1.369953
0.328288	2.010763
0.131067	0.488224
0.074466	0.533176
0.099136	0.751946
0.078471	0.166358
0.055402	0.123546
0.198715	1.496325
0.114348	0.527145
0.137575	0.412038
0.109784	0.323314
0.072342	0.147579
0.089439	0.277709
0.127718	0.188384
0.073329	0.192855
0.313802	1.415248
0.095208	0.491273
0.281216	1.460915
0.289641	1.388828
0.083772	0.160842
0.206184	1.497925
0.087042	0.137526
0.180140	0.548525
0.320770	1.469126
0.105669	0.153220
0.129422	0.097066
0.240479	1.037666
0.078112	0.238632
0.137652	0.254656
0.125093	0.153864
0.132447	0.227147
0.259179	1.530454
0.110905	0.390940
0.336519	1.980412
0.073824	0.502369
0.208146	1.027203
0.187880	1.411919
0.217935	0.647265
0.116476	0.358165
0.044915	0.122617
0.087991	0.228778
0.145330	0.199828
0.103195	0.158404
0.054210	0.102728
0.103983	0.231881
0.117348	0.337963
0.231579	1.344313
0.066342	0.153250
0.173540	1.046444
0.097275	0.140076
0.073263	0.133339
0.311321	2.026698
0.113675	0.328520
0.141471	0.493027
0.049427	0.212782
0.100264	0.289762
0.161177	0.464996
0.108757	0.196307
0.173882	0.370368
0.154827	0.702913
0.095112	0.176908
0.048600	0.151389
0.205332	0.583142
0.176643	0.521981
0.126742	0.315588
0.139934	0.333743
0.092869	0.168093
0.097882	0.124311
0.061075	0.192387
0.058953	0.138538
0.107180	0.357982
0.061241	0.183416
0.105919	0.373363
0.067064	0.109985
0.108642	0.291161
0.278267	1.577773
0.093548	0.143128
0.151646	0.272204
0.336866	2.235106
0.188693	0.623631
0.213437	0.772643
0.231784	0.699989
0.144030	0.187959
0.062776	0.126493
0.115142	0.400695
0.075850	0.332222
0.091697	0.255375
0.091169	0.158178
0.126302	0.279760
0.361322	0.569083
0.220066	1.291786
0.151220	0.511123
0.102430	0.279121
0.096555	0.195042
0.088418	0.220161
0.275729	1.476529
0.276100	2.014148
0.265676	0.628323
0.098436	0.257901
0.162321	0.671196
0.147219	0.559433
0.134681	0.419531
0.151489	1.325532
0.090356	0.347419
0.186342	0.941029
0.101488	0.213124
0.170303	0.417242
0.132268	0.268505
0.095100	0.219206
0.110120	0.290167
0.188249	0.681462
0.079199	0.203542
0.221702	1.871164
0.077481	0.156511
0.099557	0.363382
0.235026	1.211560
0.086960	0.911342
0.143746	0.503110
0.066142	0.146503
0.241082	0.945041
0.218285	0.713792
0.148483	0.840413
0.147376	0.115691
0.338056	1.455331
0.104685	0.436537
0.138492	0.663375
0.108176	0.173622
0.062508	0.150332
0.102999	0.340927
0.106839	0.385687
0.121958	0.256722
0.276810	1.786806
0.079512	0.123244
0.071170	0.175434
0.055969	0.171545
0.374467	3.108072
0.117827	0.341109
0.230332	1.651483
0.071781	0.212830
0.046750	0.132536
0.124802	0.486726
0.067070	0.157949
0.125718	0.639276
0.101316	0.280646
0.082075	0.257716
0.314650	3.653082
0.046223	0.108394
0.234053	2.134564
0.124836	0.561137
0.103684	0.344749
0.077024	0.161750
0.093565	0.217070
0.281150	1.286260
0.189198	0.508942
0.090020	0.124227
0.347972	1.926023
0.098524	0.220202
0.208350	0.780271
0.071850	0.122505
0.240752	0.629567
0.203143	0.630760
0.148940	0.356712
0.139657	0.553043
0.243732	1.249127
0.214155	1.105037
0.111033	0.174322
0.102960	0.292405
0.102394	0.367084
0.146758	0.781488
0.156577	0.518270
0.191362	1.601702
0.081939	0.170842
0.071597	0.119925
0.115755	0.166687
0.170358	0.499148
0.195512	0.679403
0.085421	0.127277
0.073677	0.157301
0.162457	0.326539
0.103453	0.328980
0.088194	0.243415
0.230147	0.555806
0.150908	0.571187
0.096628	0.316458
0.090714	0.151493
0.266242	1.144841
0.071783	0.087934
0.169479	0.588093
0.218166	0.798488
0.108493	0.275573
0.082500	0.189337
0.206096	0.397765
0.260474	0.518343
0.148213	0.353489
0.267210	1.102241
0.228270	0.606057
0.134173	1.078081
0.100501	0.246228
0.174741	0.850988
0.088887	0.270659
0.065484	0.149959
0.063200	0.104281
0.164967	0.354680
0.262544	0.932030
0.132164	0.641654
0.105804	0.137545
0.046304	0.081031
0.130980	0.280953
0.105073	0.147628
0.200060	0.451136
0.126110	0.227628
0.101160	0.245313
0.159097	0.606955
0.165550	0.580252
0.157471	1.125128
0.198186	0.442945
0.099307	0.195635
0.099944	0.176402
0.074410	0.147332
0.160041	0.320082
0.155871	0.290699
0.054457	0.125795
0.203477	0.623656
0.190914	0.847656
0.290023	2.948082
0.067611	0.165309
0.107133	0.202482
0.261692	0.761523
0.159124	0.573643
0.110512	0.377398
0.172568	0.539274
0.116308	0.418128
0.122705	0.388362
0.055419	0.119150
0.117172	0.319879
0.189570	0.616104
0.048405	0.115931
0.117430	0.270088
0.175798	0.447405
0.065017	0.137186
0.067927	0.182724
0.082639	0.312377
0.073045	0.197587
0.054854	0.184583
0.247380	0.662979
0.066094	0.196300
0.161733	0.929967
0.138541	0.308255
0.194391	1.267430
0.157093	0.344820
0.212425	1.365893
0.080292	0.189889
0.083213	0.148951
0.187133	1.672033
0.103853	0.209264
0.170384	0.409774
0.134588	0.211303
0.104824	0.321809
0.117477	0.306614
0.075529	0.136708
0.315782	1.446282
0.078688	0.204981
0.115915	0.366872
0.123642	0.470459
0.291544	1.338187
0.063078	0.281328
0.108822	0.396655
0.064059	0.165912
0.133802	0.299047
0.087333	0.351077
0.083075	0.206027
0.161518	0.475671
0.104860	0.289938
0.185529	0.950835
0.084193	0.213429
0.154342	0.407462
0.232891	1.433441
0.116956	0.142686
0.099486	0.128835
0.190326	0.784144
0.113752	0.204185
0.161540	0.583966
0.268224	1.188233
0.099725	0.215407
0.180368	0.722373
0.071496	0.300285
0.221490	1.003351
0.128649	0.517168
0.136610	0.491797
0.144047	0.423497
0.103066	0.278793
0.085141	0.128563
0.151193	0.430145
0.153592	0.436968
0.168851	0.233859
0.185148	0.267539
0.192893	1.003043
0.128892	0.245540
0.086942	0.106069
0.134448	0.240663
0.176404	0.308708
0.250118	0.542756
0.123579	0.240979
0.136331	0.256302
0.216412	0.426331
0.125338	0.154166
0.183431	0.327425
0.071006	0.205207
0.183926	1.154133
0.077934	0.165999
0.081027	0.125186
0.307976	0.512780
0.088904	0.121354
0.171548	0.372259
0.132791	0.303429
0.222346	2.082268
0.119317	0.387184
0.063796	0.161722
0.084661	0.197261
0.209683	0.569290
0.102212	0.171205
0.099442	0.247611
0.211886	0.815760
0.143734	0.687768
0.088192	0.152131
0.246727	0.181345
0.493167	3.242572
0.200079	0.719285
0.099895	0.647319
0.111544	0.139430
0.130041	0.386222
0.166531	0.959221
0.250720	0.920141
0.211746	0.655355
0.357799	1.661976
0.134374	0.290247
0.096320	0.169041
0.099721	0.201934
0.150874	0.396043
0.144686	0.143239
0.154792	0.383883
0.160307	0.266110
0.155489	0.411268
0.152616	0.359410
0.244230	0.543411
0.145169	0.242432
0.202675	0.802593
0.091111	0.177666
0.078846	0.179374
0.136826	0.357799
0.300298	2.303288
0.164170	0.375128
0.091045	0.298172
0.112419	0.234395
0.111447	0.312610
0.107744	0.197710
0.406535	2.727853
0.143152	0.413708
0.161903	0.349710
0.149172	0.478097
0.261794	0.853449
0.133030	0.347873
0.064124	0.109652
0.194672	0.491546
0.206564	0.795270
0.151613	0.298678
0.167766	0.580470
0.131443	0.319407
0.216899	0.353546
0.150890	0.158435
0.192946	0.336690
0.094931	0.099678
0.144773	0.459654
0.364956	3.082054
0.114723	0.199044
0.264922	1.080882
0.171276	0.182409
0.136553	0.215071
0.118124	0.190180
0.289274	1.676344
0.149128	0.266194
0.172923	1.131779
0.338554	3.116391
0.086349	0.227961
0.095419	0.143129
0.102386	0.388044
0.174063	0.126196
0.102621	0.313507
0.098931	0.283436
0.069783	0.103977
0.189833	0.727058
0.176146	0.788253
0.065703	0.126478
0.188911	1.200531
0.103416	0.266296
0.056202	0.133479
0.042977	0.105723
0.342276	1.055921
0.121791	0.203390
0.136828	0.375593
0.064403	0.118824
0.057160	0.096029
0.101724	0.214129
0.171209	0.838923
0.171391	0.708702
0.120829	0.409006
0.044711	0.095682
0.238894	0.619931
0.196209	0.346310
0.124213	0.518589
0.115804	0.151703
0.106940	0.395143
0.044823	0.147020
0.150933	0.401481
0.232485	0.759064
0.061097	0.124028
0.166331	1.574322
0.096089	0.172961
0.120603	0.435979
0.118474	0.185412
0.078817	0.342458
0.070803	0.124613
0.125999	0.188999
0.200294	1.113632
0.059175	0.128409
0.199109	2.128477
0.075527	0.186173
0.143606	0.396353
0.097382	0.267799
0.239546	2.109200
0.098954	0.142988
0.118236	0.311551
0.105459	0.365944
0.070178	0.257554
0.099679	0.378284
0.105822	0.369319
0.075854	0.177499
0.133189	0.462165
0.093743	0.206234
0.076388	0.137116
0.130432	0.253691
0.176775	0.831728
0.088637	0.288512
0.099359	0.234487
0.061522	0.161496
0.053902	0.129096
0.133208	0.634735
0.161159	1.360184
0.079913	0.152235
0.182303	0.248843
0.192894	1.155438
0.075082	0.130642
0.128644	0.456685
0.159967	1.833221
0.049495	0.649619
0.212114	0.484681
0.029605	0.114719
0.131039	0.340045
0.118717	0.189947
0.073593	0.203118
0.105090	0.301083
0.075698	0.176377
0.191699	0.707370
0.125301	0.481156
0.147337	0.634286
0.200066	0.464152
0.077518	0.129842
0.102296	0.185668
0.229039	1.059303
0.172102	0.532655
0.224806	1.726512
0.169391	0.780047
0.093590	0.166590
0.122178	0.275511
0.179916	0.383221
0.241203	0.937075
0.328187	3.536215
0.116462	0.399464
0.127692	0.234315
0.125665	0.657856
0.040020	0.193895
0.126119	0.684827
0.067276	0.300722
0.273826	2.300139
0.059554	0.186105
0.039508	0.139659
0.138691	0.286397
0.173470	0.820511
0.079194	0.176998
0.118901	0.444688
0.281117	3.006547
0.091898	0.309697
0.121611	0.341117
0.069801	0.163334
0.116382	0.401519
0.114453	0.246073
0.068901	0.136424
0.097830	0.159464
0.089122	0.249541
0.191435	1.227098
0.137933	0.296555
0.342511	1.174812
0.129846	0.159711
0.165900	0.256316
0.388174	1.605100
0.180410	0.338269
0.071160	0.113856
0.211314	0.495532
0.271313	1.106957
0.120578	0.217643
0.106954	0.318188
0.071177	0.118510
0.091908	0.413125
0.150389	0.746679
0.113675	0.391612
0.056552	0.136007
0.233544	1.008910
0.133002	0.279303
0.136540	0.139954
0.140308	0.352172
0.121144	0.284082
0.203931	0.792272
0.197522	0.371342
0.083785	0.113529
0.247468	1.473672
0.162460	1.527940
0.168833	0.559681
0.228425	0.700123
0.129951	0.230663
0.123751	1.162023
0.102510	0.239874
0.143279	0.497178
0.159901	0.470908
0.115536	0.242626
0.085631	0.145145
0.116866	0.456946
0.247541	2.191977
0.059076	0.129671
0.147795	0.236472
0.198634	0.517440
0.375374	1.846841
0.159991	0.355180
0.090935	0.140040
0.080235	0.182936
0.099833	0.290513
0.091644	0.181455
0.115600	0.323680
0.102531	0.168150
0.192182	0.462197
0.126111	0.190428
0.358800	1.846025
0.211228	1.027624
0.137491	0.767889
0.162355	0.355557
0.183325	0.208991
0.322188	1.942792
0.157956	0.345135
0.175706	0.679981
0.127015	0.264826
0.090717	0.148776
0.154486	0.353774
0.217200	0.779748
0.163897	0.439245
0.099097	0.137249
0.188385	0.794043
0.328270	1.918736
0.067076	0.105645
0.069596	0.198696
0.147164	0.217803
0.161517	0.572578
0.112259	0.151550
0.114744	0.266205
0.149690	0.728242
0.128214	0.178218
0.145102	0.288752
0.149819	0.347579
0.285606	0.982484
0.167430	0.483874
0.165194	0.804494
0.069475	0.132697
0.418197	2.910648
0.169131	0.526842
0.096250	0.168438
0.351258	1.659692
0.232788	0.465576
0.091238	0.149630
0.073199	0.146399
0.124381	0.453368
0.294471	0.995313
0.090059	0.212539
0.144545	0.464711
0.183224	0.508446
0.249487	1.655345
0.153941	1.015241
0.195662	1.185710
0.138460	0.373841
0.126761	0.382817
0.158350	0.964351
0.188414	0.437121
0.053280	0.134532
0.215275	0.774991
0.088672	0.219907
0.153868	0.350049
0.086442	0.320699
0.201333	1.230144
0.214984	1.306028
0.061338	0.121449
0.191655	0.614253
0.284246	0.842791
0.208448	0.772298
0.136107	0.306922
0.087040	0.158848
0.157856	0.449102
0.074333	0.131569
0.270978	2.815458
0.076610	0.097295
0.105541	0.146702
0.129510	0.162535
0.099463	0.275016
0.098875	0.127054
0.097878	0.226099
0.112204	0.138571
0.080248	0.162101
0.089358	0.130463
0.127277	0.277465
0.149025	0.156476
0.174946	0.803004
0.076595	0.108000
0.317854	2.736726
0.139922	0.337911
0.063335	0.148203
0.169919	0.476622
0.174487	0.237303
0.214305	1.112242
0.167381	0.456950
0.081930	0.392447
0.178651	0.890576
0.155811	0.389528
0.135367	0.368875
0.147122	0.626005
0.146177	0.308433
0.172255	0.384129
0.117864	0.146741
0.181851	0.374613
0.234757	0.930813
0.167059	0.552130
0.262516	1.550156
0.055121	0.106659
0.098236	0.613972
0.141636	0.280440
0.197141	0.558896
0.076330	0.119457
0.069326	0.136572
0.118175	0.244031
0.216792	1.869831
0.119528	0.449425
0.116092	0.249018
0.196642	0.991075
0.209364	1.126376
0.072025	0.142249
0.073380	0.146027
0.102787	0.177821
0.129874	0.411050
0.141011	0.322210
0.115184	0.844298
0.176987	0.882281
0.137694	1.182107
0.173111	0.732260
0.193991	0.756566
0.233829	0.362435
0.170907	0.409323
0.197294	0.397547
0.087625	0.115226
0.114278	0.219415
0.213418	1.681732
0.129404	0.450972
0.120605	0.495685
0.118033	0.234886
0.303512	1.968273
0.076495	0.116654
0.081513	0.213972
0.137969	0.698812
0.079818	0.157641
0.181518	0.363036
0.141383	0.497669
0.207445	0.475049
0.069896	0.119522
0.287027	2.726754
0.097587	0.276660
0.087913	0.130550
0.236405	1.186754
0.117320	0.371317
0.048275	0.111514
0.367496	3.849517
0.171108	0.926549
0.277638	1.715804
0.082004	0.253802
0.086775	0.174417
0.091761	0.151405
0.079995	0.164390
0.139620	0.309259
0.132060	0.155170
0.218489	0.994123
0.290020	2.866851
0.141583	0.756759
0.138297	0.504784
0.126384	0.429075
0.162873	0.305387
0.084915	0.185540
0.080266	0.173374
0.128052	0.312448
0.105341	0.302327
0.159900	1.327167
0.305861	3.220718
0.093212	0.138886
0.114600	0.170754
0.123176	0.359673
0.388194	4.415702
0.230140	0.990755
0.095718	0.161763
0.088079	0.321930
0.172543	0.470181
0.312423	0.442078
0.127142	0.549890
0.152191	0.518971
0.110184	0.186211
0.245146	1.354430
0.117363	0.172524
0.132954	0.463343
0.212784	1.345856
0.113725	0.248490
0.101950	0.307890
0.101169	0.169458
0.065090	0.136364
0.087936	0.156086
0.090782	0.169763
0.085267	0.202510
0.110170	0.598222
0.031185	0.096051
0.147552	0.360026
0.224178	0.532424
0.150589	1.225039
0.161453	0.368920
0.194641	0.725036
0.132668	0.361522
0.114457	0.166535
0.191302	1.077989
0.154707	0.991671
0.139899	0.414101
0.099011	0.335151
0.052270	0.156810
0.154230	0.330823
0.071247	0.227633
0.248528	1.064942
0.051402	0.169113
0.218322	1.526072
0.079006	0.160776
0.289363	1.069196
0.096308	0.243176
0.142969	0.255200
0.101017	0.369218
0.058535	0.158631
0.056709	0.140639
0.305870	1.316772
0.130004	0.309410
0.121030	0.112558
0.229428	0.660753
0.159847	0.626599
0.130468	0.262892
0.323880	1.525476
0.121392	0.230038
0.126090	0.203636
0.079149	0.148801
0.147186	0.349566
0.060484	0.141532
0.201562	0.457546
0.245961	1.147409
0.152908	0.322636
0.236320	0.220959
0.281727	0.925475
0.394172	1.582599
0.106074	0.133123
0.122483	0.160453
0.122732	0.199439
0.148377	0.229243
0.186290	0.377237
0.327291	1.397531
0.174420	0.554657
0.218872	0.390687
0.162329	0.219144
0.238622	1.103628
0.207549	0.455569
0.186106	0.480154
0.166145	0.215989
0.219612	0.672012
0.161624	0.235163
0.167057	0.811896
0.151789	0.255764
0.165071	0.395344
0.237975	0.373620
0.099951	0.133435
0.140128	0.338409
0.270252	0.595905
0.091722	0.145380
0.084728	0.139801
0.199503	0.362098
0.073606	0.123290
0.072873	0.145745
0.170359	0.683991
0.134102	0.226633
0.188022	0.417408
0.101253	0.231870
0.111511	0.130468
0.155811	0.142567
0.390945	0.586417
0.186952	0.344927
0.120382	0.214882
0.160471	0.215834
0.078283	0.185138
0.154011	0.344214
0.138743	0.321883
0.121493	0.173735
0.223427	1.452276
0.123906	0.250911
0.067054	0.102258
0.216989	0.612993
0.129023	0.171600
0.274392	0.598174
0.164581	0.312704
0.132757	0.213738
0.126739	0.186307
0.101976	0.241173
0.157769	0.623978
0.203791	0.820260
0.093993	0.109972
0.209981	0.338070
0.108286	0.334063
0.283466	1.027566
0.136442	0.264015
0.125192	0.274170
0.171066	0.260021
0.180615	0.466890
0.179092	0.710102
0.075039	0.149327
0.099429	0.150138
0.059906	0.128499
0.118768	0.159150
0.229576	1.070971
0.177585	0.650847
0.128093	0.543116
0.042785	0.118941
0.113390	0.210906
0.086214	0.318993
0.076629	0.131035
0.245373	1.023204
0.291994	2.032275
0.127623	0.250140
0.153333	1.811626
0.188971	0.554631
0.186630	0.795045
0.195670	0.468630
0.174498	0.632554
0.159179	0.534841
0.130943	0.310990
0.247769	1.158321
0.365066	1.639145
0.236811	0.529272
0.231456	1.982421
0.089103	0.148802
0.134814	0.155710
0.120882	0.192203
0.113729	0.150691
0.087929	0.106834
0.450977	2.121845
0.072852	0.181400
0.111377	0.273431
0.083081	0.157023
0.107331	0.197490
0.249585	1.588609
0.326395	0.886163
0.211068	0.937143
0.089501	0.258211
0.107523	0.212359
0.146142	0.495420
0.087635	0.223908
0.221878	0.596852
0.085747	0.398297
0.110837	0.285959
0.084558	0.145017
0.114788	0.825325
0.076263	0.156339
0.202106	1.446072
0.136902	0.783081
0.191900	1.476674
0.143019	1.116265
0.089642	0.155977
0.141633	1.806525
0.069406	0.410886
0.098715	0.175220
0.207335	0.524559
0.130016	0.463506
0.072643	0.130395
0.100112	0.205730
0.121830	0.188837
0.070705	0.453220
0.108436	0.250486
0.079124	0.191084
0.124700	0.400909
0.088752	0.196586
0.066501	0.249710
0.200918	2.084524
0.140878	0.271895
0.136998	0.306192
0.119667	0.267456
0.095330	0.173025
0.117326	0.418269
0.154153	0.408505
0.135134	0.204052
0.148302	0.476790
0.151095	0.913368
0.190681	1.684669
0.285267	1.792901
0.098142	0.164879
0.095549	0.225017
0.085038	0.328672
0.230557	1.012144
0.124584	0.457223
0.241391	0.491231
0.208519	0.523382
0.206866	0.589568
0.069900	0.113937
0.171685	0.546818
0.077528	0.179864
0.119117	0.285284
0.096577	0.416731
0.106155	0.208595
0.154629	0.426775
0.119318	0.237442
0.099711	0.136105
0.230965	1.393875
0.133961	0.179507
0.123195	0.427485
0.065844	0.190288
0.138686	1.630951
0.143816	0.885189
0.178818	0.454197
0.114891	0.197038
0.248575	0.725840
0.137656	0.302155
0.086709	0.254491
0.137263	0.330119
0.172649	0.338391
0.117470	0.220843
0.103425	0.229087
0.228360	1.249129
0.305062	2.983503
0.061675	0.123350
0.199131	0.540642
0.299327	1.294589
0.170100	0.614063
0.099249	0.112648
0.166712	0.458458
0.123179	0.630676
0.150112	0.279209
0.055748	0.088640
0.161391	0.806150
0.120146	0.397684
0.082165	0.131875
0.088548	0.127066
0.114958	0.271302
0.165022	0.445560
0.129934	0.760764
0.116161	0.268333
0.081699	0.415848
0.133946	0.521050
0.068286	0.163545
0.074915	0.162566
0.152958	0.667660
0.091763	0.201878
0.136907	0.406614
0.085586	0.421940
0.115961	0.350782
0.095430	0.304423
0.165479	0.513813
0.137889	0.231654
0.063948	0.449876
0.117176	0.265989
0.038495	0.114906
0.115796	0.321333
0.108879	0.222113
0.224348	1.909197
0.122344	0.182905
0.123755	0.246273
0.250894	0.974725
0.099779	0.190080
0.143958	0.230333
0.144236	0.328859
0.084519	0.221863
0.106748	0.299427
0.126121	0.307104
0.101295	0.161565
0.149400	0.319716
0.206700	1.845830
0.111031	0.281464
0.050164	0.103589
0.074974	0.140201
0.181696	0.448788
0.267710	2.078764
0.141675	0.663748
0.079109	0.179576
0.188147	0.524929
0.200974	0.969698
0.134525	0.554915
0.293328	1.735034
0.212431	0.689338
0.083405	0.158469
0.197650	1.010982
0.151284	0.633880
0.101618	0.474048
0.208793	0.849786
0.071800	0.180578
0.115965	0.206997
0.140810	0.585066
0.089664	0.546499
0.209294	1.121814
0.099984	0.145976
0.061214	0.098554
0.235199	1.177171
0.088187	0.186515
0.289036	1.880177
0.050372	0.086388
0.190586	0.364019
0.291447	1.671451
0.141811	0.160956
0.127232	0.398872
0.225466	1.731579
0.070123	0.239469
0.087860	0.360667
0.267866	0.928155
0.137529	0.270244
0.108047	0.206369
0.082198	0.308242
0.142885	0.442944
0.093579	0.246113
0.116947	0.276579
0.180371	1.543973
0.119438	0.312928
0.225881	1.290909
0.137357	0.166889
0.126191	0.201274
0.261292	0.894927
0.116017	0.223912
0.153907	0.368608
0.125156	0.241552
0.138197	0.281922
0.261356	1.095083
0.086203	0.212921
0.101717	0.342279
0.060747	0.128480
0.063984	0.113252
0.071449	0.112532
0.059088	0.109312
0.135231	0.480071
0.255142	2.703234
0.112270	0.220611
0.115948	0.182039
0.113561	0.169773
0.122132	0.585624
0.262412	1.491810
0.141494	0.382743
0.133455	0.673949
0.106347	0.151013
0.133399	0.475568
0.073600	0.209023
0.199347	0.673793
0.102279	0.258766
0.305685	1.907477
0.167818	0.469890
0.109799	0.692832
0.193337	0.483341
0.244178	1.014560
0.174580	1.156596
0.133887	0.208194
0.156674	0.347817
0.110549	0.331648
0.362808	2.175033
0.169715	0.390344
0.123478	0.306227
0.355188	2.138229
0.086044	0.246515
0.121472	0.321900
0.163650	0.344483
0.076100	0.251890
0.115134	0.207817
0.106909	0.151276
0.107989	0.298049
0.161991	0.191959
0.152055	0.326919
0.100412	0.143590
0.245026	1.315789
0.194512	0.430844
0.171582	0.297695
0.108772	0.125632
0.067570	0.134465
0.126768	0.192054
0.094750	0.178129
0.097115	0.143244
0.120362	0.295489
0.254514	0.524298
0.161957	0.481012
0.109701	0.177167
0.149164	0.421387
0.128171	0.192257
0.090872	0.124041
0.097229	0.152649
0.215708	0.526327
0.196464	0.357564
0.297485	2.057107
0.311452	2.239337
0.146125	0.445682
0.179862	0.589946
0.111912	0.333499
0.113519	0.414912
0.174152	0.673097
0.076032	0.123172
0.234477	0.963702
0.127786	0.378248
0.289903	1.110327
0.234797	1.179856
0.167875	0.678215
0.168758	0.510493
0.183237	0.456260
0.161192	0.340920
0.079904	0.143027
0.258829	1.229440
0.142969	0.428192
0.097686	0.211979
0.116966	0.290075
0.075045	0.160220
0.062270	0.097141
0.074769	0.203371
0.184360	0.445229
0.139285	0.289016
0.129847	0.351236
0.130611	1.142844
0.139325	0.520379
0.102569	0.133339
0.269448	4.926854
0.107008	0.228996
0.093882	0.311218
0.158905	0.633237
0.059336	0.129649
0.160539	0.397334
0.073898	0.168487
0.091790	0.199183
0.098637	0.166203
0.165473	0.452569
0.140034	0.358487
0.205450	0.822826
0.172016	0.516049
0.120070	0.386026
0.200085	0.546231
0.235229	1.432545
0.134961	0.257101
0.149390	0.217363
0.082249	0.223718
0.061669	0.089419
0.065425	0.200526
0.088318	0.256563
0.132845	0.898030
0.235965	0.698456
0.311282	0.659917
0.150619	0.500055
0.080839	0.158040
0.091690	0.192549
0.077683	0.155367
0.090474	0.290874
0.124616	0.142685
0.294993	0.442489
0.102109	0.127125
0.132362	0.152878
0.309393	2.040445
0.129898	0.497508
0.084413	0.095808
0.131185	0.212519
0.144995	0.371188
0.097358	0.175732
0.108557	0.204088
0.119101	0.186989
0.146954	0.241740
0.272346	0.768014
0.219755	0.755958
0.329004	0.505021
0.166296	0.799885
0.305308	0.651833
0.238925	0.409756
0.150607	0.176964
0.206360	0.847107
0.116117	0.318161
0.086510	0.131062
0.098714	0.153501
0.345138	2.246851
0.100856	0.178011
0.276771	2.088235
0.101679	0.299954
0.172374	0.548150
0.046845	0.102824
0.087945	0.149507
0.087263	0.109515
0.180522	1.917147
0.083728	0.190899
0.128080	0.261283
0.190139	1.553436
0.145971	0.661977
0.190425	0.737895
0.123737	0.353889
0.276639	1.370748
0.232060	1.615138
0.169570	0.439185
0.106951	0.131015
0.061033	0.140682
0.128605	0.290005
0.149570	0.500313
0.117390	0.447842
0.150235	0.326009
0.240498	0.840540
0.100591	0.292216
0.207993	0.691578
0.174036	0.374177
0.135919	0.270479
0.142527	0.514523
0.090218	0.413198
0.101926	0.262970
0.101403	0.112558
0.203204	1.054629
0.201895	0.557231
0.077072	0.132564
0.142942	0.650384
0.251264	1.446024
0.130802	0.488546
0.227418	1.017693
0.306665	1.582389
0.123820	0.218542
0.169291	0.541732
0.466671	2.599359
0.143492	0.399626
0.115739	0.278352
0.187198	0.480163
0.154830	0.268630
0.113636	0.113636
0.268873	0.716546
0.103193	0.160981
0.223019	0.922184
0.133802	0.353907
0.091468	0.125310
0.172670	0.259006
0.251094	0.606393
0.320144	0.787554
0.326407	0.445546
0.177293	0.220729
0.090162	0.157783
0.137705	0.360099
0.269522	0.578125
0.172647	0.517079
0.111727	0.273731
0.165493	0.560195
0.091483	0.157350
0.274058	0.809842
0.070501	0.138535
0.208588	0.562145
0.111319	0.310024
0.222536	1.179438
0.113213	0.352093
0.157299	0.591443
0.093943	0.222646
0.164277	0.532257
0.128467	0.463124
0.386223	1.345985
0.073675	0.095040
0.078737	0.303926
0.163329	0.266225
0.215351	1.079986
0.221366	0.577764
0.212916	1.634133
0.086949	0.117816
0.095367	0.151633
0.113778	0.287858
0.105926	0.135056
0.132442	0.723796
0.203849	1.500325
0.139956	0.315602
0.109462	0.241365
0.123764	0.339733
0.262417	1.107401
0.107626	0.160362
0.101479	0.223761
0.088103	0.238320
0.084908	0.168118
0.108381	0.219471
0.121603	0.198822
0.121670	0.384477
0.115120	0.143901
0.212631	0.177547
0.197185	2.664955
0.097548	0.138030
0.146344	0.817329
0.086860	0.256236
0.149353	0.807998
0.075141	0.113463
0.135807	0.398593
0.161239	1.955826
0.097745	0.178873
0.242140	1.138060
0.108004	0.239770
0.083775	0.124406
0.192657	0.787006
0.058137	0.160167
0.108464	0.627464
0.027289	0.119391
0.087432	0.174865
0.066737	0.111785
0.108252	0.302565
0.077110	0.256005
0.121533	0.607056
0.218532	0.641391
0.095389	0.150238
0.219739	0.885547
0.050066	0.158208
0.072990	0.115325
0.253152	1.810038
0.157198	0.435437
0.145146	0.295372
0.094898	0.151837
0.122770	0.184154
0.219188	0.692635
0.068790	0.098369
0.057150	0.146304
0.388294	2.325879
0.123616	0.433892
0.091861	0.262264
0.201040	0.451334
0.127044	0.546924
0.225923	0.600954
0.132461	0.362281
0.097116	0.138391
0.070221	0.170989
0.195260	0.347563
0.169955	0.599090
0.205157	1.101694
0.239753	0.540643
0.193795	0.184105
0.081609	0.131391
0.297956	0.674871
0.190187	1.114498
0.106111	0.157044
0.073743	0.131263
0.078033	0.162699
0.101673	0.295359
0.090325	0.221749
0.093819	0.152456
0.142028	0.374954
0.131591	0.476359
0.097286	0.156144
0.196620	0.637049
0.076395	0.186022
0.066195	0.141987
0.117994	0.263715
0.125555	0.489038
0.182280	1.112817
0.174844	1.120748
0.304006	1.288983
0.245375	1.904107
0.096806	0.123427
0.065491	0.106423
0.148626	0.456280
0.158028	0.664510
0.045472	0.130049
0.114224	0.515721
0.151885	0.896882
0.168695	0.986868
0.054373	0.148166
0.254522	1.207705
0.114603	0.332349
0.115443	0.182400
0.089122	0.196514
0.132451	0.235763
0.099885	0.140338
0.167414	0.338175
0.189267	2.318524
0.159319	0.302706
0.190888	0.430453
0.114712	0.291941
0.322116	1.290075
0.142033	0.325256
0.083460	0.171929
0.119558	0.353892
0.175831	0.402653
0.135527	0.202612
0.247395	0.764449
0.236104	1.404819
0.104247	0.156892
0.123927	0.133222
0.085845	0.142073
0.096849	0.153506
0.217023	0.620686
0.249086	1.135834
0.212398	0.377006
0.212924	0.542957
0.131945	0.397154
0.189643	0.587894
0.110450	0.108794
0.158143	0.332100
0.098925	0.199335
0.221844	1.145824
0.365734	0.742441
0.461432	1.640390
0.173384	0.243605
0.209642	0.404609
0.123775	0.319339
0.115114	0.304477
0.224887	1.774357
0.080704	0.297798
0.109259	0.174269
0.083644	0.138849
0.095939	0.142949
0.126935	0.434752
0.081068	0.149570
0.095870	0.243031
0.084517	0.243832
0.089727	0.214000
0.184803	0.541473
0.124692	0.484430
0.110928	0.115365
0.168071	0.837833
0.072350	0.139635
0.075192	0.116924
0.112960	0.352434
0.104075	0.237290
0.117558	0.350911
0.150138	0.468432
0.132484	0.540536
0.188581	0.859930
0.231147	0.499278
0.199470	1.131994
0.171965	0.482362
0.133385	0.436168
0.182041	0.444179
0.104309	0.189842
0.104503	0.395020
0.108219	0.282450
0.065984	0.083139
0.118865	0.149770
0.197006	0.656029
0.077181	0.224597
0.235400	0.916882
0.079396	0.117904
0.102236	0.252522
0.130907	0.274250
0.123865	0.279317
0.096549	0.113445
0.077190	0.110381
0.093140	0.209099
0.178878	0.660062
0.093336	0.160071
0.092888	0.154194
0.131955	0.416979
0.088507	0.182767
0.077078	0.191153
0.303270	3.392070
0.138281	0.206730
0.077189	0.225392
0.298245	2.124996
0.093279	0.140852
0.138876	0.224285
0.150965	0.298911
0.205163	0.554965
0.172273	0.619321
0.130026	0.408281
0.236596	0.758290
0.198260	1.404673
0.089677	0.216571
0.091830	0.169886
0.095542	0.208283
0.161555	1.270633
0.105743	0.302426
0.246934	1.151945
0.112260	0.172880
0.190995	0.630284
0.087534	0.414034
0.076544	0.176433
0.169551	0.467113
0.094183	0.148810
0.186537	0.590390
0.109623	0.271316
0.100991	0.206021
0.161116	0.848274
0.073701	0.109445
0.134188	0.419337
0.223223	2.302544
0.118696	0.263504
0.191302	0.473473
0.189369	1.307594
0.126935	0.232291
0.163604	0.288761
0.322223	1.300170
0.149905	0.292314
0.186549	0.933679
0.125962	0.236808
0.267134	0.849486
0.134298	0.204805
0.111028	0.153774
0.102273	0.237274
0.178141	0.383003
0.142220	0.101688
0.152769	0.459836
0.187100	0.685721
0.237722	0.722676
0.090327	0.364019
0.137517	0.524629
0.091679	0.148978
0.119562	0.358685
0.301095	0.971031
0.110258	0.175862
0.202006	0.777724
0.103590	0.335633
0.252842	1.329950
0.219657	0.803946
0.160489	0.430914
0.174582	0.398919
0.104341	0.124166
0.205564	0.739004
0.224371	0.480155
0.116152	0.162031
0.267390	1.137745
0.077069	0.094795
0.178204	0.773405
0.146650	0.244172
0.241429	0.412843
0.214741	0.223331
0.107749	0.182634
0.399235	2.401396
0.166388	0.392676
0.065954	0.131908
0.136344	0.346995
0.111362	0.256690
0.134763	0.216295
0.220539	0.909722
0.153868	0.399286
0.111269	0.169686
0.125042	0.165056
0.236605	2.155468
0.239782	0.246976
0.257055	2.777484
0.071338	0.161581
0.145366	0.404845
0.146605	0.267555
0.117044	0.289099
0.137556	0.223528
0.119331	0.289376
0.090086	0.107653
0.300832	1.860647
0.086395	0.235426
0.179490	0.924374
0.249418	0.657217
0.323957	0.448680
0.142234	0.319314
0.143350	0.169869
0.093658	0.146106
0.095900	0.162551
0.067180	0.132344
0.078109	0.136691
0.233340	1.899384
0.249759	1.567238
0.127770	0.430586
0.108057	0.198825
0.110840	0.164598
0.178220	0.277132
0.110175	0.245138
0.161537	0.469266
0.200487	0.522270
0.157558	0.448254
0.239070	0.512804
0.205875	0.501304
0.219329	0.422209
0.124317	0.423299
0.170002	0.713158
0.149566	0.871972
0.114529	0.215315
0.094770	0.345912
0.074016	0.179858
0.114761	0.167551
0.149160	0.470599
0.126493	0.191637
0.183659	0.524347
0.158820	0.545548
0.343344	2.966488
0.103078	0.204095
0.117820	0.196760
0.103227	0.206454
0.064508	0.127082
0.303501	0.655563
0.123974	0.252287
0.242104	1.214151
0.075963	0.110147
0.212776	1.074517
0.150337	0.385614
0.049619	0.141414
0.044088	0.186051
0.050031	0.215385
0.061786	0.264136
0.242485	1.042687
0.055692	0.131990
0.051687	0.183490
0.082868	0.328572
0.084769	0.288216
0.050550	0.148110
0.081806	0.152568
0.188887	0.889656
0.070388	0.255155
0.057314	0.116633
0.047567	0.288496
0.139092	0.758052
0.124737	0.464022
0.146826	0.505082
0.117470	0.233764
0.153062	0.343623
0.192070	1.519277
0.090458	0.248759
0.156301	0.305568
0.303067	0.474300
0.099313	0.320283
0.166150	0.720260
0.207924	1.359826
0.159387	0.898144
0.111512	0.432108
0.148384	0.654374
0.094010	0.334207
0.056821	0.238081
0.198991	0.576080
0.062665	0.234055
0.099034	0.221340
0.132140	0.243799
0.165877	0.806990
0.043192	0.111651
0.107113	0.151565
0.161897	0.539117
0.216466	0.233784
0.162700	0.416511
0.166969	0.843193
0.075980	0.267831
0.129879	0.325996
0.180010	0.710138
0.126297	0.203970
0.168389	0.398241
0.113921	0.117339
0.072427	0.142320
0.199893	0.513725
0.174531	0.429345
0.296828	1.542020
0.248277	0.402209
0.223945	1.900171
0.081609	0.129759
0.210465	0.963931
0.184647	0.341597
0.214457	0.947902
0.152306	0.332788
0.066644	0.180605
0.235372	1.070941
0.060059	0.085884
0.123286	0.272463
0.101498	0.263386
0.162840	0.594367
0.090867	0.237617
0.116509	0.157869
0.127102	0.158878
0.211101	0.690300
0.248891	0.883563
0.204143	0.592014
0.177144	1.018577
0.162644	0.496877
0.079181	0.296136
0.129254	0.427183
0.148727	0.254322
0.193446	1.384107
0.168161	0.644898
0.233362	0.880943
0.102720	0.280940
0.095752	0.154640
0.178793	0.551576
0.093284	0.177240
0.175382	0.513868
0.072992	0.098539
0.112167	0.748716
0.268918	0.836336
0.124664	0.290467
0.119217	0.417260
0.073576	0.153407
0.270982	1.318325
0.118170	0.306061
0.089416	0.123842
0.134076	0.288264
0.071107	0.121949
0.249134	2.092725
0.060293	0.174549
0.117500	0.212675
0.109693	0.487586
0.091923	0.113065
0.073787	0.123962
0.073509	0.162822
0.373538	2.278582
0.058138	0.121217
0.117224	0.145358
0.146416	0.387269
0.065410	0.139978
0.081280	0.251969
0.149951	1.101392
0.158821	0.551110
0.105086	0.286886
0.026372	0.140959
0.217973	0.223423
0.083738	0.093368
0.097378	0.153856
0.092479	0.190507
0.144852	0.432385
0.103510	0.292935
0.151613	0.304742
0.278156	0.842814
0.091181	0.240718
0.241960	0.669020
0.154747	0.537746
0.192790	0.730675
0.123648	0.278827
0.072740	0.257136
0.103563	1.431760
0.047682	0.114197
0.166993	0.589485
0.242280	1.158099
0.111474	0.215701
0.085224	0.217748
0.167337	0.388223
0.159056	0.122473
0.366731	0.616107
0.371241	0.837148
0.363587	0.914422
0.155441	0.120467
0.471970	1.437148
0.294528	0.226787
0.339057	0.783223
0.204184	0.296067
0.182503	0.187066
0.263972	1.245947
0.261873	0.298535
0.146066	0.113932
0.352436	0.206175
0.448707	0.641651
0.444078	0.779357
0.465602	1.727382
0.240680	0.133577
0.224237	0.213025
0.173229	0.144646
0.523092	1.184802
0.553644	1.636017
0.452784	1.093472
0.312216	0.371537
0.272652	0.325820
0.158579	0.119727
0.190075	0.199579
0.138431	0.282400
0.238667	0.263727
0.168008	0.297373
0.246003	1.006151
0.205703	0.422720
0.403955	1.860211
0.180119	0.347629
0.171997	0.720668
0.286805	1.630484
0.122855	0.181825
0.378236	1.658564
0.254708	1.116893
0.273009	1.894682
0.084720	0.087685
0.355914	1.605172
0.086189	0.128421
0.065725	0.179101
0.091329	0.140190
0.105347	0.316042
0.165896	0.337598
0.101784	0.359806
0.076496	0.239051
0.146686	0.858846
0.153750	0.594245
0.121481	0.277583
0.136623	0.276662
0.153587	0.307175
0.123630	0.259624
0.159395	0.242281
0.088860	0.109742
0.233970	0.467941
0.101340	0.288313
0.074094	0.152635
0.202868	1.359217
0.092626	0.229712
0.047522	0.125935
0.064339	0.118061
0.070679	0.204616
0.071680	0.331522
0.124484	0.275731
0.110895	0.579429
0.087989	0.183457
0.066514	0.083475
0.136093	0.689990
0.072440	0.152124
0.263150	1.623638
0.124961	1.014058
0.048462	0.108070
0.128768	0.260755
0.155353	0.344884
0.152353	0.611697
0.321565	1.651238
0.091912	0.274816
0.146460	0.461349
0.125341	0.541473
0.280539	2.596390
0.083496	0.149040
0.154621	0.639359
0.133993	0.276696
0.209702	0.861877
0.100789	0.148160
0.163994	0.397684
0.119697	0.294456
0.084017	0.192399
0.353422	0.671502
0.285257	1.618835
0.213008	0.880789
0.120499	0.218707
0.108972	0.436432
0.150552	0.705334
0.111293	0.196433
0.080635	0.188686
0.088858	0.266575
0.180607	1.551411
0.057071	0.136115
0.325719	2.652979
0.073686	0.181635
0.058893	0.097174
0.141464	0.503613
0.068145	0.150260
0.070571	0.237119
0.097234	0.194468
0.191642	1.363533
0.060502	0.173943
0.100747	0.432710
0.054406	0.339223
0.170232	2.399413
0.113755	0.459002
0.050865	0.166584
0.230676	1.145306
0.077417	0.130448
0.176183	0.720590
0.143389	0.479635
0.321371	1.450988
0.138870	0.299959
0.113022	0.196658
0.090137	0.400208
0.149727	0.538267
0.071639	0.181964
0.320754	2.124997
0.094681	0.269841
0.167784	0.268454
0.134189	0.577685
0.140917	0.300153
0.100040	0.169067
0.142648	0.219678
0.146677	0.444430
0.306783	1.293090
0.114908	0.197068
0.136300	0.174464
0.270750	0.548268
0.198174	1.350554
0.128248	0.211609
0.175129	0.309102
0.183958	0.412985
0.159242	0.342371
0.129737	0.405427
0.193739	0.495971
0.116161	0.304922
0.111364	0.206580
0.194735	0.730258
0.071691	0.135138
0.373500	1.557496
0.454710	2.103035
0.096459	0.137936
0.198353	0.576216
0.155488	0.258887
0.178752	0.264552
0.302718	1.103407
0.392734	2.425135
0.122616	0.181471
0.277260	1.214398
0.149972	0.222708
0.186812	0.130768
0.145646	0.161667
0.106014	0.177043
0.119769	0.213787
0.068933	0.120632
0.127562	0.206012
0.299139	0.688021
0.216442	0.676382
0.079384	0.256015
0.254641	1.038936
0.083442	0.146859
0.312824	1.277884
0.134919	0.286028
0.228707	1.134385
0.150294	0.241222
0.144163	0.449068
0.125575	0.393050
0.169547	0.491687
0.113191	0.412014
0.182604	0.517682
0.103588	0.182833
0.154908	0.622731
0.100995	0.151493
0.170598	0.331814
0.122585	0.362238
0.196989	0.671733
0.088282	0.230415
0.092108	0.175926
0.114461	0.286151
0.114515	0.348125
0.137585	0.518008
0.165235	0.478356
0.079576	0.202918
0.128299	0.546553
0.136561	0.268343
0.090139	0.190194
0.070443	0.303257
0.090704	0.118822
0.250174	1.157053
0.069435	0.119776
0.076308	0.206413
0.068509	0.177095
0.133957	0.456793
0.152459	0.933049
0.064801	0.116318
0.070519	0.112831
0.088288	0.215423
0.107158	0.223425
0.117496	0.272591
0.300299	0.852848
0.185037	0.366374
0.103665	0.388743
0.183764	0.681764
0.145628	1.098035
0.193771	0.720828
0.066118	0.139178
0.081772	0.174991
0.171323	0.280113
0.100245	0.214024
0.075971	0.202462
0.385092	1.836890
0.335245	3.166390
0.061867	0.103009
0.103386	0.183511
0.068207	0.170517
0.066002	0.108573
0.086261	0.154839
0.300028	1.189610
0.199143	1.579207
0.069470	0.150750
0.229143	1.892718
0.184950	0.368051
0.069224	0.339198
0.224695	0.471860
0.130832	0.319885
0.111344	0.113570
0.137183	0.415665
0.275974	1.374350
0.177099	1.136092
0.046671	0.087975
0.107650	0.249748
0.082798	0.211134
0.143898	0.403635
0.060281	0.260716
0.079878	0.118220
0.114536	0.201011
0.210465	1.280681
0.124414	0.311035
0.264723	2.044987
0.163342	0.369970
0.092267	0.195607
0.427298	2.330909
0.086295	0.188123
0.083472	0.141067
0.175075	0.483206
0.128465	0.226741
0.054179	0.127050
0.126878	0.377462
0.205215	0.845487
0.121321	0.186228
0.230573	1.119431
0.275689	2.785841
0.095453	0.221451
0.095859	0.323044
0.116454	0.505991
0.132373	0.574500
0.118545	0.199156
0.245315	1.828827
0.103906	0.230672
0.093896	0.175116
0.079411	0.213218
0.285940	1.373942
0.169449	0.466833
0.107916	0.165111
0.096869	0.326934
0.047135	0.099691
0.125319	0.306404
0.032714	0.088656
0.131185	0.526706
0.155794	0.336514
0.193217	0.310114
0.263311	0.739903
0.154738	0.214312
0.093842	0.181584
0.081391	0.224638
0.119204	0.238407
0.335039	2.330195
0.077006	0.298784
0.120022	0.370268
0.101526	0.331988
0.250943	1.770406
0.133850	0.727472
0.333822	1.709169
0.383651	2.735433
0.376439	1.991365
0.118240	0.430985
0.249654	2.749942
0.120093	0.250393
0.226039	1.393533
0.149767	0.477009
0.085424	0.130272
0.079736	0.140336
0.067597	0.136883
0.100999	0.115644
0.104259	0.162644
0.195326	0.237321
0.088582	0.204625
0.112919	0.304317
0.239015	0.455323
0.262759	1.175846
0.180427	0.841691
0.122497	0.532248
0.192670	1.042346
0.088402	0.171942
0.168273	0.419000
0.073868	0.193535
0.192394	0.806130
0.359438	1.964329
0.066944	0.137904
0.116010	0.190257
0.066565	0.125142
0.093675	0.430903
0.231875	1.463130
0.212546	0.568560
0.061016	0.105863
0.116325	0.294301
0.063211	0.128634
0.078317	0.147235
0.210859	0.694781
0.099842	0.217657
0.090820	0.383259
0.114945	0.191959
0.094085	0.201812
0.076419	0.152074
0.107128	0.340666
0.086658	0.105722
0.079693	0.190865
0.065750	0.151225
0.109070	0.359930
0.101059	0.330967
0.133098	0.460518
0.111942	0.259706
0.373361	3.959490
0.097198	0.133161
0.402116	0.392063
0.358346	2.119617
0.126243	0.943664
0.387850	2.084695
0.126201	0.237889
0.115007	0.450829
0.135610	0.677371
0.089995	0.135893
0.250104	1.211755
0.091535	0.475067
0.240420	2.189024
0.239440	1.168468
0.078600	0.146983
0.130586	0.238972
0.092074	0.151922
0.148105	0.302133
0.138779	0.362908
0.086581	0.168832
0.191085	1.027081
0.168744	0.604105
0.158389	0.323113
0.090260	0.179618
0.136045	0.944151
0.100723	0.713621
0.062696	0.161755
0.114663	0.262578
0.159486	0.398716
0.075248	0.120397
0.126818	0.287243
0.167399	0.537351
0.092200	0.159045
0.172181	0.284959
0.366091	1.435077
0.185101	0.341511
0.165811	0.645006
0.226258	0.912949
0.067499	0.120822
0.083135	0.120545
0.131589	0.355949
0.109851	0.321314
0.049479	0.119491
0.188130	0.445868
0.382769	2.038244
0.093216	0.357484
0.141330	0.385124
0.125563	0.409963
0.078276	0.204300
0.108389	0.627030
0.143413	0.382914
0.214878	0.959432
0.068502	0.179132
0.156321	0.283722
0.122883	0.295533
0.084296	0.341400
0.129365	0.298832
0.039863	0.087698
0.296049	2.186325
0.076384	0.119159
0.106820	0.302302
0.280569	1.976611
0.073380	0.149328
0.087861	0.285549
0.049433	0.151017
0.174998	0.968614
0.073092	0.174323
0.146483	0.382321
0.152830	1.551985
0.074062	0.173305
0.219699	0.605271
0.097405	0.563490
0.052860	0.134001
0.081254	0.205167
0.124022	0.479964
0.303750	1.700998
0.289068	1.060879
0.137369	0.568021
0.136519	0.290102
0.127277	0.222734
0.026074	0.095563
0.122207	0.694746
0.083461	0.122271
0.330411	0.522050
0.276080	2.372908
0.104135	0.145269
0.079201	0.186519
0.110121	0.273101
0.077260	0.151044
0.127565	0.497504
0.169983	1.315671
0.076583	0.187246
0.166000	0.664830
0.106004	0.352994
0.073851	0.261804
0.067364	0.133044
0.219657	1.417889
0.176813	0.732890
0.066254	0.194456
0.089150	0.144868
0.285694	1.558462
0.129768	0.635865
0.109404	0.367598
0.081131	0.193498
0.174549	0.684232
0.149409	0.346630
0.273870	1.511761
0.120595	0.216469
0.181266	0.537452
0.107584	0.302850
0.101601	0.260607
0.069437	0.122209
0.091985	0.145336
0.110406	0.477507
0.057214	0.112711
0.095274	0.141481
0.087501	0.141752
0.069999	0.133699
0.233513	0.554593
0.154312	0.286248
0.090925	0.163665
0.069858	0.140414
0.152365	0.210264
0.136096	0.363376
0.170044	0.862125
0.098272	0.301696
0.170051	1.178450
0.209090	0.809178
0.188125	0.729927
0.085312	0.121996
0.154599	0.755987
0.102236	0.254566
0.076298	0.147255
0.163873	0.938173
0.271773	1.203955
0.062753	0.130212
0.133522	1.046146
0.175702	0.322413
0.124268	0.237972
0.100184	0.252465
0.111473	0.235207
0.081712	0.161789
0.132061	0.517680
0.176294	0.629371
0.096002	0.269285
0.082691	0.131891
