Velocity(m/s)	Chord(mm)
0.131345	0.277795
0.198203	0.360729
0.198438	0.526853
0.103334	0.213385
0.114459	0.359973
0.102769	0.115616
0.180397	1.021951
0.140023	0.312952
0.139944	0.340763
0.129584	0.274719
0.134547	0.251604
0.163911	1.036739
0.130254	0.252694
0.085147	0.185621
0.116745	0.347318
0.075851	0.166493
0.077128	0.119548
0.061823	0.225654
0.149256	0.211943
0.087522	0.136096
0.134700	0.710541
0.126707	0.619599
0.140019	0.361249
0.132522	0.222637
0.213149	0.387931
0.135874	0.672574
0.075109	0.137449
0.060060	0.169370
0.065552	0.205506
0.146827	0.665861
0.102097	0.128642
0.150122	0.667292
0.189227	0.857199
0.102139	0.322760
0.103101	0.231461
0.122749	0.276800
0.117608	0.183469
0.074670	0.127686
0.305662	1.465650
0.096597	0.156004
0.106145	0.313658
0.080064	0.152922
0.145796	0.306172
0.058265	0.154692
0.084077	0.149238
0.076819	0.101785
0.118466	0.209093
0.229710	0.591503
0.176032	0.284292
0.251396	1.691893
0.066200	0.120153
0.083756	0.220696
0.299096	1.972537
0.170274	0.577229
0.086082	0.120084
0.124075	0.468385
0.178876	0.689566
0.078685	0.181763
0.136973	0.213677
0.119653	0.354771
0.187293	0.761347
0.285366	2.023245
0.127023	0.261032
0.347249	1.494908
0.253789	0.487276
0.150478	1.843360
0.092438	0.105842
0.216772	0.442214
0.278757	2.073955
0.272585	1.338390
0.212126	1.114722
0.131583	0.371065
0.109128	0.220985
0.242348	0.803384
0.080385	0.197345
0.101449	1.619636
0.251161	1.631289
0.086267	0.150968
0.060175	0.099289
0.110293	0.207902
0.156920	0.430746
0.350144	3.974138
0.175138	0.697925
0.140355	0.567736
0.124367	0.458913
0.190150	0.675032
0.149830	0.663748
0.117250	0.143046
0.080298	0.122455
0.169379	0.517453
0.157571	0.609801
0.139374	0.393036
0.108138	0.297920
0.241733	1.411719
0.069856	0.185818
0.087718	0.202629
0.118941	0.141540
0.155742	0.417389
0.210530	0.603169
0.074507	0.185523
0.193886	0.774574
0.077525	0.116675
0.247145	1.104738
0.211426	0.638507
0.075114	0.146472
0.098578	0.422901
0.166000	1.265750
0.244163	1.450327
0.273247	1.554773
0.102826	0.200511
0.130651	0.162008
0.272517	1.636465
0.343559	2.159266
0.112084	0.211278
0.103510	0.387127
0.098035	0.231854
0.143148	0.495292
0.154180	0.363095
0.117576	0.261606
0.095213	0.209470
0.069599	0.136762
0.122879	0.389526
0.069283	0.115703
0.195976	0.628102
0.210389	0.743725
0.086064	0.152763
0.094311	0.109401
0.125628	0.324121
0.196165	0.485507
0.177377	0.476257
0.126082	0.226948
0.152531	0.449967
0.221944	0.827850
0.105033	0.149148
0.092685	0.143662
0.121410	0.288956
0.104857	0.254802
0.136540	0.215051
0.138435	0.233263
0.203949	1.104383
0.135536	0.203982
0.149365	0.666916
0.234359	0.563634
0.082420	0.091898
0.119175	0.138839
0.179853	0.449633
0.096180	0.237084
0.370671	1.362216
0.124941	0.214899
0.243959	0.251277
0.038007	0.105470
0.107170	0.180045
0.096820	0.123445
0.083107	0.174109
0.322611	2.317961
0.233354	0.719898
0.179389	0.540857
0.221863	0.829768
0.124036	0.371487
0.087917	0.148140
0.154256	0.296943
0.208639	1.339461
0.157911	0.338720
0.076954	0.141980
0.082900	0.210981
0.149878	0.856550
0.149244	0.411168
0.083278	0.087858
0.154943	0.354046
0.065435	0.099460
0.159228	0.300145
0.126676	0.447801
0.095128	0.170754
0.172632	0.790654
0.102127	0.168510
0.113477	0.120285
0.094546	0.143237
0.124906	0.387832
0.125064	0.273265
0.102822	0.115675
0.162254	0.425916
0.313890	2.170551
0.114480	0.124211
0.125623	0.221096
0.201959	0.490760
0.141708	0.319551
0.187531	0.330992
0.143476	0.208757
0.056081	0.090290
0.193598	0.451083
0.289381	0.383430
0.120992	0.165759
0.167037	0.319877
0.156347	0.383832
0.197131	0.532255
0.073404	0.145341
0.225306	0.315429
0.193748	0.541526
0.195058	0.771454
0.221933	1.104117
0.226218	1.426304
0.102711	0.278346
0.086099	0.096000
0.062606	0.151193
0.195713	0.945293
0.066443	0.110295
0.153756	0.416680
0.137645	0.163798
0.113515	0.325219
0.272998	1.227128
0.238823	0.511081
0.111609	0.219870
0.185252	1.023516
0.113792	0.201981
0.221214	0.687974
0.116137	0.264212
0.194512	0.385133
0.217775	0.761123
0.116216	0.170838
0.155753	0.711790
0.146558	0.158283
0.116740	0.162268
0.135468	0.179495
0.137298	0.420817
0.158177	0.446060
0.217793	0.483501
0.141992	0.167551
0.140942	0.705414
0.225681	0.814708
0.203645	0.698501
0.173498	0.268055
0.115085	0.140403
0.161697	0.239312
0.191132	0.528480
0.348317	2.046362
0.190775	0.569464
0.139182	0.262358
0.357951	2.154863
0.107489	0.167683
0.160629	0.441730
0.076500	0.091035
0.172446	0.335407
0.102283	0.174904
0.274895	0.450827
0.260520	2.952993
0.120794	0.179983
0.077412	0.168758
0.084640	0.385537
0.033837	0.173415
0.231195	0.762945
0.274762	1.151253
0.189044	0.432910
0.085259	0.147499
0.126890	0.222057
0.116828	0.129095
0.108902	0.149196
0.143223	0.169719
0.174045	0.719675
0.160382	0.267837
0.139608	0.418125
0.253223	1.557319
0.255013	1.575983
0.073289	0.187253
0.084692	0.147787
0.051950	0.092211
0.143832	0.638615
0.145099	0.893083
0.095982	0.242354
0.076650	0.118041
0.189763	1.807489
0.100449	0.212450
0.159041	0.570163
0.151267	0.473466
0.277683	2.360309
0.177651	0.940663
0.169271	0.687242
0.158981	0.785368
0.065296	0.156057
0.132487	0.232514
0.215465	1.037465
0.104265	0.127725
0.169201	0.543981
0.161085	0.332641
0.117552	0.318567
0.192784	0.641006
0.104538	0.246188
0.121096	0.222212
0.103833	0.212858
0.252429	1.043793
0.114129	0.164346
0.119172	0.137048
0.089070	0.151865
0.283626	2.066214
0.198047	0.618896
0.150986	0.397092
0.084105	0.121531
0.241987	1.180894
0.279762	0.759553
0.129380	0.359676
0.105501	0.195704
0.100960	0.101465
0.186151	0.895386
0.110505	0.148629
0.114111	0.163179
0.128341	0.312511
0.087845	0.139674
0.079339	0.129323
0.147250	0.246644
0.155359	1.231216
0.172097	0.231470
0.167950	0.521486
0.143094	0.314807
0.073825	0.160939
0.124804	0.278938
0.145047	0.639658
0.284666	1.006296
0.162684	0.505946
0.434564	2.585658
0.184937	0.186787
0.087527	0.254705
0.097140	0.317162
0.091423	0.163647
0.073970	0.125750
0.100554	0.185523
0.107526	0.287632
0.167954	1.022001
0.068420	0.202867
0.181931	0.473930
0.079519	0.190447
0.205081	0.582430
0.259273	1.484341
0.097487	0.096999
0.139281	0.245134
0.157571	0.432533
0.061798	0.150478
0.129795	0.456879
0.326611	1.644487
0.117520	1.515414
0.175439	0.668421
0.085785	0.138114
0.092274	0.150407
0.054760	0.127591
0.084066	0.096675
0.103433	0.109639
0.079462	0.115220
0.099393	0.212204
0.149456	0.324319
0.197748	0.513156
0.078584	0.117483
0.271455	0.632491
0.227217	0.900916
0.267315	1.478254
0.181284	0.414234
0.130918	0.286711
0.162871	0.650670
0.085390	0.191700
0.077220	0.171429
0.050562	0.110731
0.066927	0.127830
0.194279	1.359952
0.149042	0.301810
0.178466	0.466688
0.135132	0.593229
0.061437	0.202127
0.095243	0.132388
0.172316	0.267952
0.148074	0.313177
0.156524	0.446876
0.143040	0.333284
0.117435	0.342910
0.125508	0.269842
0.179703	0.480705
0.200363	1.176129
0.133248	0.223857
0.139546	0.285371
0.189544	0.470069
0.117245	0.218661
0.126981	0.440623
0.098035	0.118132
0.166838	0.524706
0.224070	1.243589
0.104605	0.127618
0.134646	0.241016
0.073442	0.114569
0.096530	0.136107
0.320385	2.439734
0.134106	0.312466
0.156125	0.333327
0.190489	0.500985
0.060163	0.119725
0.076609	0.136363
0.075270	0.138121
0.240450	0.256079
0.324358	2.071023
0.096867	0.097836
0.093377	0.133063
0.251292	0.712413
0.120268	0.450403
0.187999	0.156979
0.251322	0.877115
0.122691	0.423897
0.097100	0.252459
0.078699	0.096800
0.213429	0.479149
0.208283	0.998716
0.172581	0.327903
0.187101	0.498625
0.252488	0.968293
0.131148	0.352787
0.153740	0.284419
0.240786	0.868034
0.163707	0.339691
0.154674	0.164728
0.161813	0.478968
0.159747	0.419335
0.179472	0.970047
0.130354	0.277002
0.154548	0.520827
0.111798	0.289557
0.245691	1.452036
0.080678	0.143203
0.061817	0.327010
0.148839	0.357958
0.108238	0.178592
0.180885	0.515523
0.105876	0.435678
0.245197	1.278704
0.198920	0.627592
0.072795	0.114289
0.130961	0.270434
0.209086	0.500762
0.141929	0.350565
0.113384	0.157037
0.086495	0.159582
0.167619	0.300876
0.096312	0.125687
0.125704	0.385284
0.081954	0.149976
0.270972	1.120471
0.227190	0.837197
0.060640	0.099147
0.063658	0.147050
0.243112	1.051461
0.080263	0.105947
0.174725	0.605423
0.155438	0.197406
0.073207	0.206811
0.118767	0.175182
0.261620	1.682219
0.053625	0.150420
0.321182	1.194799
0.119907	0.110315
0.112980	0.357017
0.129718	0.836679
0.091002	0.233875
0.297969	1.249979
0.210861	0.493415
0.162327	0.874945
0.075957	0.139381
0.099518	0.161220
0.158630	0.506824
0.105975	0.267058
0.186761	0.664869
0.130116	0.225100
0.101319	0.160591
0.143035	0.313962
0.130560	0.171034
0.077129	0.118778
0.194963	0.463037
0.321507	0.749111
0.118824	0.147936
0.123660	0.178689
0.168079	1.008476
0.361213	1.836769
0.068054	0.129982
0.093195	0.125347
0.142483	0.277130
0.201955	0.566484
0.082774	0.121264
0.145002	0.362505
0.172094	0.149722
0.199131	0.537655
0.191762	0.376813
0.235560	1.875054
0.215305	0.735267
0.107262	0.397405
0.334217	0.847240
0.243409	0.592702
0.097055	0.198477
0.174778	0.460539
0.201627	0.721824
0.127646	0.232954
0.212343	0.526612
0.091099	0.150313
0.082597	0.103659
0.180455	0.313991
0.357019	1.342390
0.178032	0.330248
0.228061	0.514278
0.068665	0.163080
0.088089	0.191152
0.174861	0.433655
0.101384	0.218990
0.141118	0.239194
0.211602	0.522656
0.241805	0.842689
0.194409	1.100355
0.181393	0.317438
0.171930	0.332684
0.150375	0.756386
0.087865	0.094016
0.205395	0.384089
0.095946	0.295515
0.160976	0.366220
0.167480	0.314025
0.074881	0.135535
0.146035	0.224894
0.126479	0.129008
0.089592	0.089592
0.167024	0.929490
0.111172	0.391881
0.067079	0.100283
0.082474	0.126185
0.288451	1.109096
0.192483	0.746835
0.143667	0.264348
0.142327	0.229858
0.099896	0.145348
0.105645	0.154241
0.148391	0.207747
0.201359	0.432922
0.161107	0.878031
0.116900	0.467598
0.092725	0.352820
0.132300	0.297014
0.114255	0.230796
0.152096	0.860865
0.170724	0.239013
0.094290	0.119277
0.228405	1.390986
0.077123	0.107201
0.140526	0.132094
0.077929	0.195991
0.096203	0.189520
0.077829	0.108960
0.286019	0.757950
0.169228	1.390210
0.082186	0.158207
0.130410	0.519685
0.137905	0.161349
0.079506	0.109320
0.102995	0.311559
0.076641	0.277440
0.125982	0.445345
0.305056	2.132342
0.090583	0.161238
0.111302	0.298846
0.062248	0.167137
0.113335	0.113902
0.175002	0.552131
0.172471	0.903751
0.140181	0.728943
0.090387	0.168119
0.068302	0.219249
0.091258	0.185710
0.101434	0.154686
0.090338	0.113375
0.079654	0.160503
0.121447	0.453604
0.092680	0.140410
0.095750	0.104367
0.222764	0.993528
0.084346	0.112601
0.142469	0.183073
0.119027	0.508840
0.201279	1.071810
0.153451	0.454216
0.139573	0.757883
0.117366	0.326276
0.129303	0.496522
0.144775	0.671755
0.135936	0.381302
0.102762	0.288762
0.099622	0.205221
0.075229	0.159486
0.125677	0.253239
0.142424	0.416590
0.174389	0.230193
0.111600	0.293508
0.083148	0.190409
0.097568	0.192696
0.091786	0.241396
0.080211	0.184485
0.076991	0.097778
0.221706	0.665119
0.087524	0.220999
0.130128	0.156154
0.162861	0.621314
0.124894	0.400286
0.140007	0.296815
0.338240	1.833259
0.193619	0.317535
0.153550	0.153550
0.148876	0.393034
0.172163	0.296120
0.126708	0.445379
0.099514	0.170666
0.201385	0.860923
0.179253	0.511767
0.167364	0.322176
0.136811	0.227106
0.111852	0.207485
0.123843	0.290412
0.146451	0.437888
0.173134	0.365313
0.085048	0.113539
0.215655	1.661625
0.233870	0.867660
0.275913	0.292468
0.193821	0.560143
0.198605	0.575953
0.078317	0.114343
0.106189	0.135391
0.134855	0.175311
0.220448	1.122083
0.103730	0.154558
0.261252	0.816413
0.121088	0.277292
0.124776	0.260158
0.126359	0.111828
0.114946	0.197707
0.166168	0.522597
0.151323	0.265573
0.139496	0.343858
0.174711	0.706705
0.237826	0.541053
0.173681	0.268338
0.232052	1.008267
0.093267	0.129641
0.185042	0.831763
0.227386	0.291055
0.158295	0.330045
0.061084	0.147519
0.170861	0.483536
0.233433	0.689795
0.084107	0.096723
0.124462	0.322979
0.178525	0.392754
0.064130	0.100363
0.112217	0.261466
0.057058	0.131805
0.139812	0.573230
0.204026	0.678386
0.109329	0.266763
0.158595	0.559046
0.126377	0.314680
0.086411	0.147763
0.094747	0.123645
0.168780	0.248951
0.230438	0.388287
0.135543	0.290739
0.325866	1.132386
0.189676	0.526350
0.122859	0.275819
0.160563	0.228802
0.171084	0.570565
0.095068	0.338443
0.093196	0.214351
0.110684	0.151638
0.126537	0.168927
0.240856	1.069399
0.359590	3.141020
0.083958	0.165816
0.267371	1.705827
0.056449	0.111768
0.075475	0.196991
0.304016	1.410634
0.344498	1.345266
0.112781	0.207517
0.094035	0.090744
0.223722	1.114137
0.191549	0.778646
0.273840	0.891350
0.283716	1.505112
0.160332	0.370366
0.336677	1.346709
0.084267	0.157579
0.390627	1.925791
0.143522	0.317183
0.089354	0.197027
0.177812	0.468534
0.250208	1.367385
0.109789	0.327172
0.265698	1.812062
0.144555	0.239238
0.188856	0.244568
0.166076	0.436780
0.306895	1.423991
0.178698	0.434236
0.187850	0.731675
0.199294	1.092130
0.134660	0.222189
0.130728	0.749070
0.173910	0.465210
0.074321	0.154216
0.146106	0.498221
0.135733	0.629800
0.113796	0.199712
0.104890	0.202961
0.151187	0.288012
0.122192	0.251105
0.109171	0.112446
0.139949	0.296691
0.094946	0.240688
0.097118	0.234540
0.143395	0.506901
0.307642	1.884308
0.169794	0.637577
0.082934	0.187847
0.141590	0.311499
0.169166	0.872899
0.108358	0.268185
0.139717	0.164167
0.137318	0.263650
0.262593	0.789092
0.187888	0.542996
0.101988	0.259559
0.088322	0.302503
0.196532	0.678035
0.161696	0.557043
0.223692	0.261720
0.262759	2.099445
0.415780	2.180768
0.375852	2.567066
0.329866	0.951663
0.218674	1.245348
0.240905	0.839555
0.366073	1.471614
0.160737	0.528022
0.198233	0.403404
0.108942	0.188470
0.105173	0.308157
0.155596	0.378876
0.078418	0.113706
0.062773	0.107655
0.118857	0.275749
0.169388	1.001928
0.210953	1.089573
0.246740	1.185584
0.162080	0.219619
0.105588	0.214344
0.128920	0.172109
0.128679	0.135756
0.199955	0.378915
0.274808	1.209155
0.154373	0.365093
0.251459	0.628647
0.059393	0.137198
0.190158	1.119078
0.159697	0.412019
0.182132	0.681174
0.331124	1.698668
0.147140	0.205996
0.107972	0.139284
0.169308	0.318300
0.121196	0.124226
0.255860	1.061819
0.110886	0.174646
0.181393	0.774549
0.151940	0.245383
0.090281	0.159346
0.173401	0.308654
0.223154	1.665846
0.206013	1.335997
0.086592	0.328617
0.329390	1.670006
0.160118	0.416307
0.140486	0.161559
0.221285	0.618493
0.169518	0.414470
0.299586	1.999737
0.136628	0.416716
0.165551	0.300475
0.179044	1.055465
0.103359	0.091989
0.236880	0.397958
0.390654	1.470812
0.255191	0.995244
0.200628	0.880756
0.136209	0.189330
0.127665	0.114898
0.123797	0.168983
0.138351	0.199917
0.113069	0.174691
0.121118	0.383338
0.174178	0.330938
0.167699	0.238971
0.225219	1.075419
0.212330	0.543564
0.108199	0.112527
0.095892	0.221032
0.102204	0.173236
0.071922	0.115075
0.111562	0.331339
0.190041	0.457048
0.090225	0.297290
0.088348	0.204968
0.085964	0.158603
0.274367	1.301873
0.083946	0.241344
0.120643	0.384248
0.084038	0.142024
0.073313	0.175217
0.073630	0.110077
0.103542	0.268175
0.126191	0.893429
0.131613	0.471176
0.057387	0.106453
0.111740	0.292201
0.088955	0.129429
0.152909	0.180433
0.082020	0.114417
0.090759	0.150661
0.189084	0.385731
0.256859	0.521423
0.083981	0.154945
0.274622	0.893894
0.231498	0.759312
0.178953	0.356116
0.082695	0.394043
0.370250	2.576939
0.086927	0.199062
0.087177	0.175661
0.124344	0.418418
0.256239	2.731513
0.087559	0.112951
0.276986	0.553973
0.075267	0.136987
0.248963	1.313282
0.090312	0.097537
0.074826	0.236823
0.180514	0.906179
0.161537	0.383651
0.243919	0.490277
0.071624	0.125342
0.088576	0.251998
0.131391	0.674694
0.054983	0.234776
0.205235	0.503853
0.202826	0.685550
0.080960	0.136822
0.138739	1.096735
0.125593	1.326260
0.135294	0.251646
0.076662	0.093527
0.073743	0.169608
0.204994	0.567834
0.113417	0.306226
0.115779	0.387280
0.123679	0.147797
0.126942	0.213262
0.339264	2.269677
0.173869	0.365994
0.129054	0.271658
0.112902	0.192498
0.153878	0.316219
0.317866	1.958053
0.094503	0.376122
0.117487	0.363036
0.118091	0.287551
0.095859	0.105445
0.115328	0.126861
0.175257	0.252370
0.177439	0.624586
0.112889	0.174414
0.098045	0.272075
0.118835	0.294712
0.112657	0.223061
0.313398	1.211285
0.164459	0.472818
0.093603	0.225115
0.191039	1.202592
0.230807	0.628948
0.164225	0.436016
0.171717	0.528888
0.120491	0.174711
0.177255	0.517584
0.094021	0.612078
0.088938	0.128516
0.165766	0.321587
0.107282	0.344911
0.085760	0.168947
0.125020	0.196907
0.201588	0.577551
0.206463	0.752556
0.153331	0.306661
0.165935	0.254710
0.269665	0.636409
0.107713	0.340372
0.074149	0.196867
0.251083	0.841128
0.089326	0.542208
0.065920	0.138762
0.096224	0.191485
0.081348	0.158223
0.285569	0.736769
0.107819	0.153103
0.176868	0.405029
0.104930	0.112800
0.141873	0.326309
0.196035	0.697886
0.244239	0.915897
0.141161	0.315495
0.130093	0.297913
0.086397	0.192232
0.126004	0.250748
0.123921	0.439920
0.109463	0.157080
0.100230	0.348300
0.085251	0.135550
0.161119	0.414076
0.081824	0.121509
0.138063	0.757967
0.222422	0.316952
0.135316	0.357912
0.135838	0.757295
0.176512	2.156974
0.087275	0.156658
0.119496	0.146382
0.154091	0.879862
0.137289	0.231333
0.095483	0.194785
0.141442	0.377650
0.148647	0.217025
0.088630	0.253926
0.064884	0.091811
0.089434	0.204803
0.098731	0.163893
0.199229	0.686343
0.083322	0.169976
0.184915	0.531631
0.081331	0.106544
0.063370	0.123571
0.163551	0.417054
0.130707	0.457475
0.114184	0.325426
0.072196	0.247994
0.111142	0.200611
0.114877	0.234924
0.080591	0.220012
0.077021	0.197558
0.298473	1.877397
0.141487	0.271654
0.068876	0.164615
0.210044	1.291771
0.081469	0.102651
0.289765	0.440442
0.124957	0.134953
0.307857	1.042097
0.088525	0.101803
0.103960	0.285891
0.055209	0.094131
0.136346	0.631965
0.130260	0.288525
0.217620	0.731202
0.171748	0.801202
0.056013	0.102783
0.086919	0.096045
0.077376	0.163651
0.159112	0.640427
0.098208	0.174319
0.099575	0.216078
0.093293	0.238831
0.260237	3.617299
0.085909	0.211336
0.184724	0.456267
0.169075	0.233324
0.159051	0.285497
0.173594	0.205709
0.095574	0.315873
0.107643	0.127019
0.093995	0.117494
0.142497	0.232271
0.145310	0.374899
0.106485	0.162389
0.116726	0.372940
0.117589	0.126408
0.229039	0.480981
0.256941	0.747699
0.324178	0.803962
0.132384	0.366041
0.211003	0.277469
0.148068	0.220621
0.296000	0.886520
0.140600	0.165908
0.144180	0.484445
0.176274	0.174512
0.150452	0.309179
0.085568	0.090702
0.220486	1.057231
0.094460	0.272044
0.166404	0.500043
0.071623	0.083083
0.097333	0.123613
0.134224	0.255697
0.095878	0.164910
0.162623	1.047294
0.215595	0.353576
0.333248	1.238015
0.101295	0.121554
0.210949	0.375490
0.117158	0.132974
0.094274	0.181477
0.421294	2.401377
0.236122	0.990530
0.237047	0.592618
0.187490	0.664652
0.212128	0.750933
0.082577	0.161851
0.199231	1.499210
0.316562	1.619216
0.088754	0.100736
0.137476	0.514847
0.251882	1.743024
0.125534	0.346473
0.078878	0.103331
0.072868	0.190913
0.048719	0.200967
0.147863	0.132337
0.143123	0.420782
0.232589	1.600213
0.119026	0.276141
0.174208	0.848394
0.141626	0.174908
0.117127	0.142895
0.117716	0.228957
0.123408	0.142536
0.064506	0.127077
0.080629	0.158033
0.061743	0.132438
0.194597	1.250283
0.081917	0.251077
0.174389	0.409814
0.144142	0.495850
0.087314	0.199511
0.293601	2.322387
0.164259	0.406542
0.068348	0.148315
0.167336	1.065932
0.130670	0.312302
0.071612	0.113505
0.197208	0.442733
0.188619	0.506443
0.076774	0.145103
0.100308	0.144945
0.099543	0.305101
0.155264	0.389712
0.095944	0.201963
0.138635	0.327178
0.181309	0.408853
0.110809	0.118011
0.220137	0.543738
0.214402	0.685014
0.206518	1.292801
0.092840	0.279914
0.164803	0.354327
0.217082	0.531851
0.124676	0.269301
0.141856	1.290181
0.065494	0.149326
0.096498	0.214226
0.130263	0.343895
0.137807	1.008744
0.105701	0.234127
0.135699	0.372493
0.096505	0.135106
0.239021	0.552139
0.140470	0.226156
0.204080	0.627546
0.097552	0.165351
0.093203	0.240465
0.106967	0.142800
0.096330	0.125228
0.173141	0.252786
0.112095	0.334044
0.097728	0.169070
0.108779	0.138694
0.197878	0.947835
0.099299	0.292932
0.072446	0.119898
0.193266	1.815731
0.088973	0.205527
0.107241	0.186599
0.114801	0.150964
0.160298	0.609134
0.306700	1.998152
0.130215	0.161466
0.232128	1.152514
0.268271	1.334650
0.247093	0.580670
0.066508	0.088455
0.182565	0.460977
0.108058	0.320391
0.196694	0.649089
0.046791	0.105983
0.080781	0.174487
0.105570	0.191082
0.102461	0.207484
0.110455	0.217597
0.130665	0.294650
0.222768	0.963474
0.124365	0.452066
0.159069	0.364267
0.075406	0.115749
0.062324	0.078839
0.085433	0.129004
0.125676	0.799302
0.123448	0.214799
0.144779	0.589251
0.163637	0.381275
0.089090	0.125617
0.124668	0.723075
0.160687	0.242637
0.141023	0.337750
0.070218	0.129903
0.054551	0.093828
0.204618	1.146884
0.227019	0.748028
0.170700	0.412240
0.086785	0.111519
0.089995	0.189440
0.083309	0.178698
0.152480	0.516908
0.132097	0.184936
0.098510	0.194556
0.143085	0.235375
0.127482	0.450013
0.077171	0.160902
0.075830	0.198674
0.261367	0.819384
0.185821	0.898447
0.112031	0.118192
0.238091	0.895221
0.189159	0.352782
0.123927	0.622733
0.083950	0.171677
0.063058	0.112243
0.080815	0.143447
0.127735	0.186493
0.106509	0.259351
0.083699	0.157773
0.116851	0.184624
0.168661	0.463818
0.160473	0.581713
0.110134	0.182822
0.150750	0.144720
0.248925	0.660896
0.129605	0.279946
0.332784	1.943461
0.123653	0.116852
0.177555	0.861140
0.105134	0.146662
0.123302	0.302706
0.160263	0.541689
0.256643	1.568091
0.121913	0.255407
0.212052	0.795196
0.139070	0.508302
0.047633	0.132181
0.087420	0.223794
0.098313	0.130756
0.103481	0.259737
0.258722	0.686908
0.168846	0.979309
0.121474	0.272710
0.187189	0.315413
0.170845	0.260538
0.305968	1.358498
0.207748	0.695954
0.083158	0.106026
0.095690	0.189467
0.055341	0.165470
0.248545	0.477207
0.068062	0.183086
0.066360	0.095890
0.096448	0.175536
0.135421	0.415744
0.249256	2.213393
0.246297	1.588618
0.186672	1.013630
0.093768	0.167375
0.092010	0.150896
0.097991	0.202351
0.123559	0.849471
0.070190	0.099319
0.230570	1.993282
0.120949	0.203798
0.119202	0.203835
0.153436	0.270815
0.117258	0.215755
0.126264	0.565031
0.090103	0.193722
0.124014	0.533879
0.198785	1.634013
0.277420	2.672942
0.069004	0.136629
0.122785	0.401507
0.115757	0.358269
0.124806	0.412483
0.197150	0.708754
0.123110	0.159427
0.093883	0.152559
0.064651	0.409241
0.146869	0.334127
0.098818	0.206035
0.203297	0.358818
0.162240	0.767395
0.122552	0.175249
0.201181	1.899149
0.104455	0.171828
0.119202	0.295620
0.280951	0.984732
0.117397	0.250056
0.171433	0.701160
0.107297	0.144850
0.091104	0.199974
0.133408	0.121401
0.127749	0.255498
0.161885	0.526934
0.083811	0.122783
0.067109	0.120126
0.145989	0.544539
0.098498	0.149717
0.099387	0.143118
0.079126	0.115920
0.091633	0.158983
0.084443	0.219130
0.392989	2.057299
0.202198	0.981671
0.154541	1.287326
0.096940	0.248651
0.072219	0.167549
0.125024	0.608243
0.235358	1.388611
0.082464	0.166577
0.125240	0.580488
0.077193	0.139719
0.092610	0.303298
0.173493	0.373010
0.165046	0.415916
0.085425	0.146931
0.118329	0.245533
0.094580	0.136668
0.256518	1.441630
0.120689	0.147844
0.104531	0.142685
0.134895	0.299468
0.186121	0.607686
0.113207	0.249621
0.123535	0.171096
0.173529	0.593470
0.136487	0.449041
0.151083	0.197919
0.154656	0.370402
0.073344	0.093513
0.108812	0.176275
0.117634	0.408190
0.102873	0.229921
0.122549	0.248775
0.075202	0.095131
0.096273	0.119379
0.138158	0.218289
0.063842	0.119704
0.116339	0.346691
0.123551	0.199535
0.100284	0.278288
0.128234	0.188504
0.224421	0.637356
0.148569	0.606163
0.111408	0.270721
0.182096	0.801224
0.148907	0.238251
0.281991	1.761034
0.148855	0.464429
0.069481	0.146604
0.100109	0.201219
0.154105	0.398361
0.144731	0.343737
0.111915	0.255165
0.204911	0.642395
0.115305	0.294605
0.103802	0.356042
0.111459	0.346079
0.122852	0.329858
0.128408	0.259384
0.075100	0.119784
0.063738	0.126839
0.178979	0.883262
0.071184	0.220671
0.113444	0.461150
0.176094	2.370222
0.101858	0.197094
0.184202	0.523132
0.258495	1.088263
0.113482	0.267817
0.119632	0.169279
0.145573	0.612135
0.317784	1.347403
0.279250	0.749787
0.224410	0.451065
0.173004	0.496521
0.118966	0.272432
0.112734	0.267180
0.135264	0.355069
0.233316	0.586789
0.157588	0.403426
0.233701	0.549198
0.274238	1.042105
0.126049	0.225627
0.196073	0.492144
0.135314	0.371437
0.155398	0.560210
0.134906	0.332543
0.124473	0.178619
0.091752	0.130747
0.151942	0.303884
0.082967	0.170497
0.217865	0.549020
0.126057	0.228793
0.275218	1.109127
0.158858	0.236699
0.134440	0.405336
0.239533	0.728181
0.080113	0.095735
0.110625	0.108966
0.118015	0.250781
0.110048	0.152416
0.107598	0.262540
0.221577	0.761117
0.155796	0.185397
0.347757	1.660538
0.114338	0.381889
0.474569	2.161660
0.085104	0.151485
0.125254	0.177860
0.308012	1.704847
0.071706	0.136959
0.089614	0.155033
0.104865	0.178271
0.057366	0.148864
0.092318	0.097396
0.100298	0.526065
0.126066	0.341638
0.320828	1.236793
0.136579	0.820157
0.242546	1.540168
0.200036	0.993180
0.176441	0.297302
0.171722	0.412992
0.068294	0.100733
0.138239	0.648342
0.272183	1.152695
0.295824	2.576631
0.155578	0.198362
0.096323	0.178197
0.086003	0.128145
0.092009	0.126053
0.087265	0.157078
0.176311	0.287386
0.216176	0.450727
0.104900	0.170986
0.069756	0.140210
0.159178	0.342232
0.223122	1.214899
0.105499	0.261638
0.240604	0.508877
0.120643	0.211125
0.175061	0.249462
0.318331	1.362457
0.145046	0.214668
0.180750	0.357885
0.084851	0.149763
0.101918	0.141667
0.395613	1.568607
0.211455	1.217981
0.104567	0.177241
0.092400	0.115039
0.102228	0.175322
0.144567	0.247933
0.229696	0.375553
0.071918	0.094213
0.291532	2.120893
0.221583	0.484160
0.412419	1.901251
0.124244	0.167730
0.109643	0.239571
0.126954	0.295803
0.178877	0.594766
0.124506	0.188004
0.116168	0.651124
0.119056	0.428602
0.132128	0.361371
0.129122	0.247914
0.128590	0.252036
0.235594	0.473543
0.123306	0.147351
0.194357	0.195329
0.355966	0.614041
0.243340	1.073128
0.151517	0.161366
0.292230	0.759799
0.229533	0.471689
0.172272	0.262714
0.156095	0.403507
0.154967	0.308385
0.090750	0.235042
0.117162	0.328053
0.076585	0.124067
0.063135	0.218132
0.161578	0.284377
0.148258	0.518162
0.133875	0.213531
0.110223	0.242491
0.221488	0.472877
0.084881	0.131989
0.111094	0.102762
0.127425	0.203880
0.111452	0.342714
0.233189	0.552659
0.138830	0.222128
0.153069	0.314556
0.129126	0.116859
0.140270	0.359092
0.057585	0.153465
0.105415	0.158122
0.121045	0.205170
0.176712	0.950711
0.160036	0.424897
0.234928	0.764691
0.329941	2.283192
0.141865	0.565331
0.262946	1.314731
0.173684	0.303947
0.156699	0.470096
0.160424	0.392236
0.109709	0.221612
0.225918	0.462003
0.098735	0.125887
0.165266	0.816413
0.128007	0.378261
0.125133	0.140149
0.175967	0.207641
0.149530	0.307284
0.315868	1.271367
0.096050	0.147916
0.170442	0.819824
0.154104	0.158727
0.274509	0.580586
0.334754	2.996049
0.100646	0.501720
0.134733	0.211531
0.266710	1.276205
0.113909	0.198771
0.166941	0.325536
0.074558	0.157318
0.210702	1.339013
0.165232	0.363509
0.187012	0.430128
0.129052	0.218743
0.264085	1.154053
0.299923	2.196938
0.073370	0.124729
0.070366	0.117863
0.277838	1.530885
0.092764	0.106679
0.088514	0.162424
0.044970	0.207537
0.118314	0.293419
0.119242	1.275891
0.038590	0.207810
0.097248	0.230964
0.211882	0.495803
0.065293	0.139726
0.278260	1.736339
0.054662	0.124628
0.168756	0.297010
0.138745	0.345476
0.150649	0.668883
0.026401	0.101645
0.100506	0.226641
0.085520	0.189427
0.049042	0.111816
0.130710	0.480360
0.095621	0.295468
0.068194	0.115247
0.060699	0.101064
0.173819	0.506683
0.093961	0.156915
0.110673	0.306564
0.159796	0.728670
0.137464	0.353969
0.322139	1.626804
0.131692	0.312770
0.117296	0.177704
0.161774	0.457820
0.167567	0.204432
0.414290	1.027440
0.141353	0.453037
0.177961	0.222451
0.096032	0.142127
0.188810	0.514507
0.091712	0.210020
0.304794	1.077448
0.118433	0.222654
0.157996	0.247264
0.150216	0.361270
0.187100	0.213294
0.262546	1.219527
0.131720	0.644770
0.190361	0.318854
0.136086	0.148333
0.263961	1.032088
0.344459	3.019183
0.163211	0.399052
0.153199	0.401381
0.223492	1.340950
0.103957	0.207914
0.069331	0.136582
0.280333	1.027422
0.131208	0.224366
0.240849	0.771920
0.091099	0.153502
0.103322	0.145685
0.155387	0.253280
0.151442	0.959385
0.165877	0.674288
0.195596	0.501703
0.100753	0.202513
0.359801	2.128226
0.116738	0.176274
0.136838	0.298308
0.114548	0.234251
0.159937	0.335868
0.162240	0.336648
0.171030	0.554991
0.107137	0.226058
0.098191	0.131086
0.136033	0.550933
0.139491	0.265033
0.086786	0.140594
0.066402	0.114876
0.305804	2.438786
0.067898	0.115088
0.200017	1.130097
0.195982	1.194512
0.102421	0.228910
0.353036	1.219739
0.138322	0.592020
0.123828	0.200602
0.182387	0.931998
0.093154	0.170472
0.136059	0.421784
0.198707	0.635861
0.060235	0.133119
0.077828	0.221032
0.102414	0.251938
0.304556	1.662877
0.259363	1.285143
0.144324	0.582349
0.134351	0.448061
0.095383	0.165489
0.211453	1.143961
0.095367	0.151633
0.162483	0.472014
0.224623	0.686224
0.147279	0.649501
0.203820	0.935533
0.214676	0.632220
0.104647	0.151739
0.170829	0.415970
0.132991	0.246033
0.303104	2.829479
0.128311	0.284210
0.060224	0.160195
0.149369	0.166546
0.096331	0.156056
0.083412	0.228967
0.117339	0.430049
0.197157	0.150825
0.098392	0.296159
0.079755	0.179049
0.063726	0.097501
0.067171	0.106130
0.128274	0.139177
0.229301	0.720006
0.168821	0.975783
0.063299	0.121218
0.277625	1.013330
0.141332	0.578050
0.072883	0.115520
0.108536	0.129158
0.162054	0.676576
0.127148	0.177371
0.192717	0.626329
0.122407	0.133423
0.256411	1.375643
0.160297	0.400743
0.157254	0.456823
0.297333	2.579360
0.154657	0.358805
0.153788	0.622073
0.119319	0.306649
0.176217	0.541867
0.151893	0.328089
0.164029	0.340361
0.106449	0.196930
0.192196	0.622716
0.168575	0.685258
0.064741	0.093551
0.108774	0.280092
0.211675	0.929253
0.181072	0.498853
0.112994	0.130508
0.121785	0.113260
0.115747	0.184616
0.209205	0.744770
0.214574	0.855079
0.087675	0.143348
0.146636	0.379787
0.277331	2.258860
0.135178	0.400128
0.413967	2.647320
0.155061	0.679165
0.101928	0.219145
0.165516	0.177929
0.163571	0.442461
0.077025	0.131713
0.171496	0.249527
0.085495	0.112426
0.117755	0.266714
0.172672	0.481754
0.130023	0.229491
0.111867	0.110189
0.192477	0.181891
0.252753	1.028706
0.111570	0.138904
0.149814	0.301126
0.303758	1.436775
0.083959	0.110406
0.152881	0.255311
0.175909	0.233080
0.103580	0.222697
0.125065	0.247629
0.092525	0.129072
0.192859	0.706829
0.208466	0.759859
0.144411	0.236111
0.193488	0.356986
0.073949	0.173410
0.162302	0.419552
0.247710	1.101072
0.076795	0.258799
0.067266	0.348104
0.178811	0.253017
0.134704	0.389296
0.112698	0.457556
0.268354	1.200884
0.110533	0.113296
0.152307	0.189622
0.083500	0.242985
0.178892	1.110921
0.108869	0.281425
0.226013	0.481408
0.157791	0.644576
0.215573	0.744806
0.073235	0.121203
0.151498	0.237852
0.115215	0.184921
0.245784	2.255069
0.099206	0.161209
0.135905	0.293556
0.164229	0.476265
0.072639	0.207384
0.139100	0.263594
0.306124	2.602057
0.107709	0.376442
0.094728	0.150144
0.103595	0.410756
0.104370	0.304237
0.090785	0.108942
0.085874	0.125376
0.076792	0.171631
0.171401	0.467068
0.082337	0.220252
0.145618	0.942876
0.317851	0.985338
0.207567	1.182096
0.069700	0.280543
0.157324	0.304423
0.124160	0.151476
0.085536	0.121889
0.135457	0.236373
0.215142	1.659817
0.147710	0.353028
0.146249	0.563057
0.145469	0.312759
0.113214	0.301150
0.122685	0.201817
0.160559	0.198291
0.123059	0.167360
0.400176	1.482652
0.147561	0.212488
0.159267	0.455505
0.164237	0.433587
0.112735	0.126827
0.153690	0.209019
0.111136	0.341186
0.302286	1.095787
0.097384	0.099331
0.127341	0.265506
0.079089	0.150665
0.129024	0.254823
0.080051	0.218940
0.147222	0.329041
0.256553	1.194254
0.206634	0.335780
0.247241	0.856691
0.269596	1.120170
0.116755	0.205488
0.099420	0.191384
0.280833	0.737186
0.118094	0.198989
0.335380	1.524301
0.264795	1.284255
0.156622	0.399387
0.099125	0.121428
0.135817	0.207800
0.125850	0.251701
0.221590	0.910734
0.076845	0.171748
0.137362	0.353020
0.116835	0.477854
0.072418	0.112248
0.093417	0.109764
0.165998	0.529533
0.150751	0.299995
0.201226	0.379312
0.175270	0.234862
0.061805	0.137517
0.115646	0.350984
0.087063	0.101864
0.208298	0.570736
0.162669	0.517287
0.153271	0.339495
0.085375	0.139161
0.100854	0.189605
0.106807	0.209342
0.106188	0.214499
0.164979	0.509785
0.273828	1.230859
0.184152	0.663867
0.035218	0.079944
0.213178	0.527617
0.186106	0.444794
0.214715	1.229246
0.208320	0.878070
0.215002	0.555780
0.199895	0.667649
0.129839	0.338879
0.124519	0.776998
0.120463	0.275861
0.230182	0.890803
0.098207	0.121777
0.205304	0.940294
0.154723	0.536890
0.214309	1.630890
0.180052	1.443113
0.161104	0.583198
0.102401	0.167938
0.149593	0.434569
0.112603	0.135686
0.205266	0.517271
0.353256	2.396840
0.166872	0.355437
0.196759	0.584373
0.103952	0.132020
0.387470	1.079104
0.209989	0.769610
0.125194	0.203440
0.121549	0.180500
0.268251	0.725619
0.078745	0.202375
0.338590	1.352666
0.183733	0.246203
0.267120	0.609034
0.151044	0.242425
0.130298	0.576570
0.213018	0.403669
0.137901	0.378537
0.091999	0.151798
0.197689	0.186816
0.373672	1.816044
0.199885	0.834518
0.094006	0.127848
0.108075	0.331791
0.249727	1.811768
0.264837	1.618155
0.077996	0.197719
0.138834	0.225605
0.169970	0.673080
0.223651	0.342186
0.099291	0.164824
0.404140	1.937853
0.145619	0.213332
0.099279	0.156365
0.111696	0.239587
0.267295	1.824290
0.091986	0.156376
0.149209	0.303640
0.195852	0.378973
0.147421	0.642020
0.131976	0.417045
0.108470	0.260870
0.090203	0.261587
0.086473	0.192834
0.221787	1.322958
0.304087	1.678559
0.164752	1.001690
0.074014	0.178003
0.080874	0.124141
0.092550	0.208700
0.213577	0.829746
0.376455	1.869098
0.135182	0.219671
0.161644	0.367741
0.175183	0.589491
0.102289	0.304309
0.154483	0.614071
0.101457	0.208494
0.324212	1.053689
0.143080	0.224636
0.140965	0.279110
0.186482	1.007934
0.326783	1.566923
0.129184	0.180857
0.194834	0.948839
0.451809	1.936003
0.148416	0.414824
0.113449	0.299506
0.167748	0.474726
0.245208	0.205975
0.185607	0.452882
0.098664	0.177595
0.093140	0.187212
0.117293	0.141338
0.176631	0.604079
0.092691	0.157575
0.224647	0.356066
0.101104	0.177437
0.160728	0.282078
0.258620	1.915083
0.084304	0.338480
0.133799	0.198023
0.150181	0.600725
0.231954	1.079744
0.164419	0.454618
0.195550	1.293560
0.120238	0.390174
0.270344	2.024879
0.081071	0.126876
0.079255	0.091936
0.097886	0.133614
0.168145	0.242970
0.167738	1.206036
0.057892	0.107389
0.101011	0.158587
0.189864	0.808819
0.095942	0.160224
0.065180	0.116021
0.105142	0.181896
0.148456	0.457245
0.105623	0.225505
0.140776	0.230872
0.075730	0.094284
0.089474	0.146290
0.138056	0.404503
0.066871	0.155809
0.189324	0.388115
0.233498	0.921151
0.230051	0.586631
0.105261	0.204207
0.089524	0.128467
0.117129	0.163980
0.198250	0.685945
0.219556	0.495098
0.120428	0.155954
0.161465	0.288216
0.107677	0.141595
0.212277	0.652753
0.247204	0.684754
0.164699	0.172934
0.166560	0.702051
0.205435	0.406762
0.132410	0.276074
0.145564	0.267110
0.156949	0.334301
0.112210	0.143067
0.127053	0.219166
0.190240	0.416626
0.068401	0.222986
0.251915	1.243201
0.122712	0.192658
0.088803	0.119440
0.309201	1.419233
0.215445	1.173099
0.090057	0.126080
0.118276	0.221768
0.193475	0.406298
0.144131	0.226285
0.149430	0.280928
0.134487	0.251490
0.270913	1.746031
0.219682	0.730444
0.077370	0.288202
0.086870	0.155497
0.187567	0.781217
0.091442	0.162766
0.070696	0.102509
0.258011	2.705247
0.233441	2.029772
0.124398	0.421710
0.203541	0.687968
0.152678	0.548877
0.068617	0.210997
0.206406	0.415907
0.188684	1.318900
0.104454	0.178616
0.171158	0.326057
0.158992	0.729775
0.203384	1.056579
0.073049	0.149384
0.122990	0.238601
0.115524	0.690834
0.094680	0.246640
0.111310	0.943352
0.087579	0.148885
0.079311	0.103104
0.105993	0.252263
0.145046	0.324178
0.343845	1.328962
0.205472	2.044442
0.053829	0.087473
0.122550	0.163605
0.070665	0.088331
0.098865	0.294123
0.161819	0.748413
0.135018	0.347671
0.075822	0.141030
0.174101	0.489224
0.155319	0.483819
0.124401	0.396219
0.205077	0.712644
0.119627	0.226693
0.125317	0.172310
0.132890	0.334882
0.112460	0.173750
0.064039	0.138324
0.094964	0.173784
0.206566	1.264181
0.203361	0.418923
0.101608	0.149363
0.174382	0.619929
0.068473	0.090726
0.095433	0.144104
0.158191	0.662030
0.198557	0.695942
0.076434	0.217836
0.153109	0.381242
0.178510	0.953241
0.083673	0.121326
0.135318	0.297023
0.115855	0.247929
0.097118	0.183554
0.207924	0.632090
0.087360	0.174720
0.135703	0.279548
0.141329	0.337070
0.166144	0.362194
0.171509	0.312146
0.306415	1.279283
0.079962	0.159923
0.172141	0.294362
0.152300	0.667074
0.144214	0.249490
0.115699	0.312388
0.215517	0.515086
0.099223	0.150819
0.130499	0.621828
0.134709	0.401433
0.097808	0.155026
0.161253	0.337826
0.205603	0.196351
0.132787	0.166648
0.170329	0.579119
0.159110	0.671445
0.068315	0.191964
0.284473	1.523355
0.075907	0.251630
0.212725	0.457359
0.090515	0.338525
0.298673	1.155863
0.160379	0.855624
0.092432	0.191796
0.223320	0.908911
0.200420	0.685436
0.072580	0.219554
0.116557	0.199894
0.186702	0.375272
0.158457	0.873098
0.131949	0.290289
0.114562	0.226833
0.138130	0.196144
0.077765	0.344111
0.093657	0.147978
0.297099	0.975971
0.074688	0.178505
0.160156	0.359550
0.127917	0.136871
0.107846	0.173093
0.209721	0.255860
0.211625	0.423250
0.180536	0.666179
0.088063	0.260226
0.186035	0.381371
0.145688	0.317601
0.154063	0.286557
0.171708	0.473056
0.123677	0.131716
0.177864	0.917776
0.197346	0.264444
0.206312	0.492054
0.276675	0.854925
0.078191	0.148954
0.194396	0.326585
0.149351	0.205357
0.141639	0.180589
0.183406	1.139871
0.212694	2.054622
0.165616	0.250080
0.337490	1.824136
0.063549	0.111847
0.119329	0.353810
0.076318	0.105319
0.076463	0.185423
0.111035	0.115476
0.102804	0.300701
0.153121	0.413427
0.279953	1.374568
0.060703	0.103802
0.123534	0.144534
0.051866	0.136407
0.317935	1.913968
0.334542	1.722890
0.284384	1.713416
0.035646	0.098383
0.126822	0.601769
0.105798	0.323214
0.139097	0.542479
0.121949	0.219509
0.074713	0.144570
0.093922	0.199115
0.124973	0.304934
0.191212	1.287816
0.166615	0.290744
0.145864	0.376330
0.074678	0.116871
0.091471	0.135378
0.101755	0.133808
0.081287	0.221507
0.093907	0.180771
0.134648	0.410677
0.212631	0.247716
0.091903	0.160830
0.085604	0.148523
0.082839	0.130885
0.069401	0.103061
0.043336	0.121774
0.108318	0.298958
0.092028	0.253076
0.124976	0.114978
0.343105	2.039762
0.070052	0.162520
0.160568	0.460028
0.108557	0.357154
0.251827	1.594064
0.162130	1.040875
0.091985	0.169253
0.078504	0.226876
0.077530	0.126761
0.108183	0.217989
0.310688	1.278481
0.199188	0.987971
0.168227	1.048895
0.087862	0.498176
0.114001	0.271892
0.152743	0.555985
0.082426	0.252223
0.075533	0.165039
0.113766	0.153584
0.116538	0.363015
0.197353	0.349314
0.112471	0.328416
0.327167	3.008305
0.066460	0.126607
0.240302	0.388088
0.195263	1.121787
0.150782	0.364137
0.090192	0.124014
0.108876	0.132285
0.089024	0.226566
0.162293	0.383012
0.119639	0.331400
0.065118	0.103864
0.145619	0.556992
0.123482	0.183988
0.158652	0.615570
0.065561	0.174065
0.083066	0.195206
0.109224	0.261591
0.074050	0.125145
0.210509	0.627317
0.148887	0.334251
0.106720	0.136068
0.201839	1.157548
0.158407	0.313646
0.263964	0.733820
0.155709	0.355795
0.238290	1.782412
0.208143	1.135418
0.114356	0.186400
0.108327	0.271900
0.196203	0.494431
0.167296	0.726903
0.401454	2.085551
0.227705	0.245922
0.132127	0.517937
0.076777	0.082919
0.077887	0.080223
0.227389	0.389971
0.146221	0.309257
0.101995	0.133613
0.142235	0.416038
0.115301	0.343020
0.198574	0.376298
0.227369	0.894695
0.170894	0.364858
0.211259	0.647508
0.127772	0.200603
0.147713	0.265145
0.229748	0.736344
0.111522	0.197394
0.136813	0.317405
0.207564	0.342480
0.087202	0.107695
0.081968	0.218034
0.085808	0.114983
0.078150	0.144187
0.138540	0.293012
0.184285	0.411877
0.081311	0.132536
0.072612	0.106739
0.083591	0.121207
0.285341	1.482345
0.073867	0.109323
0.105095	0.195477
0.086985	0.175275
0.078424	0.397609
0.122473	0.436003
0.048726	0.167374
0.119625	0.316407
0.235998	1.264950
0.114691	0.367011
0.060299	0.135974
0.107249	0.144786
0.099390	0.144115
0.163194	0.359027
0.167623	0.347817
0.197026	1.292490
0.106212	0.135420
0.119273	0.344102
0.096113	0.296027
0.083062	0.175676
0.098854	0.308424
0.114227	0.228454
0.182561	0.411674
0.088568	0.287402
0.111250	0.150188
0.117604	0.316353
0.085137	0.115786
0.115768	0.248901
0.311230	2.905334
0.156547	0.850052
0.115697	0.157349
0.148812	0.476200
0.090310	0.168880
0.075972	0.092686
0.145451	0.337446
0.071602	0.127452
0.230435	0.544980
0.175388	1.190009
0.165065	1.232208
0.364646	1.983676
0.242702	0.558216
0.127445	0.184157
0.280659	0.882674
0.216993	0.634704
0.202563	0.778857
0.112815	0.244809
0.169078	0.760004
0.095749	0.163251
0.138927	0.298693
0.075554	0.143930
0.085761	0.142363
0.128319	0.548565
0.189573	0.887204
0.401627	1.562327
0.106438	0.140498
0.107161	0.186461
0.117739	0.234301
0.117514	0.227976
0.092504	0.219696
0.115507	0.274908
0.140237	0.561650
0.131995	0.435584
0.113948	0.388562
0.095215	0.294692
0.082749	0.208527
0.121379	0.324689
0.127081	0.606175
0.115730	0.256920
0.188182	0.963491
0.153444	0.592295
0.238794	1.399331
0.240297	1.458601
0.125516	0.289942
0.086780	0.186143
0.092911	0.184894
0.172996	0.566563
0.186248	0.449789
0.147742	0.748311
0.162280	0.734316
0.102699	0.194615
0.141351	0.637491
0.128392	0.254217
0.156610	0.363334
0.091457	0.138100
0.258154	1.569575
0.361203	1.316585
0.077682	0.112250
0.083289	0.104528
0.100389	0.139039
0.141322	0.788577
0.119484	0.202526
0.123316	0.196689
0.112453	0.256956
0.208492	1.133157
0.208146	0.763897
0.138210	0.465075
0.149549	0.262459
0.079859	0.176488
0.094454	0.210633
0.239165	1.000907
0.176933	0.306979
0.095705	0.132073
0.124587	0.254781
0.161900	0.637887
0.301332	1.378596
0.061455	0.137044
0.309457	0.982525
0.195319	0.724634
0.196643	0.954704
0.061938	0.096314
0.265667	1.109159
0.262352	0.994314
0.119785	0.226394
0.130532	0.443157
0.075794	0.114070
0.214783	0.786106
0.154756	0.372189
0.062214	0.112607
0.161186	1.284653
0.225659	1.531096
0.100053	0.188100
0.246626	1.351513
0.183861	0.348417
0.039333	0.073945
0.100209	0.173863
0.083597	0.172210
0.136421	0.119368
0.293202	0.683161
0.104044	0.274676
0.164238	0.280027
0.216438	0.128781
0.148465	0.246452
0.120173	0.220517
0.104965	0.151149
0.079491	0.136724
0.224261	1.307440
0.196907	0.490299
0.175521	0.440557
0.229172	1.103463
0.084946	0.147381
0.131724	0.432054
0.142539	0.195992
0.130632	0.392549
0.085830	0.248049
0.073884	0.142596
0.161167	0.432734
0.186271	1.318796
0.072510	0.194690
0.094670	0.196440
0.077358	0.218922
0.112339	0.292082
0.165958	0.777515
0.325619	1.527151
0.133353	0.329383
0.071668	0.114310
0.110259	0.302660
0.172479	0.313912
0.169859	0.938470
0.094446	0.292781
0.098284	0.274703
0.116350	0.129148
0.062939	0.127452
0.042630	0.094213
0.097213	0.297471
0.161996	1.133975
0.078467	0.276598
0.092418	0.169126
0.060849	0.105269
0.165618	0.387547
0.101532	0.239108
0.145746	0.896338
0.157474	0.375575
0.154050	0.635458
0.095433	0.200886
0.115160	0.238958
0.065925	0.160527
0.097389	0.404163
0.074783	0.110305
0.071082	0.153537
0.145042	0.354627
0.115891	0.361001
0.113151	0.157280
0.116745	0.170447
0.137447	0.481753
0.121460	0.135428
0.198649	0.776717
0.083973	0.177183
0.271335	0.643064
0.088781	0.161582
0.245472	0.770783
0.299643	0.864470
0.199604	1.075867
0.084514	0.125081
0.159137	0.543454
0.317124	0.859407
0.167436	0.319804
0.183629	0.740023
0.092112	0.108232
0.220191	0.653968
0.073523	0.130871
0.163921	0.881892
0.160836	0.680338
0.364239	1.203809
0.093994	0.127832
0.259597	0.841095
0.203186	1.960747
0.110995	0.187026
0.222589	0.514180
0.119832	0.282205
0.172130	0.280572
0.166312	0.366718
0.380900	2.024483
0.219649	0.433807
0.122668	0.135548
0.194569	0.301582
0.207831	0.543479
0.103645	0.183970
0.081056	0.121584
0.221431	1.669590
0.257121	0.557953
0.247115	0.350903
0.212682	0.601890
0.205854	0.407592
0.235332	0.502434
0.186049	0.511636
0.107472	0.148849
0.127478	0.354389
0.080968	0.176914
0.132898	0.394043
0.176563	0.904884
0.066911	0.127465
0.300247	1.657364
0.086803	0.138885
0.079446	0.138237
0.121728	0.378574
0.152590	0.427253
0.085249	0.254894
0.089042	0.131782
0.160363	0.214084
0.190261	1.025505
0.118682	0.184551
0.101601	0.178817
0.069853	0.167997
0.111313	0.262699
0.153907	0.330901
0.163909	0.922807
0.154497	0.376972
0.252779	0.376641
0.253185	0.627899
0.301221	1.466946
0.165140	0.403767
0.186552	0.427204
0.084345	0.115974
0.162343	0.434268
0.307767	0.667854
0.174704	0.256815
0.233206	0.940986
0.064163	0.101698
0.226791	0.764284
0.226512	0.443963
0.238103	0.785740
0.111969	0.213301
0.172578	0.273536
0.092488	0.224747
0.089767	0.127918
0.093977	0.179026
0.160424	0.512554
0.191629	1.033841
0.270467	1.329346
0.170748	0.863983
0.110194	0.197247
0.194780	0.542461
0.120721	0.221523
0.152454	0.355218
0.073855	0.183898
0.073101	0.227708
0.092284	0.120431
0.213310	1.377981
0.102538	0.233786
0.197165	0.392358
0.138862	0.382566
0.093431	0.213022
0.091906	0.193463
0.095996	0.219352
0.096927	0.146844
0.255107	1.563803
0.102846	0.341449
0.130843	0.389257
0.099057	0.343233
0.081444	0.133568
0.064662	0.163272
0.270033	0.966718
0.091418	0.203405
0.084736	0.394868
0.108898	0.295659
0.153216	0.366953
0.148768	0.448537
0.115947	0.193632
0.056041	0.097511
0.185428	0.456153
0.174500	0.903039
0.388378	3.625510
0.204660	0.661050
0.302910	2.090079
0.119883	0.134269
0.155430	0.136002
0.199484	0.832846
0.101209	0.143717
0.104328	0.150233
0.103554	0.166722
0.267666	1.146947
0.136950	0.190360
0.090910	0.124546
0.045690	0.086125
0.121211	0.344239
0.092718	0.110798
0.094782	0.127009
0.080164	0.081367
0.141605	0.373129
0.124449	0.224630
0.321716	1.576410
0.105016	0.235761
0.115887	0.192952
0.183701	1.307034
0.130065	0.403853
0.077141	0.099897
0.189704	0.451495
0.125905	0.377715
0.155493	0.856766
0.082604	0.141252
0.081330	0.181774
0.081690	0.133971
0.070876	0.147068
0.170862	0.363936
0.135090	0.224250
0.061009	0.168690
0.115033	0.318067
0.120126	0.287701
0.188332	0.648802
0.192180	0.899404
0.083589	0.095710
0.248733	0.996176
0.295788	2.122280
0.127893	0.129812
0.156881	0.268266
0.068501	0.136317
0.084851	0.191339
0.092613	0.149570
0.088358	0.152859
0.087777	0.133859
0.328526	2.329248
0.070763	0.101545
0.099360	0.222070
0.077802	0.125261
0.134718	0.514622
0.082984	0.102070
0.205847	1.427550
0.083443	0.143104
0.317882	1.455901
0.069805	0.105406
0.117084	0.289782
0.114455	0.271258
0.194791	1.173616
0.081683	0.160098
0.102761	0.290299
0.116927	0.616203
0.161394	0.733534
0.067182	0.135036
0.141081	0.287099
0.156743	0.296244
0.170512	0.303511
0.175225	0.731565
0.172805	0.356843
0.272497	1.248034
0.140637	0.261584
0.290482	1.469838
0.130982	0.340554
0.095620	0.180244
0.145957	0.291914
0.083382	0.126324
0.221049	0.434362
0.110577	0.191298
0.126118	0.191068
0.237012	0.744217
0.112142	0.196809
0.107868	0.224904
0.139181	0.280450
0.272814	1.750100
0.067858	0.118413
0.050908	0.076617
0.083922	0.214000
0.189113	1.281240
0.149335	0.274030
0.085170	0.113703
0.103225	0.218838
0.116937	0.233873
0.271430	0.978504
0.107201	0.516173
0.189104	0.501125
0.177469	1.133140
0.077625	0.182808
0.244886	0.860774
0.178434	0.718197
0.287778	1.522347
0.103757	0.186762
0.097692	0.209061
0.087860	0.132669
0.252622	1.370476
0.073985	0.100250
0.370579	1.467491
0.113686	0.345605
0.096027	0.344738
0.091215	0.276839
0.164133	0.630270
0.137599	0.208462
0.262884	2.110962
0.179887	0.516275
0.155649	0.605476
0.088297	0.094036
0.116438	0.126335
0.185225	0.410274
0.075366	0.233259
0.093613	0.164290
0.058026	0.140134
0.118315	0.215334
0.165086	0.207183
0.045425	0.105840
0.171478	0.464706
0.041534	0.079330
0.244242	1.300587
0.245942	0.939500
0.142181	0.302135
0.238923	0.274762
0.182993	0.246125
0.099937	0.123422
0.107070	0.156322
0.345300	2.959223
0.219991	0.672072
0.212852	0.370362
0.220732	0.219628
0.331055	1.501334
0.125464	0.417167
0.084640	0.106647
0.305885	1.619659
0.279378	1.536577
0.152360	0.416704
0.219943	1.115110
0.051608	0.106570
0.101552	0.192441
0.291797	2.080513
0.079567	0.159930
0.089712	0.279452
0.145109	0.395422
0.278610	0.858118
0.036662	0.123552
0.130303	0.231940
0.185960	0.586704
0.136054	0.245578
0.118088	0.135211
0.134664	0.373694
0.134203	0.200633
0.188779	0.396436
0.245231	0.684195
0.159153	0.416184
0.174525	0.421479
0.248442	1.157738
0.119041	0.220821
0.209587	0.266175
0.186423	0.207862
0.130395	0.195592
0.170533	0.543148
0.117147	0.401814
0.198930	0.740019
0.079385	0.121856
0.079837	0.225938
0.210231	0.814644
0.119988	0.663533
0.184606	0.593509
0.096752	0.200761
0.081829	0.140745
0.183720	0.943403
0.178094	0.234194
0.120669	0.212378
0.064899	0.093455
0.125080	0.257664
0.083539	0.243515
0.139175	0.356983
0.123869	0.470701
0.075691	0.199445
0.103619	0.112944
0.136411	0.300105
0.179032	0.335684
0.146735	0.130594
0.122696	0.542317
0.142753	0.159170
0.209075	0.448466
0.089958	0.080513
0.185397	0.402311
0.108734	0.202246
0.201223	0.785776
0.152140	0.289827
0.164831	0.192028
0.283216	1.870643
0.098090	0.248658
0.179774	0.447637
0.068781	0.113488
0.073856	0.135525
0.084614	0.126921
0.140851	0.507768
0.025173	0.122216
0.109545	0.251954
0.315634	1.923788
0.088616	0.236604
0.156348	0.702784
0.193583	1.073420
0.118893	0.194389
0.284863	2.281754
0.212981	0.439805
0.235069	0.793359
0.091512	0.183940
0.108739	0.250100
0.149356	0.268840
0.069880	0.144303
0.128197	0.354464
0.113274	0.122335
0.080262	0.124808
0.076232	0.110536
0.142462	0.537083
0.094947	0.268699
0.109763	0.135557
0.140453	0.410825
0.097901	0.162516
0.174536	0.602149
0.118428	0.441146
0.164745	0.231466
0.085384	0.114414
0.221239	0.845133
0.192218	0.326771
0.100053	0.157083
0.123535	0.141448
0.291758	1.088258
0.166225	0.297542
0.150496	0.216714
0.309319	0.897026
0.245760	1.287783
0.212797	0.409635
0.102056	0.636320
0.196956	1.196506
0.124833	0.303969
0.141967	0.279675
0.135703	0.187271
0.132654	0.168471
0.227277	0.397735
0.154925	0.694838
0.199232	0.505054
0.147020	0.342556
0.126683	0.175455
0.111665	0.306521
0.328060	0.556062
0.181034	0.388317
0.132123	0.100413
0.089813	0.134720
0.208781	1.475041
0.186847	0.415734
0.129995	0.268440
0.177462	0.165040
0.166461	0.453606
0.148746	0.250636
0.224287	0.597724
0.191203	0.563093
0.181443	0.518926
0.104128	0.243659
0.093237	0.184143
0.102708	0.125817
0.073481	0.134470
0.096738	0.146074
0.177239	0.477658
0.294312	1.883595
0.146225	0.246389
0.083227	0.154386
0.184029	0.921066
0.066501	0.109061
0.133788	0.242156
0.116767	0.178654
0.101972	0.182020
0.190962	0.179504
0.114901	0.438347
0.147820	0.626755
0.097829	0.442675
0.094263	0.168259
0.224896	0.834362
0.259936	0.414599
0.310183	1.428392
0.213477	0.749303
0.061017	0.124170
0.198845	1.082709
0.118961	0.171304
0.090674	0.209456
0.118685	0.172687
0.120622	0.165855
0.128664	0.371840
0.136437	0.336999
0.097388	0.128065
0.084109	0.155602
0.106025	0.193495
0.155467	0.316375
0.049430	0.117644
0.185302	1.028426
0.040438	0.127583
0.118324	0.324207
0.093024	0.234886
0.162705	0.580045
0.086370	0.164535
0.096396	0.284849
0.156235	0.362466
0.083103	0.205264
0.283126	1.208947
0.121395	0.358722
0.237681	1.319131
0.412211	2.508302
0.276946	0.490194
0.115852	0.114115
0.159470	0.330900
0.155713	0.308312
0.099226	0.179103
0.209767	0.674400
0.095549	0.214507
0.124906	0.334123
0.198130	0.633024
0.142179	0.441465
0.100251	0.141354
0.182600	0.545060
0.091167	0.123987
0.109025	0.203877
0.127843	0.147658
0.242272	0.718338
0.093929	0.154514
0.088827	0.115919
0.121181	0.121787
0.131237	0.377305
0.158819	1.213379
0.132482	0.214621
0.158681	0.456209
0.152626	0.331197
0.133315	0.387280
0.063604	0.218479
0.122877	0.317024
0.177948	1.069469
0.071940	0.160786
0.077954	0.182801
0.156714	0.365145
0.083518	0.136969
0.241853	0.540541
0.041990	0.078731
0.171585	0.222202
0.068124	0.198242
0.060238	0.110537
0.151201	0.337935
0.065068	0.179587
0.043450	0.111015
0.223418	1.143903
0.243709	0.676292
0.150794	0.256350
0.199116	0.238939
0.149543	0.280394
0.151707	0.160810
0.420433	1.706958
0.249469	1.095170
0.282650	2.090200
0.109270	0.149700
0.194090	0.372653
0.136132	0.201475
0.215810	0.452122
0.137541	0.222816
0.090098	0.168483
0.111515	0.187346
0.145068	0.361219
0.191217	0.495253
0.148708	0.316005
0.099898	0.116382
0.332067	0.363613
0.094482	0.123771
0.161991	0.289964
0.247698	1.045284
0.089873	0.163120
0.165695	0.972632
0.135253	0.328664
0.058174	0.137001
0.104405	0.200980
0.054138	0.125600
0.187769	0.519182
0.077987	0.114251
0.112826	0.133135
0.269468	0.444622
0.072898	0.110076
0.110315	0.197464
0.087695	0.169252
0.177091	0.517992
0.177022	0.425738
0.161181	0.296572
0.123284	0.311291
0.133467	0.470470
0.164714	0.193539
0.275898	1.164292
0.131412	0.249683
0.086295	0.115204
0.102714	0.262948
0.228698	1.041718
0.152818	0.198663
0.261142	1.489818
0.082091	0.123136
0.112738	0.163471
0.101969	0.187623
0.125773	0.198722
0.127927	0.495076
0.115612	0.284984
0.150105	0.289704
0.146527	0.208068
0.275418	1.049344
0.106414	0.259651
0.142590	0.561093
0.063750	0.096262
0.124081	0.138350
0.152822	0.322454
0.280698	0.464555
0.191645	0.529899
0.130602	0.273611
0.151933	0.203590
0.381834	1.332600
0.136987	0.589730
0.112146	0.175508
0.176518	0.795216
0.420508	1.881772
0.118121	0.536862
0.097550	0.159494
0.196687	0.313716
0.183467	0.505453
0.221660	0.559690
0.156961	0.175797
0.293840	1.215027
0.273440	0.657624
0.132970	0.288544
0.093439	0.106520
0.097022	0.271660
0.245570	1.641639
0.098659	0.271312
0.082551	0.173769
0.064527	0.261981
0.087257	0.303217
0.094115	0.153407
0.184989	0.490220
0.040398	0.089280
0.073300	0.107750
0.153791	0.373712
0.172723	0.440444
0.122095	0.169102
0.115760	0.353067
0.092349	0.151452
0.131347	0.529327
0.060103	0.124713
0.245556	0.360968
0.217640	1.737856
0.102022	0.262708
0.175031	0.503214
0.131040	0.362326
0.107718	0.208435
0.069915	0.083549
0.186347	0.676439
0.228939	1.111499
0.276585	0.937624
0.165819	0.487506
0.108530	0.144887
0.194623	0.244251
0.157240	0.186330
0.090120	0.129773
0.120136	0.300339
0.216806	0.745813
0.185169	0.559210
0.305002	1.012606
0.187329	0.390582
0.110950	0.132585
0.109039	0.153746
0.230369	0.719903
0.112985	0.199419
0.125811	0.182427
0.113922	0.150376
0.272931	0.907495
0.090706	0.104312
0.203589	1.904576
0.116406	0.261332
0.206017	0.449117
0.142562	0.166798
0.123207	0.401039
0.207772	0.665908
0.104331	0.141890
0.143665	0.362754
0.071564	0.114503
0.132942	0.296461
0.126728	0.255991
0.195050	0.791902
0.089278	0.438354
0.119037	0.249382
0.102360	0.190389
0.128417	0.296642
0.099870	0.204733
0.058818	0.109401
0.105934	0.278606
0.092745	0.128451
0.110567	0.257622
0.139232	0.361308
0.085766	0.303612
0.232147	0.882159
0.091518	0.124465
0.207246	0.170978
0.172255	0.456476
0.316444	4.659645
0.112773	0.195097
0.317238	2.025562
0.136372	0.171147
0.077454	0.307105
0.135032	0.438179
0.197059	0.477869
0.061417	0.132046
0.240767	2.144026
0.147406	0.285968
0.266492	1.916076
0.233053	1.787520
