Velocity(m/s)	Chord(mm)
0.206257	0.571332
0.318429	1.315110
0.215243	0.407886
0.390888	1.835220
0.222463	0.971051
0.120876	0.338453
0.303414	0.866246
0.256019	0.933190
0.234335	0.514366
0.216981	0.111745
0.131375	0.187866
0.158397	0.395994
0.225448	0.843177
0.211820	0.579327
0.144317	0.228743
0.284334	1.821159
0.246719	0.468767
0.134533	0.143277
0.226315	0.408499
0.119158	0.291342
0.125617	0.288918
0.195719	0.574437
0.159944	0.507821
0.167580	0.544636
0.171762	0.359840
0.139601	0.258262
0.068852	0.108098
0.155497	0.394962
0.098460	0.275688
0.129912	0.125365
0.087009	0.160531
0.117674	0.210048
0.236496	1.690945
0.195400	0.410339
0.084739	0.158462
0.207308	0.553511
0.198959	0.513314
0.121286	0.131595
0.049678	0.144564
0.115477	0.341812
0.193996	0.224066
0.188419	0.550183
0.264020	0.579524
0.111552	0.149480
0.140296	0.130475
0.154749	0.319557
0.274083	1.137446
0.197217	0.338227
0.229419	0.596489
0.257153	0.891037
0.157634	0.322362
0.209517	0.319513
0.303735	0.536093
0.123920	0.240404
0.134959	0.242251
0.319274	0.815746
0.116770	0.171651
0.233329	1.077980
0.139641	0.270904
0.146820	0.382465
0.133044	0.182271
0.096197	0.139486
0.149772	0.228402
0.342464	1.051365
0.148658	0.385767
0.172778	0.437129
0.130140	0.215381
0.155024	0.306173
0.181699	1.330942
0.164638	0.489799
0.093243	0.155250
0.183872	0.528631
0.085138	0.168574
0.222811	0.915754
0.122034	0.329492
0.203373	0.429117
0.182864	0.566879
0.140791	0.351978
0.111002	0.246980
0.081459	0.119337
0.161883	0.290581
0.285964	0.633409
0.165496	0.366573
0.094550	0.163099
0.162084	0.380086
0.130725	0.326812
0.123358	0.299142
0.182155	0.873434
0.122004	0.167146
0.102069	0.133710
0.322626	0.924323
0.183952	0.652109
0.132904	0.628636
0.156505	0.492208
0.105057	0.146554
0.104543	0.378969
0.116168	0.155666
0.175940	0.377392
0.175518	0.562536
0.139507	0.232977
0.117087	0.202561
0.194450	0.273202
0.122438	0.202022
0.414161	1.861652
0.257863	0.443524
0.181116	0.341403
0.228896	1.155926
0.254650	0.450731
0.136028	0.248251
0.121093	0.222206
0.207074	0.642966
0.283575	1.461829
0.276634	1.196444
0.088365	0.140943
0.123397	0.257283
0.146970	0.426214
0.134538	0.158755
0.256982	2.041724
0.181283	0.417856
0.131917	0.199854
0.169591	0.500292
0.254955	1.115428
0.196484	0.704394
0.183544	0.922310
0.160840	0.541226
0.128838	0.273137
0.154421	0.295715
0.144680	0.175786
0.291391	0.910598
0.358413	0.505362
0.280946	1.111143
0.151483	0.241616
0.104292	0.138187
0.207326	0.322392
0.148914	0.463121
0.255829	1.019479
0.138757	0.145695
0.095170	0.174161
0.103531	0.295582
0.101720	0.160210
0.139668	0.463698
0.152188	0.601904
0.148230	0.310543
0.090343	0.201916
0.162400	0.648789
0.090608	0.135913
0.257531	0.395310
0.139783	0.647896
0.155944	0.883425
0.314150	4.531618
0.120688	0.101981
0.157159	0.286816
0.144569	0.277572
0.112250	0.404099
0.177251	1.277978
0.058406	0.131121
0.120022	0.234043
0.067102	0.130848
0.157845	0.498000
0.203840	2.175987
0.141264	0.277585
0.172879	0.306860
0.087863	0.149367
0.149130	0.286330
0.270244	1.529584
0.154806	0.311160
0.103041	0.236478
0.148940	0.413310
0.165779	0.353110
0.122636	0.184568
0.290280	0.847617
0.394420	2.818133
0.178302	0.282609
0.144465	0.318546
0.198952	0.382983
0.363234	1.663611
0.203866	0.192654
0.371504	0.635271
0.127635	0.107851
0.244912	0.644118
0.212398	0.464089
0.241779	0.262330
0.206822	0.586339
0.233330	0.272996
0.168924	0.163012
0.158457	0.190148
0.157464	0.283436
0.137225	0.271705
0.193664	0.294370
0.181800	0.249066
0.208105	0.382914
0.301344	2.311309
0.161624	0.171321
0.222593	0.340568
0.116599	0.188307
0.109169	0.169212
0.271454	1.289408
0.142875	0.135731
0.170495	0.625718
0.347393	2.037462
0.100624	0.258603
0.230390	0.709600
0.158081	0.279013
0.116653	0.211726
0.169937	0.352620
0.184414	0.418619
0.148557	0.411503
0.098185	0.214044
0.149367	0.204633
0.127323	0.186528
0.189780	0.571237
0.221051	0.739417
0.058815	0.108513
0.163977	0.354191
0.198106	0.581441
0.070966	0.153996
0.137590	0.376996
0.098077	0.272163
0.208804	1.255956
0.022295	0.078479
0.113663	1.084341
0.290166	0.504890
0.143794	0.208501
0.088521	0.301415
0.158039	0.577633
0.241697	1.084009
0.115735	0.165501
0.124840	0.301488
0.158002	0.154052
0.086829	0.128941
0.133335	0.222003
0.145319	0.342226
0.108943	0.244576
0.231009	0.653755
0.227188	0.842868
0.138038	0.330600
0.188034	0.445640
0.107781	0.157899
0.290903	0.557080
0.134050	0.250003
0.155862	0.184696
0.227842	1.024149
0.236459	0.468188
0.233653	1.774593
0.190426	0.602699
0.108623	0.144468
0.228254	0.301296
0.344551	0.525440
0.270491	2.105774
0.064524	0.138726
0.213371	0.520624
0.104705	0.184282
0.121033	0.229358
0.209022	0.371014
0.337799	3.095932
0.130465	0.294198
0.236851	0.999510
0.116315	0.138997
0.190337	0.708054
0.143400	0.324801
0.173697	0.443796
0.060463	0.148135
0.165598	0.639210
0.118067	0.159981
0.137631	0.313110
0.078000	0.117390
0.102508	0.131723
0.195867	0.649298
0.317137	0.748444
0.078375	0.084253
0.108043	0.132892
0.076613	0.109939
0.147612	0.243559
0.265025	0.735444
0.109888	0.173622
0.092145	0.243724
0.196190	0.192266
0.195050	0.293550
0.260210	0.282328
0.338309	0.740896
0.280044	0.448071
0.440421	1.689014
0.187882	0.417097
0.257198	0.994069
0.240143	0.398637
0.197724	0.429062
0.161461	0.336646
0.107969	0.141440
0.280536	1.289065
0.208023	0.294353
0.137138	0.200221
0.218573	0.560640
0.114562	0.218813
0.214642	0.851055
0.167089	0.228912
0.284156	0.406344
0.232097	1.003822
0.228272	0.570681
0.092739	0.177131
0.082611	0.228834
0.100832	0.121503
0.343368	1.768345
0.104700	0.257563
0.165286	0.583459
0.263346	0.468757
0.113645	0.326160
0.363484	1.533901
0.112742	0.293130
0.215848	1.447261
0.257558	0.808732
0.109304	0.112583
0.182021	0.408637
0.074464	0.165311
0.308313	0.889482
0.107779	0.109934
0.114570	0.159253
0.149392	0.162837
0.084565	0.117123
0.175469	0.133357
0.205081	0.113820
0.146936	0.257138
0.109252	0.134926
0.361931	1.464011
0.233551	0.857130
0.275873	1.173841
0.110324	0.274708
0.109668	0.181501
0.165413	0.147218
0.189207	0.651818
0.206490	0.843512
0.170598	0.432467
0.211461	0.515964
0.238749	0.556284
0.127116	0.174148
0.160571	0.161374
0.432913	2.298770
0.222322	0.768124
0.135868	0.256790
0.175311	0.271733
0.135380	0.272113
0.156555	0.167514
0.234116	0.309033
0.131814	0.171358
0.360378	1.962257
0.371343	1.654334
0.145878	1.018228
0.111251	0.230845
0.122336	0.105209
0.101454	0.162834
0.290284	1.683650
0.247679	0.577092
0.107989	0.267814
0.082322	0.104138
0.273814	0.588699
0.233278	0.424566
0.257550	0.764923
0.209871	0.248697
0.160820	0.224343
0.350656	1.095800
0.273306	0.367597
0.443528	1.831769
0.415895	2.888391
0.114458	0.094428
0.298424	0.481955
0.152008	0.181649
0.234486	0.512352
0.163710	0.178444
0.254202	0.404181
0.276473	0.836330
0.219527	0.628943
0.165924	0.175050
0.192117	0.572507
0.193766	0.195704
0.214713	0.395073
0.216474	0.386407
0.153525	0.224915
0.496446	1.759900
0.146991	0.174184
0.134456	0.252105
0.180683	0.346910
0.191091	0.331543
0.110298	0.103129
0.201302	0.335167
0.195319	0.348645
0.152352	0.169872
0.545977	4.239515
0.365613	0.520998
0.334474	1.192399
0.308761	0.768814
0.111669	0.098269
0.453570	2.102296
0.175594	0.288852
0.184790	0.252238
0.220181	0.177245
0.158003	0.356296
0.235126	0.563127
0.156017	0.469610
0.063084	0.118598
0.113031	0.262231
0.160515	0.280098
0.144179	0.123994
0.151874	0.324251
0.126656	0.278642
0.226196	0.601681
0.140206	0.224329
0.396813	0.351180
0.188034	0.290512
0.200040	0.869172
0.107563	0.202218
0.159137	0.338167
0.142233	0.371938
0.103693	0.110433
0.170032	0.340064
0.078365	0.111278
0.167088	0.180455
0.336239	0.916250
0.131381	0.180650
0.176563	0.483782
0.241023	0.459149
0.125461	0.162472
0.506976	2.342231
0.104119	0.179604
0.176567	0.816622
0.145808	0.228190
0.185786	0.177425
0.367010	0.998266
0.219089	0.270575
0.169999	0.420749
0.188621	0.290476
0.213449	0.280686
0.250846	0.356201
0.323483	1.518754
0.151624	0.492020
0.138254	0.300011
0.126710	0.172326
0.353430	0.934821
0.156267	0.332067
0.193876	1.108002
0.084892	0.179123
0.090483	0.168298
0.125361	0.159835
0.271908	0.599558
0.120299	0.199095
0.317704	2.358950
0.299409	0.905713
0.111966	0.119244
0.166475	0.329621
0.141857	0.390107
0.096643	0.170575
0.174758	0.657964
0.159605	0.260156
0.154547	0.316822
0.193398	0.568590
0.140078	0.198210
0.152135	0.354475
0.264819	0.524341
0.343775	0.440032
0.351722	1.420959
0.132448	0.127150
0.160436	0.358574
0.177396	0.298912
0.311330	0.898186
0.263910	0.402463
0.141772	0.180050
0.524603	2.295139
0.203954	0.363039
0.553282	2.774709
0.201110	0.229265
0.228666	0.886081
0.171707	0.417248
0.124264	0.167757
0.184226	0.304895
0.110587	0.142658
0.210362	0.533268
0.177063	0.305433
0.131707	0.246951
0.214900	0.844558
0.185814	0.424585
0.156899	0.319289
0.162736	0.315708
0.101218	0.127029
0.205581	0.272395
0.114275	0.242834
0.106625	0.196723
0.232250	1.259958
0.140715	0.272284
0.151162	0.349184
0.081872	0.126492
0.129648	0.341623
0.295635	1.006636
0.197706	0.797743
0.248086	0.929083
0.073982	0.226385
0.175409	0.211368
0.287638	1.938683
0.082687	0.149250
0.181321	1.066166
0.245121	1.156972
0.210608	0.824532
0.200422	0.378797
0.149437	0.230881
0.218256	0.751893
0.321989	1.630873
0.104090	0.173309
0.130555	0.298318
0.276799	1.161174
0.145395	0.515426
0.069086	0.090848
0.093056	0.129813
0.190575	0.926193
0.110606	0.261584
0.083564	0.162949
0.087580	0.158082
0.065156	0.195469
0.244290	1.591548
0.152817	0.411077
0.300080	1.069784
0.459843	0.705859
0.293363	0.608728
0.333826	0.338833
0.292885	0.308993
0.431865	0.693143
0.343678	0.958861
0.256500	0.260347
0.380037	1.178114
0.233156	0.212172
0.305048	1.067668
0.240510	0.188801
0.356954	0.235590
0.405649	1.774714
0.302173	0.578661
0.200995	0.764784
0.391368	4.260037
0.451956	2.253002
0.235299	0.880018
0.136205	0.472633
0.078087	0.167496
0.131222	0.439595
0.204578	1.800289
0.123236	0.273583
0.117057	0.300837
0.173845	1.019603
0.116036	0.154328
0.101622	0.254054
0.103828	0.262166
0.124419	0.331576
0.146604	0.257291
0.197331	1.084333
0.114551	0.265759
0.078330	0.124544
0.061977	0.113729
0.155029	0.447260
0.050496	0.107051
0.075284	0.138523
0.124891	0.169227
0.178775	0.543476
0.093054	0.155866
0.192512	0.495718
0.179664	0.348548
0.132326	0.147544
0.081517	0.115347
0.394544	3.213559
0.234103	0.468207
0.186884	0.276589
0.217781	0.185114
0.249657	1.042319
0.208137	0.939739
0.141488	0.240529
0.100791	0.125988
0.118807	0.226328
0.078410	0.438314
0.205215	0.326292
0.183118	0.307639
0.176709	0.470047
0.241662	0.451907
0.149507	0.294528
0.320187	2.055599
0.220938	0.338035
0.159528	0.197017
0.324358	0.723319
0.138481	0.322661
0.180725	0.431932
0.131409	0.157034
0.093443	0.130353
0.256832	0.190056
0.441822	1.970527
0.173052	0.972550
0.170753	0.377363
0.161365	0.134740
0.192255	0.600797
0.205917	1.270505
0.279192	1.038595
0.130533	0.869349
0.117105	0.252948
0.399584	2.411489
0.144931	0.273920
0.193538	0.438364
0.236006	0.829563
0.193501	0.465370
0.267097	1.149853
0.231071	0.405530
0.168439	0.319193
0.162054	0.303852
0.123863	0.198800
0.088058	0.159826
0.072060	0.239599
0.113340	0.180210
0.079638	0.129013
0.122231	0.562875
0.219655	1.178451
0.110910	0.159711
0.128535	0.239075
0.202737	0.511911
0.084028	0.176880
0.178246	0.269152
0.148611	0.216972
0.236453	0.946995
0.060818	0.087578
0.366176	2.674916
0.214644	0.817793
0.088890	0.121779
0.081978	0.140592
0.147024	0.381528
0.212349	0.467168
0.094520	0.211253
0.125987	0.208508
0.231078	0.689768
0.073486	0.200250
0.236312	1.290266
0.198899	0.341112
0.309582	2.385331
0.176808	0.537495
0.166276	1.084120
0.135750	0.208376
0.332616	1.162491
0.118750	0.217313
0.123732	0.620516
0.246199	1.016802
0.154368	0.216887
0.133373	0.226734
0.099845	0.153762
0.098344	0.169152
0.271413	0.753171
0.202295	0.292316
0.204925	0.366816
0.211286	0.383483
0.122310	0.123533
0.170562	0.322362
0.217571	0.774552
0.134249	0.505448
0.208033	0.404623
0.157368	0.724680
0.180079	0.274621
0.188243	1.020277
0.285207	2.034955
0.182582	0.879134
0.133813	0.919966
0.229451	0.333851
0.220425	0.799042
0.177718	0.840605
0.158388	0.520304
0.072844	0.101982
0.083458	0.163578
0.167360	0.318822
0.165550	0.430430
0.169810	0.453394
0.173858	0.570255
0.168840	0.910893
0.249529	0.748586
0.147266	0.382155
0.227755	0.401987
0.305802	2.620726
0.194045	0.546236
0.129643	0.276788
0.152021	0.141380
0.115734	0.192118
0.291724	0.797866
0.349467	1.733357
0.192878	1.921069
0.129649	0.242443
0.071984	0.091420
0.158273	0.311007
0.145580	0.192893
0.076443	0.206013
0.067257	0.135522
0.121605	0.223145
0.154684	0.436983
0.094551	0.211321
0.145315	0.363288
0.091728	0.315545
0.237148	1.536719
0.114212	0.179884
0.305637	0.473738
0.269661	0.883139
0.207195	0.405066
0.181090	0.889153
0.093662	0.140493
0.280437	0.915628
0.200003	0.299005
0.229585	0.515418
0.254114	0.860175
0.111551	0.169557
0.129221	0.339206
0.114641	0.196610
0.142146	0.312720
0.178814	0.503360
0.113644	0.194332
0.059306	0.131956
0.160012	0.564043
0.102598	0.120039
0.383537	2.329987
0.178389	0.402267
0.241477	0.673721
0.150886	0.444361
0.474014	2.426952
0.141324	0.635251
0.188211	0.615450
0.082687	0.139741
0.147799	0.416054
0.110105	0.142586
0.161155	1.963671
0.168679	1.004486
0.226558	0.666081
0.155566	0.324355
0.158083	0.448166
0.121706	0.335299
0.119593	0.226031
0.262445	0.547198
0.112575	0.220085
0.110444	0.549459
0.137556	0.515149
0.149276	0.446335
0.085676	0.205194
0.102566	0.132310
0.147659	0.361026
0.140821	0.489353
0.140370	0.321448
0.184256	0.539869
0.071161	0.159757
0.189172	0.304566
0.101938	0.315499
0.154566	0.443604
0.256946	3.291484
0.097064	0.196555
0.268401	1.164859
0.168994	0.283065
0.343340	2.846289
0.171570	0.661401
0.131633	0.269847
0.119077	0.255420
0.105052	0.126062
0.259898	0.621155
0.224978	0.661437
0.333710	1.464986
0.196680	0.737551
0.134700	0.179151
0.220428	0.869587
0.059013	0.267034
0.384968	1.988358
0.176265	0.745601
0.145526	0.306332
0.138896	0.237511
0.259865	0.939411
0.122877	0.267871
0.080269	0.123213
0.125372	0.230057
0.192474	0.320469
0.172157	0.174739
0.081979	0.238970
0.145122	0.431014
0.113593	0.186860
0.094610	0.284304
0.174788	1.497936
0.139843	0.346811
0.121177	0.212665
0.138736	0.468928
0.156073	0.657849
0.091249	0.267359
0.333506	1.869300
0.098838	0.126018
0.177755	0.503046
0.202850	0.625793
0.154604	0.272103
0.265447	1.624535
0.142497	0.322755
0.118686	0.203546
0.216470	0.883199
0.172596	0.498802
0.151287	0.456886
0.098472	0.178234
0.083294	0.173667
0.153445	0.294615
0.336505	1.216467
0.178702	0.426205
0.151568	0.372098
0.168735	0.282631
0.171912	0.392818
0.189196	0.371771
0.072339	0.133827
0.089984	0.177268
0.094951	0.299096
0.067706	0.144215
0.182545	1.344443
0.172032	0.290733
0.195757	0.489394
0.100701	0.126883
0.148601	0.265995
0.163577	0.379499
0.275081	1.591343
0.227925	0.381774
0.204784	1.623939
0.121565	0.204837
0.132824	0.460900
0.185515	0.503674
0.155442	0.380055
0.121331	0.232348
0.121804	0.373938
0.183380	0.808707
0.096079	0.195041
0.252420	1.416076
0.169383	0.397202
0.229181	0.780362
0.163725	0.720390
0.240324	1.327789
0.102649	0.307434
0.171843	0.781026
0.163190	0.733537
0.077915	0.121547
0.176816	0.156482
0.129433	0.312580
0.240233	0.771146
0.292952	1.441325
0.171937	0.314645
0.159119	0.277662
0.168581	0.540303
0.219468	1.031501
0.124660	0.155202
0.209156	0.844990
0.108060	0.359841
0.064883	0.185889
0.084254	0.212742
0.220784	0.923982
0.121327	0.469537
0.113718	0.185928
0.129080	0.432419
0.122965	0.332621
0.224734	1.114682
0.137290	0.280759
0.082781	0.176737
0.178874	0.634109
0.215122	0.888452
0.103901	0.661851
0.085757	0.258985
0.107301	0.293469
0.077082	0.137206
0.146203	0.698121
0.057175	0.103772
0.189609	0.456010
0.271681	1.192679
0.053075	0.159491
0.221672	0.366868
0.137032	0.410412
0.184974	2.495300
0.092270	0.122720
0.087944	0.137633
0.172323	0.391173
0.143220	0.242757
0.223053	0.479565
0.094508	0.145542
0.141181	0.223066
0.229651	0.781961
0.172910	0.669161
0.247045	0.816485
0.170730	1.105477
0.205907	0.594043
0.303824	1.783444
0.084273	0.138629
0.191799	0.519775
0.146353	0.179282
0.213414	1.324233
0.200152	0.488370
0.124554	0.417880
0.177356	0.572861
0.199864	0.235839
0.131903	0.189281
0.158427	0.319230
0.185023	0.322865
0.239611	0.932088
0.150745	0.373095
0.153262	0.403078
0.066613	0.183185
0.202836	0.507091
0.228270	1.483755
0.332049	1.392946
0.184147	0.350801
0.146169	0.241910
0.386554	1.119074
0.131913	0.172147
0.260260	1.220621
0.161643	0.522107
0.113919	0.195940
0.278201	1.737364
0.107082	0.115113
0.255672	0.892294
0.254764	0.822888
0.334421	1.162114
0.173354	0.306837
0.248918	0.628519
0.116211	0.244624
0.134616	0.166251
0.129437	0.205157
0.123933	0.223699
0.172080	0.249516
0.111806	0.195660
0.231530	0.946958
0.198440	0.233167
0.345410	0.469758
0.155732	0.228147
0.164551	0.317583
0.360637	1.841049
0.124599	0.227392
0.124554	0.179358
0.182594	0.577909
0.174185	0.372755
0.179037	0.477134
0.195403	0.455289
0.110276	0.268521
0.159290	0.203892
0.181106	0.335046
0.191186	0.509510
0.130234	0.169304
0.104200	0.162031
0.347809	0.831264
0.124680	0.117199
0.168732	0.189824
0.215321	0.552299
0.195388	0.376122
0.130518	0.095931
0.332640	0.828274
0.111574	0.224821
0.120341	0.146816
0.121723	0.230056
0.114716	0.134792
0.193532	0.507053
0.224909	0.276638
0.111824	0.143135
0.358950	1.629634
0.137614	0.233943
0.174088	0.812120
0.175927	0.295557
0.129666	0.466798
0.178007	0.630145
0.091992	0.213421
0.138346	0.328573
0.069300	0.117810
0.201441	0.465330
0.187361	0.720404
0.124712	0.177714
0.154754	0.338912
0.172584	0.308063
0.101299	0.146377
0.159305	0.234974
0.512045	2.619111
0.114183	0.145583
0.115539	0.117272
0.149423	0.259996
0.138174	0.193444
0.129195	0.160847
0.140420	0.180439
0.541155	2.142972
0.093451	0.098591
0.161376	0.154921
0.192300	0.367292
0.128945	0.232101
0.243403	0.481937
0.099675	0.118613
0.091689	0.115070
0.142227	0.223296
0.112094	0.292004
0.224016	1.275772
0.297631	1.084865
0.198311	0.451157
0.153920	0.203944
0.338485	1.892131
0.184204	0.559982
0.201855	0.605565
0.161653	0.301483
0.226414	0.435848
0.215094	0.414055
0.304616	1.133172
0.223742	0.965445
0.244225	0.665513
0.144760	0.310511
0.159378	0.281302
0.103938	0.203199
0.080024	0.102431
0.129621	0.268963
0.173870	0.328614
0.106682	0.157890
0.079743	0.113235
0.181751	0.298072
0.189491	0.312661
0.218573	0.962814
0.183446	0.233893
0.089261	0.161116
0.135529	0.835537
0.272407	1.830577
0.121305	0.271116
0.254795	1.177153
0.250115	0.787863
0.109790	0.232754
0.124480	0.258295
0.227150	0.874529
0.104627	0.300278
0.206553	0.401745
0.166247	0.146298
0.229358	0.995413
0.126208	0.240427
0.277743	0.513825
0.087039	0.120549
0.094483	0.122356
0.074105	0.098560
0.177473	0.364707
0.260634	0.634643
0.160994	0.281739
0.114128	0.355510
0.139224	0.343883
0.367590	1.247968
0.165225	0.358537
0.148032	0.250174
0.094158	0.169955
0.108810	0.177360
0.250751	0.299647
0.201957	0.229221
0.144655	0.210472
0.327477	1.082313
0.285095	0.379176
0.155915	0.372637
0.119188	0.219306
0.166435	0.320387
0.129313	0.453888
0.165803	0.410363
0.099274	0.222870
0.112986	0.140667
0.195304	0.326158
0.151433	0.333153
0.225265	0.730984
0.133087	0.183660
0.313455	1.161351
0.126148	0.257342
0.114685	0.178909
0.182772	0.315282
0.106821	0.136197
0.211911	0.653745
0.074306	0.152698
0.097898	0.166426
0.184696	0.634430
0.097256	0.247517
0.268350	1.404813
0.086453	0.154319
0.231387	1.713419
0.271945	1.755406
0.081397	0.161980
0.112516	0.394933
0.039492	0.084908
0.269230	1.261344
0.099630	0.436877
0.138904	0.485469
0.082593	0.198635
0.125887	0.483407
0.135650	0.349976
0.128455	0.244707
0.140313	0.220291
0.078603	0.170569
0.200434	0.341739
0.160449	0.286402
0.301120	0.612778
0.158400	0.233639
0.139493	0.239927
0.141923	0.219271
0.129124	0.170444
0.202680	0.720528
0.139085	0.203065
0.096080	0.109051
0.120891	0.170457
0.189954	0.448291
0.075792	0.175081
0.339030	2.583406
0.109935	0.247904
0.177541	0.608078
0.358971	2.415874
0.177563	0.293866
0.046703	0.086867
0.331263	1.416151
0.178456	0.610320
0.083914	0.211043
0.130222	0.350298
0.113238	0.291022
0.121590	0.414622
0.155991	0.298722
0.154350	0.676824
0.081010	0.164451
0.223956	0.540853
0.246095	2.597528
0.088916	0.256969
0.180050	0.378105
0.385140	2.243438
0.210842	0.469123
0.338641	1.766014
0.069549	0.150225
0.258197	1.034080
0.268870	1.679090
0.155184	0.390288
0.154043	0.338125
0.107109	0.277949
0.159666	0.308954
0.117824	0.153760
0.229958	0.369083
0.141323	0.904467
0.189465	0.241568
0.096377	0.126736
0.148161	0.192610
0.086510	0.266884
0.129548	0.360792
0.174344	0.564876
0.206525	0.644358
0.177422	0.201373
0.220581	0.441161
0.145399	0.392577
0.118505	0.184276
0.254944	1.162547
0.213408	0.351056
0.123513	0.177241
0.336505	1.130658
0.148265	0.163091
0.158402	0.220178
0.133109	0.195671
0.210311	0.234496
0.119637	0.249443
0.246992	0.506335
0.157823	0.267510
0.248179	1.136661
0.144158	0.177314
0.252620	0.463558
0.329971	0.973415
0.232307	0.730606
0.131291	0.125383
0.230876	0.417885
0.193943	0.361703
0.321175	0.772425
0.183402	0.451169
0.270433	1.179090
0.248306	0.482955
0.306446	0.732405
0.311164	0.382732
0.350073	1.536823
0.190940	0.267316
0.135089	0.195879
0.102852	0.158906
0.082473	0.171132
0.202360	0.737603
0.142953	0.185124
0.108765	0.207198
0.298750	1.546031
0.276055	1.441008
0.123071	0.166761
0.330510	1.255937
0.142980	0.437520
0.090187	0.123106
0.106669	0.207471
0.302835	1.847293
0.095158	0.174139
0.254838	0.552999
0.163981	0.391914
0.193021	0.714179
0.162508	0.529777
0.121695	0.152727
0.177896	0.348677
0.310877	0.840923
0.201573	0.188470
0.261984	1.351838
0.389439	2.490465
0.075821	0.123968
0.269198	0.667611
0.365452	1.248017
0.332585	1.237218
0.307005	0.944039
0.087843	0.201599
0.221001	0.683997
0.136865	0.348322
0.200967	0.302455
0.319349	1.521698
0.153027	0.291517
0.092863	0.142081
0.155034	0.448047
0.138157	0.204472
0.113920	0.185689
0.121234	0.295812
0.203108	0.550422
0.160264	0.414283
0.165333	0.505092
0.127661	0.195960
0.134165	0.211980
0.137871	0.259887
0.321306	2.332679
0.152397	0.249169
0.062508	0.105013
0.130683	0.186877
0.113419	0.260297
0.192225	0.277765
0.275704	1.207582
0.065770	0.124963
0.157777	0.273743
0.106787	0.307546
0.215511	1.846931
0.284432	1.021112
0.090659	0.148227
0.211347	0.454396
0.220014	0.627039
0.200031	0.415064
0.216313	0.453176
0.118954	0.248020
0.170549	0.267762
0.365604	1.689091
0.302175	1.202657
0.149696	0.232777
0.243054	0.634370
0.101156	0.127962
0.134961	0.686950
0.112494	0.177177
0.120509	0.294043
0.123155	0.209980
0.240190	1.061641
0.128848	0.204868
0.105344	0.324988
0.189300	0.394690
0.128059	0.320148
0.212474	0.665043
0.181660	0.662151
0.318190	1.508223
0.245809	1.096308
0.211003	1.138362
0.281942	1.874915
0.335225	1.604050
0.087565	0.133536
0.151176	0.289501
0.353014	1.323802
0.279370	2.577191
0.069790	0.091424
0.116601	0.265267
0.186960	0.377658
0.258964	0.506275
0.217420	0.997957
0.125210	0.353720
0.057101	0.095073
0.230892	0.270143
0.233573	0.386564
0.352890	2.057351
0.109518	0.237654
0.247624	0.398674
0.103210	0.162040
0.126523	0.277718
0.148449	0.329556
0.333244	0.903091
0.132572	0.328116
0.337026	1.609300
0.126336	0.341108
0.173324	0.162925
0.229109	0.976003
0.338763	1.659938
0.195685	0.634019
0.099764	0.149646
0.082017	0.138609
0.193188	0.288817
0.236544	0.703717
0.377959	1.152773
0.201165	0.595450
0.095382	0.243224
0.397337	2.064167
0.215967	1.013963
0.198219	0.338955
0.120962	0.201401
0.487194	3.242278
0.259305	0.434336
0.139031	0.214803
0.236900	0.607649
0.275024	0.635304
0.098008	0.157793
0.152040	0.341331
0.120096	0.258206
0.280764	0.722966
0.269311	1.380221
0.123795	0.232734
0.137761	0.365757
0.120454	0.175863
0.144597	0.328958
0.206340	0.359031
0.152764	0.225327
0.193519	0.538950
0.142574	0.323644
0.194434	0.289706
0.407897	1.605075
0.096228	0.153483
0.304256	1.402618
0.220231	0.335852
0.425614	1.659894
0.176731	0.713109
0.105537	0.226904
0.175815	0.795562
0.267040	0.328459
0.151834	1.437113
0.285643	2.080908
0.274612	0.626116
0.191381	0.237313
0.385976	1.188805
0.209702	0.347057
0.306694	1.435329
0.169740	0.534680
0.162281	0.254781
0.097755	0.130014
0.155287	0.462755
0.167918	0.508790
0.106421	0.156971
0.244135	1.092506
0.083211	0.127729
0.279909	1.363157
0.067631	0.149465
0.099228	0.159260
0.172459	1.615938
0.108685	0.383660
0.183359	0.776524
0.131910	0.204460
0.355834	1.989110
0.078703	0.081458
0.166265	0.357470
0.145430	0.195603
0.175461	0.664120
0.132408	0.411127
0.100617	0.199221
0.163377	0.242615
0.089238	0.161074
0.397086	1.890130
0.116755	0.231176
0.146890	0.476659
0.125621	0.119340
0.113553	0.227107
0.130490	0.167027
0.114960	0.282802
0.182267	1.565671
0.191889	0.452859
0.186614	0.464668
0.125246	0.190374
0.140696	0.175871
0.126231	0.212699
0.238991	1.236781
0.099614	0.151912
0.116537	0.302414
0.127890	0.454009
0.249964	0.732396
0.093107	0.189473
0.103043	0.209693
0.277353	2.232689
0.081650	0.223312
0.138948	0.366823
0.126047	0.337807
0.186904	0.595289
0.177635	0.791363
0.107719	0.201972
0.119355	0.308533
0.127688	0.172379
0.158340	0.452853
0.214608	0.809073
0.158972	0.495991
0.116900	0.345440
0.150545	0.173879
0.180270	0.387580
0.250933	0.609768
0.153220	0.153986
0.224612	1.768823
0.588921	1.551806
0.129613	0.166553
0.262589	0.606581
0.314850	1.789922
0.280535	0.852826
0.118382	0.248010
0.157837	0.201242
0.297901	0.980093
0.156739	0.416925
0.208757	1.038566
0.165949	0.263029
0.184693	0.375850
0.166231	0.456304
0.125187	0.398720
0.121798	0.155901
0.335084	1.539710
0.122707	0.209829
0.100684	0.125854
0.118249	0.180330
0.108015	0.149601
0.124206	0.219223
0.105743	0.134823
0.125598	0.180232
0.096552	0.125034
0.112510	0.286900
0.276342	1.782409
0.247158	0.401633
0.191039	0.468046
0.200207	1.080117
0.196580	0.506194
0.252123	0.350451
0.216958	0.826611
0.173555	0.544964
0.090671	0.154141
0.154165	0.272872
0.127421	0.157365
0.094626	0.165122
0.087414	0.116698
0.237284	0.944391
0.304771	1.068221
0.245926	0.789423
0.106618	0.154063
0.184272	0.399870
0.109248	0.152947
0.172646	0.322848
0.088274	0.164189
0.127843	0.210301
0.121622	0.129527
0.077930	0.145340
0.354114	1.391669
0.167491	0.571981
0.170393	0.439613
0.103119	0.155710
0.147439	0.203466
0.193304	0.515156
0.148244	0.302417
0.245101	0.725500
0.185159	0.601765
0.208169	0.426746
0.209384	0.575807
0.276148	0.608907
0.297282	0.441464
0.219703	0.321865
0.300807	1.072376
0.128234	0.151316
0.213620	0.722036
0.107257	0.100286
0.091700	0.161392
0.138117	0.163669
0.140690	0.329214
0.292183	1.563177
0.165274	0.461114
0.144837	0.472169
0.318659	0.815766
0.279363	1.192880
0.193535	0.300947
0.132732	0.214363
0.107375	0.185759
0.126643	0.231757
0.163886	0.237634
0.112285	0.225692
0.128189	0.214716
0.107544	0.154325
0.317681	2.177704
0.131737	0.324072
0.132777	0.142071
0.268107	0.859283
0.225751	1.931302
0.095117	0.182625
0.217885	0.573039
0.135894	0.237815
0.157904	1.191383
0.098020	0.234757
0.119226	0.153206
0.110884	0.322117
0.107249	0.141032
0.477305	0.405710
0.132771	0.215089
0.089870	0.152330
0.151760	0.368018
0.121908	0.908217
0.120195	0.277650
0.230736	0.532999
0.114632	0.209204
0.305506	1.031081
0.239295	1.499184
0.212112	0.486798
0.140863	0.433858
0.373773	1.977258
0.108133	0.176256
0.128549	0.487843
0.226817	0.829017
0.129406	0.549975
0.211080	0.561472
0.120057	0.255722
0.401322	1.506965
0.092767	0.185533
0.203211	0.325138
0.154833	0.385534
0.081069	0.134575
0.094496	0.351996
0.098464	0.135388
0.289157	4.006272
0.173826	0.360688
0.121207	0.314532
0.134410	0.178093
0.233058	1.032447
0.213843	0.775180
0.343497	1.944194
0.150432	0.277548
0.153901	0.343969
0.275701	1.007689
0.174361	0.312107
0.208262	0.989246
0.409556	1.769282
0.207367	0.907230
0.282948	1.878772
0.096705	0.128618
0.402133	1.558267
0.107993	0.165230
0.107636	0.178675
0.095788	0.222229
0.265888	1.661800
0.078794	0.179257
0.160844	0.359487
0.125027	0.283186
0.134555	0.424522
0.195719	0.472663
0.109948	0.192960
0.130343	0.190952
0.155022	0.312370
0.185731	1.034520
0.112536	0.262209
0.090321	0.118771
0.367805	2.162693
0.148928	0.367107
0.149881	0.531330
0.149814	0.319103
0.104840	0.174559
0.174567	0.391904
0.087723	0.164920
0.096266	0.169909
0.174177	0.222946
0.205535	0.321663
0.205226	1.144136
0.264521	1.413866
0.236550	0.651695
0.178171	0.532731
0.243184	1.737550
0.221374	0.457137
0.098099	0.166278
0.104145	0.191626
0.154372	0.307201
0.106779	0.169244
0.125500	0.178838
0.077987	0.140377
0.389572	1.338181
0.236256	1.136390
0.107880	0.122983
0.122378	0.135227
0.099860	0.120331
0.164398	0.213717
0.163296	0.336390
0.151763	0.408242
0.127433	0.332601
0.241411	0.678365
0.131388	0.299565
0.221882	0.310635
0.193082	0.268384
0.141640	0.206795
0.123114	0.180362
0.229808	0.410207
0.131093	0.123227
0.185051	0.439496
0.129268	0.323170
0.389258	2.103939
0.132991	0.263322
0.151288	0.262485
0.218439	0.387730
0.098893	0.223004
0.183079	0.511707
0.124107	0.181817
0.335500	1.486265
0.105365	0.728602
0.222199	1.055444
0.228910	0.350232
0.115806	0.149390
0.088467	0.128719
0.146168	0.248485
0.120295	0.161796
0.134782	0.361889
0.082275	0.157557
0.168771	0.383111
0.180777	0.378728
0.153338	0.271408
0.160068	0.414577
0.122193	0.155185
0.191299	1.122926
0.117675	0.422451
0.128234	0.192351
0.132142	0.332337
0.150433	0.267772
0.179265	0.573650
0.127336	0.226658
0.090328	0.140008
0.087811	0.176499
0.114170	0.254600
0.221001	1.421035
0.152718	0.182498
0.241220	0.527065
0.156710	0.480317
0.230596	0.719458
0.169229	0.255536
0.115104	0.147333
0.091198	0.119926
0.180671	1.192430
0.236517	0.902312
0.131236	0.345806
0.069943	0.159469
0.120932	0.320469
0.158346	0.256520
0.185967	0.437953
0.154712	0.519832
0.250416	0.414438
0.143232	0.251372
0.173709	1.235068
0.174371	0.160421
0.148516	0.284408
0.168450	0.592103
0.059328	0.097891
0.116640	0.183709
0.158820	0.329552
0.162222	0.433944
0.488252	1.987188
0.149798	0.231438
0.098971	0.144002
0.253596	1.680075
0.126503	0.122708
0.265856	0.466577
0.230419	0.566832
0.096105	0.158573
0.125602	0.249949
0.079583	0.101070
0.247567	0.721658
0.158484	0.415228
0.092493	0.147988
0.087350	0.157230
0.136726	0.249524
0.142571	0.310805
0.170661	0.346442
0.077773	0.104605
0.142254	0.337143
0.182034	0.961137
0.153936	0.304024
0.110204	0.170817
0.152043	0.647705
0.142281	0.385581
0.189394	0.313447
0.135670	0.277445
0.084319	0.123527
0.141953	0.372627
0.150421	0.659595
0.392474	1.885837
0.320197	1.970810
0.137845	0.467294
0.092054	0.150508
0.172392	0.391330
0.094096	0.097390
0.108164	0.183879
0.284798	1.334279
0.256234	1.379818
0.240056	0.487314
0.084862	0.135355
0.211426	0.584593
0.087963	0.119190
0.284087	1.836625
0.149258	0.256723
0.199640	0.412257
0.137735	0.303018
0.124910	0.315399
0.122608	0.336559
0.140054	0.257000
0.286170	1.804299
0.309600	1.012392
0.246365	0.482874
0.067561	0.144243
0.204613	0.194382
0.166010	0.324549
0.241119	1.027165
0.084210	0.114525
0.205789	0.169776
0.167984	0.431720
0.134878	0.133529
0.264853	0.521760
0.100856	0.189104
0.130407	0.454467
0.340540	1.355351
0.170528	0.527784
0.252057	0.848171
0.248244	1.529182
0.213799	1.550045
0.213163	1.002931
0.124459	0.179843
0.395185	2.074721
0.449524	2.029599
0.096083	0.114820
0.067680	0.115732
0.178986	0.607658
0.257291	1.506442
0.150973	0.197020
0.100715	0.172223
0.192319	0.514453
0.107789	0.161144
0.115950	0.172766
0.377603	1.702989
0.142276	0.302337
0.252743	0.408180
0.157059	0.285848
0.290207	0.663124
0.161516	0.256003
0.283085	2.213724
0.183741	0.626555
0.106059	0.326132
0.108533	0.297923
0.139970	0.241448
0.128597	0.215401
0.165160	1.394775
0.109374	0.207263
0.136309	0.201056
0.148900	0.338004
0.109567	0.188455
0.173570	0.576251
0.055441	0.157175
0.081293	0.175593
0.055463	0.165003
0.067265	0.137558
0.067843	0.084465
0.287697	1.898798
0.122274	0.168127
0.077457	0.153365
0.165574	0.722729
0.172120	0.296046
0.167184	0.357774
0.152281	0.538313
0.105934	0.268542
0.100545	0.141266
0.080175	0.212062
0.068874	0.137748
0.149656	0.491621
0.055885	0.158994
0.226119	0.563035
0.133137	0.323522
0.104105	0.208211
0.121728	0.271453
0.159321	0.797401
0.084659	0.118945
0.099796	0.220049
0.117426	0.279473
0.170651	0.731239
0.085320	0.223539
0.103892	0.144410
0.139811	0.468368
0.106714	0.166473
0.150795	0.118374
0.206039	0.460497
0.388204	0.359089
0.133748	0.167854
0.202739	0.424738
0.143376	0.212197
0.103360	0.473389
0.144062	0.232660
0.201955	0.883554
0.089559	0.184491
0.067722	0.139508
0.189371	0.630605
0.212186	0.848744
0.176545	0.508451
0.161937	0.441277
0.082291	0.138660
0.105801	0.428493
0.208657	0.657271
0.195592	1.474767
0.253113	0.531537
0.251959	0.439668
0.124676	0.337247
0.075641	0.105519
0.261796	0.941156
0.137187	0.192062
0.260842	1.049887
0.187825	0.523094
0.235149	0.475001
0.100477	0.112032
0.230543	0.349273
0.320121	1.719052
0.215509	0.769368
0.239655	0.550007
0.231954	1.664267
0.173362	0.296449
0.118833	0.271533
0.298532	1.841940
0.091658	0.120530
0.093305	0.164683
0.124097	0.259984
0.163201	0.462675
0.194173	0.263105
0.171862	0.278416
0.171103	0.506464
0.278480	1.119491
0.169935	0.453726
0.199467	0.467750
0.192536	0.626704
0.271167	1.072467
0.092119	0.194833
0.183498	1.385409
0.238806	0.803582
0.104137	0.196299
0.096693	0.123767
0.075572	0.151144
0.105489	0.218889
0.226795	1.748590
0.117272	0.231027
0.307153	1.864416
0.162651	0.335874
0.126668	0.159602
0.265060	0.677229
0.096634	0.253181
0.217851	0.942204
0.134629	0.420041
0.257198	0.565836
0.173345	0.411695
0.294936	2.122063
0.076067	0.190168
0.121184	0.296900
0.156470	0.333282
0.081597	0.137084
0.171050	0.620056
0.160539	0.473591
0.090565	0.129961
0.406103	0.599003
0.507481	2.184706
0.341702	0.363913
0.151334	0.114257
0.168107	0.233669
0.178401	0.450463
0.182647	0.270318
0.289184	0.964430
0.116622	0.225081
0.143091	0.139513
0.275397	1.247550
0.119039	0.129157
0.284895	0.770642
0.234894	0.539083
0.095468	0.193323
0.097756	0.169118
0.103662	0.258118
0.239326	1.096113
0.139119	0.435442
0.217859	2.002122
0.087908	0.208343
0.255964	0.540084
0.182751	0.322555
0.221115	0.427857
0.108372	0.156597
0.183380	0.570313
0.243337	0.507357
0.134481	0.147929
0.122546	0.255508
0.378564	1.938245
0.164656	0.344954
0.292574	0.975733
0.151601	0.194808
0.160668	0.319730
0.255725	0.872024
0.176508	0.488926
0.286999	0.925573
0.233591	0.320020
0.151240	0.280549
0.108037	0.258748
0.277619	1.354782
0.189547	0.451122
0.226691	0.445448
0.136942	0.271145
0.136448	0.167831
0.263598	0.771024
0.225131	0.467147
0.179580	0.273860
0.193815	0.360495
0.111930	0.204272
0.144446	0.335114
0.213165	0.452975
0.240831	0.551504
0.170300	0.207766
0.326971	0.632688
0.118059	0.132226
0.115943	0.154784
0.261720	0.240783
0.239588	0.463602
0.112845	0.273650
0.201539	0.730580
0.223073	0.363608
0.215790	0.556738
0.205568	0.609509
0.099660	0.326884
0.153810	0.345304
0.272614	0.580667
0.126754	0.218651
0.122276	0.212149
0.285012	1.989386
0.198357	0.389771
0.298721	1.020131
0.268368	0.955389
0.455931	2.484824
0.229947	0.520829
0.159239	0.343956
0.166986	0.420804
0.195779	0.448334
0.194022	0.184321
0.169627	0.207793
0.166929	0.194473
0.131004	0.251527
0.287775	0.506484
0.187053	0.265615
0.222572	0.358341
0.146043	0.193507
0.267828	0.532978
0.165503	0.196948
0.195991	0.363563
0.309794	3.475887
0.168971	0.384408
0.297728	0.848523
0.059531	0.099118
0.103625	0.176163
0.223627	0.703308
0.147312	0.238645
0.121369	0.240310
0.111864	0.196881
0.150599	0.536887
0.133121	0.153754
0.354982	0.628317
0.117198	0.188102
0.206637	0.277927
0.367557	1.407745
0.095805	0.167659
0.122528	0.169702
0.169134	0.383089
0.255947	0.524692
0.302920	0.605839
0.132181	0.171835
0.325665	0.734375
0.244165	0.589657
0.224523	0.481603
0.286852	0.629640
0.068872	0.147729
0.185120	0.466503
0.252557	0.640231
0.201260	0.390444
0.137689	0.298785
0.212207	1.021779
0.205324	1.731910
0.152314	0.353368
0.099877	0.250692
0.254571	1.005557
0.189805	0.996474
0.301661	1.134246
0.182863	1.296498
0.125320	0.138479
0.287744	0.922220
0.166393	0.435949
0.160567	0.615774
0.186464	0.260117
0.180737	0.695839
0.092955	0.150587
0.158945	0.209013
0.163008	0.438492
0.176606	0.286101
0.160328	0.296608
0.157052	0.466444
0.207019	0.902603
0.163398	0.333331
0.111887	0.137062
0.201501	0.837236
0.232578	0.439572
0.146073	0.443331
0.147088	0.296382
0.238452	0.784506
0.152570	0.398209
0.238285	1.245039
0.269763	0.919892
0.293563	1.328371
0.207426	0.976977
0.106597	0.163626
0.158523	0.321009
0.133788	0.617430
0.185798	0.752481
0.124718	0.342350
0.232225	0.521346
0.182506	0.858691
0.238136	0.425072
0.212766	0.920213
0.196917	0.672472
0.122575	0.321146
0.121364	0.236660
0.159738	0.423305
0.369486	2.564230
0.110482	0.197763
0.086925	0.233393
0.178942	0.229940
0.181979	0.408544
0.114101	0.152896
0.196805	0.648473
0.267851	1.181222
0.162414	0.528657
0.125102	0.212674
0.283105	0.927170
0.160668	0.255462
0.233678	1.574987
0.141300	0.355369
0.363842	1.782824
0.233838	0.659423
0.113248	0.125139
0.251853	1.076673
0.236836	1.024315
0.118326	0.355569
0.261071	0.985544
0.100100	0.515516
0.120339	0.221425
0.129678	0.355965
0.193387	0.709729
0.187643	0.554485
0.199126	0.228000
0.196809	1.102128
0.104443	0.253274
0.236658	1.695657
0.118264	0.351836
0.261101	1.235008
0.152550	0.186874
0.044376	0.115821
0.094246	0.223364
0.096144	0.147581
0.138639	0.302926
0.107968	0.173829
0.159661	0.159661
0.133735	0.435308
0.090005	0.229512
0.102728	0.152550
0.139578	0.237283
0.398780	2.285011
0.139863	0.825889
0.121428	0.162107
0.239876	0.298645
0.114497	0.283381
0.206586	0.884187
0.092016	0.263627
0.084501	0.139426
0.132577	0.163732
0.225216	0.961674
0.150398	0.265453
0.078484	0.147157
0.107676	0.230426
0.280087	1.471856
0.146513	0.245409
0.203204	0.299726
0.092578	0.174972
0.332842	1.665873
0.298312	2.176190
0.270644	0.814638
0.253920	0.763030
0.209192	0.993661
0.304879	0.920735
0.119794	0.156930
0.163811	0.594632
0.285604	0.896797
0.403243	1.790397
0.098933	0.151368
0.196974	0.586983
0.111371	0.250029
0.131381	0.246339
0.223451	0.663649
0.118392	0.203041
0.093966	0.163032
0.191908	0.828085
0.102106	0.163880
0.247168	0.720495
0.123001	0.309961
0.209067	0.367959
0.221418	0.503727
0.183139	0.121787
0.126053	0.281729
0.165172	0.508728
0.133051	0.242153
0.373448	1.536738
0.204258	0.308429
0.172894	0.855827
0.135844	0.450323
0.114731	0.250113
0.146391	0.327183
0.155408	0.416495
0.164755	0.259489
0.086638	0.166344
0.213683	0.686991
0.086185	0.174095
0.128445	0.198448
0.224619	0.499777
0.165464	0.185319
0.154676	0.163183
0.526119	2.780538
0.397358	1.857647
0.143067	0.301871
0.176139	0.472053
0.152997	0.257800
0.196487	1.934414
0.245494	0.686157
0.214410	0.460981
0.116013	0.316716
0.152462	0.176856
0.075794	0.158789
0.145118	0.274998
0.348002	0.990067
0.217463	0.555617
0.129272	0.310898
0.238844	0.724892
0.277733	1.241465
0.104295	0.173651
0.353461	2.189693
0.096744	0.178008
0.067788	0.117612
0.123018	0.224508
0.132514	0.247138
0.070571	0.161254
0.248125	1.281566
0.328765	1.218075
0.103590	0.236704
0.234243	0.871384
0.226744	0.516976
0.206929	0.370402
0.105193	0.227218
0.176580	0.277231
0.308930	1.780980
0.182136	0.420735
0.145322	0.194731
0.141369	0.445311
0.135178	0.371739
0.199759	0.613260
0.120614	0.155592
0.278570	1.807917
0.404891	2.765404
0.250425	0.741258
0.341667	1.821087
0.131749	0.312905
0.325820	1.534611
0.156464	0.188539
0.130058	0.236705
0.145546	0.693526
0.221906	0.640197
0.096677	0.323385
0.248108	0.542116
0.175723	0.430521
0.284722	2.220829
0.112497	0.218245
0.209810	0.284293
0.116027	0.165918
0.166701	0.314232
0.175770	0.390208
0.125480	0.345697
0.078040	0.136180
0.208268	0.903883
0.169187	0.340067
0.091422	0.154961
0.137525	0.414637
0.185219	0.573253
0.116717	0.325056
0.131091	0.281846
0.202944	0.772204
0.082494	0.142714
0.070513	0.127629
0.182653	0.765315
0.135544	0.328694
0.064749	0.135649
0.103330	0.319805
0.148621	0.184290
0.224144	0.539066
0.119806	0.170724
0.270568	1.448892
0.163805	0.366104
0.151436	0.378590
0.145038	0.238588
0.093875	0.145976
0.206376	0.627384
0.311258	0.701886
0.252799	0.308414
0.447758	1.298498
0.119548	0.129112
0.109480	0.157104
0.143516	0.270527
0.177277	0.408622
0.101724	0.155638
0.543206	2.447143
0.452906	2.423045
0.303029	1.103025
0.220614	0.861498
0.101423	0.166334
0.153321	0.319673
0.093533	0.217933
0.100610	0.264102
0.174139	0.316062
0.335670	1.735411
0.118939	0.149268
0.310164	1.882694
0.204923	0.566613
0.079386	0.119873
0.223662	0.750386
0.354494	3.218805
0.117107	1.220251
0.101584	0.137646
0.230632	1.153162
0.049247	0.136661
0.076318	0.146150
0.175272	1.287370
0.175444	1.386007
0.106311	0.229631
0.083718	0.329431
0.090987	0.179699
0.160194	0.700851
0.192720	0.283298
0.157771	0.135683
0.273134	0.793453
0.221013	0.242010
0.327049	0.412082
0.163004	0.176859
0.254989	0.354435
0.211779	0.168365
0.293868	2.002711
0.169165	0.288427
0.137790	0.154325
0.230837	0.244687
0.227773	0.462378
0.141184	0.161655
0.289706	0.573617
0.156197	0.358473
0.211872	0.847489
0.165813	0.212240
0.212735	0.560556
0.365423	2.462954
0.073343	0.160987
0.289683	0.373691
0.135478	0.121253
0.103573	0.184360
0.354355	1.295169
0.091756	0.186264
0.113763	0.288959
0.131707	0.345732
0.260965	0.580648
0.121754	0.228898
0.292666	0.699472
0.209721	0.282075
0.182167	0.512799
0.214666	0.343465
0.278316	0.665176
0.296632	1.213225
0.094086	0.130309
0.098687	0.223527
0.417774	1.188567
0.201994	0.731218
0.118530	0.328328
0.182722	0.497003
0.178675	0.421672
0.160026	0.386464
0.179185	0.442587
0.198771	0.461150
0.173631	0.353338
0.133666	0.245277
0.098052	0.106386
0.111525	0.153905
0.175282	0.234002
0.113362	0.350289
0.155827	0.575781
0.297422	1.244710
0.100730	0.123395
0.097481	0.354344
0.066876	0.139436
0.420858	1.416187
0.371682	1.170797
0.215989	0.355301
0.106672	0.150408
0.212573	0.308231
0.190139	0.217709
0.216826	0.313314
0.179036	0.290038
0.244324	0.379924
0.283078	1.429546
0.047181	0.086813
0.154907	0.300520
0.373933	3.283132
0.087464	0.171429
0.173192	0.452032
0.276820	1.436694
0.161680	0.206142
0.077334	0.167041
0.125600	0.123716
0.118106	0.175387
0.249036	0.874116
0.092727	0.130744
0.117600	0.183456
0.231239	0.486759
0.220170	1.555503
0.126658	0.431905
0.092133	0.167682
0.102912	0.166718
0.164883	0.325644
0.251393	1.375119
0.145068	0.155948
0.108252	0.166709
0.170652	0.358370
0.164965	0.240024
0.121580	0.206078
0.313041	1.231815
0.367821	1.607377
0.246346	0.679915
0.321228	0.611939
0.113086	0.202990
0.204864	0.746728
0.157417	0.291222
0.135421	0.308761
0.247202	2.106158
0.137361	0.295326
0.126011	0.175155
0.194883	0.418023
0.156291	0.327430
0.180420	0.230937
0.121607	0.183627
0.163974	1.160935
0.111938	0.267533
0.281463	0.620626
0.253944	0.405040
0.296973	0.844889
0.214584	0.330460
0.198930	0.305357
0.176297	0.196571
0.120924	0.178363
0.299464	1.094540
0.250390	0.257902
0.241293	0.755246
0.127616	0.188233
0.098178	0.187029
0.101952	0.118265
0.126961	0.156162
0.181079	0.350388
0.097700	0.157785
0.120034	0.220263
0.276373	1.619548
0.222758	2.278812
0.231852	0.245763
0.111748	0.145272
0.178213	0.510581
0.122974	0.290220
0.151193	0.172360
0.143129	0.336354
0.171099	0.279747
0.286120	2.560773
0.127567	0.169664
0.176285	0.416914
0.187690	2.459679
0.146594	0.377480
0.189260	0.449491
0.089705	0.101815
0.111679	0.254627
0.172901	0.472884
0.098061	0.221128
0.202668	0.689071
0.307810	0.909579
0.116416	0.183355
0.099349	0.125676
0.283915	2.644671
0.096712	0.299324
0.191511	0.365786
0.076071	0.162791
0.320313	0.908087
0.297555	1.090540
0.103806	0.165571
0.129866	0.451933
0.125778	0.195585
0.191829	0.344333
0.436751	2.799575
0.103793	0.141159
0.106340	0.173334
0.126510	0.253021
0.252607	0.668146
0.146428	0.169856
0.376891	2.138855
0.168056	0.447030
0.231396	0.570391
0.127859	0.271061
0.364465	1.785880
0.363644	2.252773
0.212522	0.398479
0.150190	0.335675
0.246951	0.556875
0.177453	0.539456
0.136003	0.201284
0.165421	0.385432
0.265940	1.526496
0.448424	3.421478
0.599782	0.698746
0.366817	0.203583
0.517840	0.903630
0.436326	0.342516
0.314976	0.188985
0.303599	0.163943
0.619033	1.451633
0.357739	0.354161
0.439980	0.433380
0.662770	0.874856
0.304213	0.260102
0.393236	0.839560
0.251201	0.828964
0.205439	0.210575
0.218086	0.597556
0.162559	0.412088
0.147281	0.312972
0.191972	0.826439
0.118697	0.300898
0.230257	1.258354
0.160836	0.310414
0.319543	0.663053
0.078446	0.128651
0.179338	1.000703
0.106797	0.245099
0.195625	0.513517
0.140182	0.349053
0.136787	0.207916
0.162861	0.183218
0.271932	1.120359
0.104764	0.181766
0.153869	0.421600
0.218643	0.689819
0.171983	0.360305
0.146476	0.405738
0.105063	0.229037
0.237164	0.618997
0.084361	0.241271
0.157402	0.295129
0.117561	0.195738
0.182779	0.356420
0.070032	0.150568
0.240372	1.087683
0.061562	0.135744
0.178494	0.634548
0.136259	0.517103
0.088650	0.252209
0.125633	0.371245
0.310950	0.971718
0.117147	0.203837
0.087385	0.121902
0.203818	0.839730
0.080567	0.154286
0.101777	0.208643
0.101455	0.252624
0.187290	0.307156
0.107250	0.218254
0.142420	0.670088
0.333919	1.016784
0.132170	0.278219
0.115841	0.205617
0.157674	0.163193
0.214608	0.810146
0.275419	0.625201
0.109131	0.243362
0.180852	0.530799
0.250443	0.498381
0.169459	0.200809
0.312288	0.816634
0.228466	0.390676
0.285482	0.766520
0.253959	0.575218
0.177643	0.347292
0.155720	0.150270
0.366007	1.401808
0.186524	0.498951
0.196966	0.477642
0.172053	0.523042
0.129176	0.198285
0.122930	0.198532
0.239671	0.830460
0.180640	0.322443
0.111844	0.156581
0.200941	0.370735
0.106260	0.132825
0.355691	2.061228
0.226733	0.741417
0.204094	0.311244
0.255799	0.615197
0.250917	1.346170
0.180983	0.478699
0.193574	0.736548
0.089741	0.115765
0.131778	0.538974
0.147551	0.212473
0.104281	0.113145
0.172857	0.369914
0.292057	1.638439
0.093480	0.152840
0.215287	0.458562
0.205016	0.264470
0.405477	2.205797
0.327610	1.844442
0.113579	0.162985
0.184694	0.671364
0.306908	1.520729
0.351783	1.229482
0.129303	0.319378
0.185524	0.329306
0.155513	0.242600
0.140265	0.241957
0.138762	0.192879
0.460341	2.554894
0.144856	0.265087
0.185542	1.049241
0.091753	0.265625
0.069303	0.219692
0.172187	0.597490
0.138794	0.332412
0.361997	1.469708
0.234587	0.768273
0.131136	0.211130
0.095592	0.190229
0.099789	0.145692
0.478703	1.598868
0.302114	0.492446
0.236528	0.335870
0.255389	0.457146
0.310658	1.073323
0.187115	0.270381
0.233020	0.427592
0.265103	0.384399
0.187588	0.265438
0.153527	0.334690
0.082330	0.126376
0.157504	0.436286
0.119167	0.161472
0.166191	0.367283
0.183977	0.310920
0.118669	0.264040
0.142234	0.167837
0.137607	0.251133
0.097710	0.139236
0.121379	0.146262
0.132500	0.341849
0.175518	0.261522
0.253786	1.140767
0.268810	0.930084
0.196742	0.277406
0.222674	0.330671
0.176226	0.350690
0.162105	0.236673
0.093704	0.175227
0.104622	0.147517
0.169524	0.307686
0.159044	0.201985
0.171718	0.366619
0.103258	0.247302
0.239034	0.652562
0.167694	0.182787
0.115415	0.213519
0.141682	0.170018
0.317322	1.199476
0.090572	0.113668
0.161706	0.320178
0.281778	1.329992
0.242401	0.632666
0.456194	1.904608
0.068681	0.194368
0.275409	1.608391
0.381632	1.808934
0.103174	0.180039
0.297599	1.205275
0.128355	0.229113
0.131466	0.198513
0.108591	0.213925
0.223968	0.428900
0.171872	0.231168
0.329364	3.290350
0.170334	0.509299
0.134092	0.319810
0.120616	0.185749
0.264618	1.529489
0.125757	0.212529
0.171080	0.348148
0.229708	0.748847
0.121120	0.584406
0.032604	0.156338
0.098464	0.220067
0.281207	1.033435
0.166885	0.567409
0.255719	0.939766
0.208318	0.507255
0.167172	0.172187
0.295027	1.020793
0.258457	0.283010
0.140715	0.180819
0.141184	0.273896
0.152004	0.544933
0.110111	0.323727
0.259255	2.714402
0.176370	0.316583
0.227900	0.758907
0.132685	0.214287
0.190361	0.390239
0.136157	0.381919
0.155599	0.343096
0.267553	0.904330
0.109372	0.270696
0.132472	0.281504
0.178624	0.350996
0.180543	0.572322
0.102599	0.166210
0.127588	0.145451
0.176568	0.332831
0.152363	0.327580
0.328539	1.641051
0.155335	0.243099
0.150609	0.349413
0.099579	0.120988
0.098746	0.149600
0.216007	2.021824
0.200069	0.673232
0.234926	0.357087
0.183649	0.519726
0.131705	0.200850
0.093585	0.181555
0.207839	0.366835
0.132640	0.285175
0.166019	0.533751
0.331791	1.282371
0.155727	0.391653
0.304961	0.564177
0.404694	2.541477
0.178737	0.088475
0.537791	3.041211
0.311960	1.294634
0.133597	0.333994
0.132289	0.218278
0.224826	0.594664
0.171910	0.371327
0.099480	0.211396
0.096377	0.144565
0.107661	0.206709
0.093023	0.156279
0.163640	0.145639
0.083110	0.184920
0.120269	0.357800
0.266675	0.728022
0.241995	0.405341
0.160218	0.438996
0.183428	1.791176
0.068568	0.166962
0.071724	0.156358
0.086452	0.185871
0.071809	0.133924
0.376961	2.610456
0.199725	1.809504
0.152141	0.514237
0.108895	0.253726
0.172894	1.168766
0.108666	0.393370
0.185241	2.309960
0.121888	0.204771
0.095980	0.150208
0.147613	0.856154
0.128808	0.383848
0.069437	0.191645
0.264792	1.439144
0.177094	0.543678
0.100694	0.220521
0.107172	0.119497
0.099385	0.288714
0.165727	0.280908
0.150389	0.179714
0.172127	0.319296
0.248489	0.714406
0.085166	0.135839
0.146159	0.432631
0.173731	0.529879
0.118502	0.212710
0.103968	0.136198
0.097041	0.124698
0.187958	0.653153
0.266335	0.635209
0.178789	0.242259
0.113369	0.177422
0.146144	0.416509
0.133647	0.239228
0.125794	0.356625
0.202865	0.593379
0.044001	0.094162
0.180775	0.470016
0.189815	0.530534
0.169995	0.341689
0.145297	0.204869
0.306381	1.694289
0.258476	1.438420
0.159062	0.376182
0.421473	2.124226
0.125739	0.325036
0.205292	0.330519
0.112464	0.160823
0.196324	0.282707
0.170480	0.177300
0.138545	0.178723
0.320470	1.696888
0.130741	0.388955
0.137583	0.297180
0.191209	0.485672
0.135561	0.299589
0.268452	1.069783
0.222442	0.770760
0.185401	0.500583
0.240613	0.677327
0.117271	0.277933
0.338836	0.860642
0.129563	0.189162
0.100343	0.134460
0.124617	0.163249
0.115146	0.232595
0.181244	0.492078
0.158180	0.332970
0.338146	1.021200
0.154580	0.263559
0.357338	1.461511
0.193967	0.473279
0.183388	0.173301
0.242900	0.814931
0.480033	1.927333
0.182473	0.289220
0.113004	0.137865
0.067639	0.115663
0.207458	0.545614
0.279056	3.244031
0.122898	0.132115
0.159491	0.400322
0.190865	0.464756
0.169176	1.039589
0.136966	0.126694
0.167480	0.304814
0.143863	0.199251
0.164917	0.329834
0.231216	0.337576
0.358458	0.767100
0.189918	0.742579
0.272933	1.290975
0.132735	0.240913
0.205092	0.465559
0.142248	0.187055
0.385168	2.089538
0.160044	0.156043
0.132657	0.196332
0.109566	0.169280
0.116177	0.116758
0.111482	0.117056
0.161395	0.340543
0.121043	0.128305
0.312534	1.390775
0.313199	1.653691
0.173903	0.257376
0.117045	0.129335
0.209109	0.567731
0.171447	0.493767
0.243794	3.015732
0.105837	0.158755
0.107972	0.187332
0.131634	0.217855
0.105127	0.146652
0.188361	0.290075
0.316142	2.048599
0.147483	0.342161
0.137953	0.161405
0.162306	0.523436
0.150800	0.142506
0.197167	0.533336
0.229828	0.804398
0.313655	3.956754
0.111724	0.313387
0.363379	1.913193
0.202762	0.339626
0.167450	0.524955
0.106730	0.133947
0.279331	1.097772
0.193113	0.537819
0.156342	0.469807
0.110373	0.284211
0.348438	1.621978
0.212176	0.583485
0.086284	0.129858
0.294944	1.191572
0.066577	0.091211
0.090072	0.182847
0.128640	0.439306
0.148744	0.348060
0.098548	0.129591
0.135921	0.197764
0.195533	0.498609
0.101046	0.129844
0.250508	0.253013
0.324248	1.193234
0.185468	0.643574
0.160026	0.407267
0.272830	1.570139
0.122395	0.125454
0.480475	2.231804
0.473809	1.911818
0.312665	2.013563
0.201295	0.421712
0.111771	0.271044
0.193763	1.684768
0.250906	0.531921
0.364394	1.235297
0.214992	0.613802
0.081973	0.142223
0.165430	0.270477
0.194451	1.877429
0.251327	0.772831
0.214200	0.727209
0.115968	0.167573
0.208757	0.465528
0.384092	2.110585
0.110919	0.161387
0.147241	0.285647
0.266046	1.189225
0.236361	0.782354
0.249615	0.821233
0.182498	0.524680
0.417998	2.165232
0.490341	3.015598
0.175708	0.204700
0.186185	0.461740
0.266043	1.296959
0.144124	0.263746
0.205295	0.471152
0.114361	0.205850
0.306291	2.937329
0.326161	1.182334
0.093456	0.135044
0.126247	0.211463
0.157543	0.556128
0.214789	0.525159
0.197447	0.586417
0.124249	0.254089
0.165252	0.304889
0.282954	1.010145
0.101192	0.112829
0.175286	0.361966
0.160820	0.333701
0.106204	0.132224
0.233850	0.653609
0.214483	1.102443
0.101080	0.115231
0.145634	0.281803
0.268312	1.007510
0.120683	0.222660
0.334049	1.394654
0.197279	0.403435
0.100524	0.133697
0.162349	0.343368
0.127277	0.166096
0.189331	0.459127
0.140799	0.344253
0.102553	0.208182
0.163323	0.396058
0.077742	0.130995
0.291494	0.620882
0.094800	0.126558
0.068552	0.123393
0.134988	0.164685
0.155572	0.547614
0.227752	0.682118
0.275510	0.848572
0.256506	1.440278
0.119340	0.206458
0.202863	0.747549
0.129456	0.337234
0.215169	0.718666
0.390507	1.189093
0.216899	2.089826
0.177790	0.858726
0.083664	0.115875
0.084334	0.151800
0.196331	0.565432
0.165392	0.310937
0.105280	0.275308
0.215587	0.989546
0.157521	0.602518
0.120076	0.286982
0.084263	0.197596
0.143055	0.368368
0.106679	0.236828
0.065987	0.145171
0.181193	1.468572
0.233776	0.956143
0.274093	0.837355
0.212157	0.424314
0.369128	1.797651
0.082172	0.191461
0.094244	0.155032
0.113693	0.166560
0.107296	0.747314
0.176218	0.438783
0.065141	0.148521
0.118054	0.207774
0.124882	0.608801
0.068773	0.127918
0.173927	0.493954
0.106032	0.357859
0.181763	0.437139
0.097025	0.149419
0.140668	0.422708
0.193253	0.851279
0.145109	0.359870
0.167862	0.934150
0.317655	1.473921
0.175435	0.321045
0.141171	0.244931
0.425246	1.783909
0.091104	0.120257
0.130791	0.318477
0.177393	0.951714
0.077782	0.280794
0.133145	0.416078
0.408792	2.029652
0.159205	0.256320
0.102110	0.149081
0.099457	0.116365
0.149425	0.186034
0.168198	0.423017
0.078590	0.159931
0.158937	0.580119
0.243004	1.662147
0.113781	0.199117
0.090353	0.169863
0.109935	0.125326
0.166848	0.367899
0.107433	0.158463
0.117735	0.138927
0.190537	0.983172
0.135581	0.219640
0.150406	0.288028
0.099488	0.243746
0.155079	0.233394
0.269998	1.067842
0.107871	0.154255
0.125232	0.256726
0.299908	1.549026
0.170592	0.397479
0.199642	0.389302
0.165369	0.249708
0.294818	1.023017
0.093143	0.134126
0.345362	0.991190
0.228531	1.100376
0.083844	0.102289
0.150489	0.240030
0.216240	0.340579
0.117579	0.210467
0.168844	0.404381
0.337511	2.617394
0.106941	0.316009
0.186419	0.592812
0.141626	0.276878
0.076925	0.148080
0.390756	2.102267
0.063369	0.120084
0.149228	0.350685
0.100228	0.206970
0.138970	0.569775
0.211114	0.396895
0.184405	0.409379
0.216717	0.669656
0.143262	0.217758
0.222050	0.531810
0.099605	0.155384
0.085865	0.142536
0.258675	0.887257
0.240729	0.590990
0.468547	2.115489
0.239639	0.403792
0.185253	0.860501
0.176648	0.192546
0.174130	0.553733
0.295134	1.413693
0.203051	0.699511
0.103052	0.212803
0.096772	0.157254
0.123053	0.235032
0.088635	0.131623
0.197329	0.461750
0.122212	0.143599
0.226141	1.235859
0.066961	0.172089
0.241879	1.766927
0.238738	0.975244
0.086504	0.083477
0.125294	0.304465
0.139010	0.243962
0.158375	0.352384
0.122976	0.155564
0.264384	0.487789
0.176786	0.241313
0.266805	0.378863
0.368401	2.278562
0.395238	1.221286
0.138313	0.213693
0.106721	0.157947
0.125212	0.144620
0.198008	0.380175
0.139496	0.193202
0.196047	0.372489
0.355322	0.987797
0.378717	0.859687
0.326340	0.513985
0.110268	0.138938
0.227331	0.267113
0.114160	0.209483
0.252431	0.877197
0.176862	0.279441
0.504868	1.580237
0.249614	0.379413
0.129473	0.294551
0.131136	0.135070
0.259859	0.721109
0.232581	0.448880
0.136132	0.171526
0.222425	0.622789
0.247726	0.562338
0.162416	0.241188
0.111883	0.113562
0.207911	0.296274
0.191340	0.315711
0.203926	0.374203
0.343680	1.141019
0.119715	0.116124
0.234936	1.155883
0.268238	1.676489
0.231142	0.631019
0.162211	0.369840
0.264809	1.011569
0.130553	0.294398
0.166766	0.251817
0.075880	0.127478
0.101105	0.142558
0.156694	0.535894
0.285108	2.496120
0.103348	0.128668
0.237527	1.241077
0.139717	0.331129
0.093682	0.129750
0.222173	0.487670
0.241673	0.876064
0.237459	0.730186
0.101731	0.130724
0.225431	0.518491
0.337639	1.703390
0.168000	0.150360
0.122188	0.246208
0.149327	0.201591
0.155247	0.462637
0.126086	0.191020
0.324005	0.905593
0.153573	0.373183
0.101566	0.128989
0.174708	0.736394
0.061387	0.139349
0.124940	0.146180
0.196392	0.640238
0.106131	0.143277
0.130044	0.343967
0.122112	0.284520
0.221296	0.864161
0.361732	1.799616
0.260571	0.241029
0.178994	0.361569
0.142467	0.212988
0.157812	0.284851
0.091942	0.106193
0.136918	0.486060
0.044374	0.120920
0.252556	0.352316
0.268027	0.976957
0.149396	0.376478
0.077745	0.121282
0.079427	0.177519
0.235564	0.684313
0.266080	0.649236
0.203935	0.654630
0.224404	0.500421
0.163400	0.187910
0.142080	0.180442
0.120758	0.176910
0.178563	0.400874
0.107576	0.131781
0.157550	0.306434
0.137649	0.169308
0.119456	0.173211
0.096461	0.177006
0.083177	0.158868
0.140805	0.335116
0.182498	0.554793
0.116133	0.321108
0.304191	1.533122
0.181154	0.978230
0.266780	0.728310
0.063747	0.141199
0.303819	1.766706
0.174611	0.550024
0.237368	0.750082
0.183433	0.423729
0.303768	0.596903
0.130002	0.265204
0.108884	0.338630
0.108341	0.367277
0.156210	0.380371
0.300027	1.183605
0.065492	0.087104
0.331083	1.749773
0.148927	0.255410
0.237894	0.710113
0.130874	0.233610
0.103460	0.125703
0.303675	1.128154
0.139905	0.166487
0.186498	0.572549
0.104657	0.173730
0.121300	0.198325
0.233355	0.658060
0.142341	0.254790
0.096227	0.156369
0.171197	0.340683
0.121063	0.134380
0.098425	0.122539
0.197692	0.180889
0.452009	2.858958
0.177491	0.567083
0.088708	0.230198
0.122779	0.363425
0.126347	0.217316
0.166058	0.467454
0.142318	0.340852
0.173943	0.186119
0.106079	0.306568
0.169828	0.592699
0.169362	0.359893
0.092755	0.259713
0.093586	0.243792
0.128930	0.150849
0.194142	0.990126
0.173839	0.347678
0.113369	0.210866
0.126505	0.390900
0.161035	0.270539
0.093008	0.264607
0.228508	0.612402
0.249622	2.184188
0.307402	1.307994
0.083409	0.271078
0.070033	0.103649
0.102512	0.290110
0.080501	0.225806
0.137596	0.131405
0.171105	0.319111
0.252631	1.066102
0.099553	0.173222
0.249806	0.703205
0.217926	0.601477
0.115641	0.235329
0.214620	0.330515
0.187733	0.840104
0.147084	0.335352
0.152479	0.171539
0.179917	0.612619
0.137179	0.437601
0.136681	0.212539
0.248180	1.237179
0.080860	0.116035
0.105857	0.121735
0.098013	0.159761
0.204443	0.458975
0.124075	0.186733
0.215688	0.557552
0.146659	0.194323
0.096961	0.211859
0.222284	0.565713
0.095258	0.206710
0.086880	0.149433
0.286262	0.788652
0.133157	0.296941
0.140059	0.167371
0.080937	0.188584
0.125454	0.432190
0.204057	0.336693
0.385559	1.573080
0.183914	0.316332
0.106835	0.342407
0.132613	0.293738
0.153754	0.368242
0.143042	0.228152
0.135968	0.208032
0.220099	0.579961
0.101991	0.203982
0.134823	0.228524
0.234665	0.725114
0.133631	0.235858
0.127006	0.147327
0.252443	1.065311
0.066499	0.096092
0.157037	0.460903
0.191378	0.655470
0.059161	0.119505
0.109185	0.161047
0.463595	4.638266
0.135107	0.191852
0.295043	1.079856
0.097854	0.127210
0.101246	0.135670
0.112365	0.175289
0.398701	1.345617
0.355539	1.018620
0.250792	0.431363
0.115464	0.214186
0.159464	0.386701
0.224970	0.579297
0.256319	0.989390
0.154725	0.239051
0.189561	0.439782
0.159991	0.518371
0.409276	0.984308
0.446530	2.045107
0.105079	0.163923
0.138683	0.318277
0.146555	0.294576
0.443249	2.991930
0.159638	0.466941
0.088754	0.131356
0.181731	0.346198
0.113900	0.268805
0.139610	0.316217
0.118737	0.198291
0.117868	0.144977
0.178212	0.222765
0.257926	0.962063
0.158960	0.229697
0.224341	0.274818
0.249091	1.098493
0.338644	0.883861
0.112399	0.183772
0.214598	0.400226
0.259927	0.635522
0.149064	0.235521
0.131303	0.216649
0.209991	0.594274
0.116831	0.218474
0.208238	0.774645
0.175589	0.333618
0.174873	0.575331
0.104541	0.152107
0.236964	0.426535
0.114556	0.223957
0.179996	0.441889
0.192662	0.378581
0.221302	0.938322
0.237864	0.863445
0.268265	0.827597
0.113488	0.209954
0.201569	0.345691
0.133851	0.313881
0.305799	1.461718
0.101342	0.301492
0.164090	0.343768
0.193377	0.636210
0.324949	1.255928
0.309861	1.332404
0.372014	0.827730
0.396499	1.108215
0.246154	0.487384
0.145716	0.244803
0.265024	0.543299
0.144711	0.183782
0.108844	0.162178
0.152792	0.339199
0.262298	0.872142
0.148209	0.342362
0.366766	0.904078
0.173156	0.329863
0.134409	0.243952
0.121015	0.196650
0.311609	1.032985
0.144314	0.231623
0.130146	0.268750
0.119296	0.459884
0.109757	0.167928
0.083224	0.158957
0.146328	0.399475
0.193055	1.317600
0.335229	1.386170
0.086976	0.093500
0.166983	0.681292
0.219841	0.889255
