Velocity(m/s)	Chord(mm)
0.108597	0.192217
0.192322	0.595237
0.102576	0.236437
0.076894	0.099578
0.089653	0.177513
0.173453	1.104894
0.110057	0.287250
0.070051	0.219258
0.095302	0.419330
0.088918	0.227631
0.052234	0.145211
0.064092	0.089729
0.184955	0.290379
0.087518	0.233235
0.140544	0.286710
0.055506	0.163466
0.074706	0.190501
0.060524	0.246331
0.088020	0.283425
0.094012	0.416473
0.161093	1.331435
0.171914	0.948967
0.155811	1.448267
0.072240	0.152066
0.052497	0.238859
0.033839	0.112345
0.047235	0.204762
0.163346	1.682461
0.095918	0.265693
0.095782	1.328500
0.099877	0.246196
0.085069	0.543592
0.062643	0.412504
0.082144	0.324470
0.069936	0.203515
0.098376	0.266599
0.087751	0.188664
0.095309	0.471305
0.036284	0.098510
0.057705	0.213798
0.061349	0.225764
0.084794	0.175099
0.047760	0.168830
0.151686	1.304496
0.286843	1.221949
0.138261	0.472160
0.054193	0.116515
0.210798	0.650312
0.084491	0.193906
0.214000	0.924482
0.065817	0.097080
0.253207	1.183742
0.074464	0.152278
0.079377	0.125416
0.044698	0.108393
0.177371	1.314322
0.056380	0.158429
0.085814	0.229983
0.092822	0.188429
0.140586	0.430895
0.201195	0.745428
0.218499	1.172247
0.177401	0.706944
0.222846	1.136512
0.210208	1.249685
0.243664	2.355015
0.104377	0.231195
0.087611	0.235674
0.123625	0.240451
0.207910	1.338937
0.059189	0.164248
0.196594	0.925955
0.081070	0.245236
0.258210	1.558300
0.118205	0.418446
0.076744	0.189174
0.072486	0.326551
0.086161	0.185246
0.067635	0.194450
0.135909	0.445103
0.095703	0.178007
0.155421	0.883568
0.049413	0.148981
0.120872	0.311849
0.076885	0.171454
0.114725	0.435381
0.221315	1.758347
0.138826	0.381077
0.073298	0.130470
0.229156	2.431347
0.090867	0.165379
0.054917	0.182051
0.043682	0.109859
0.168189	0.380948
0.152762	0.545361
0.080059	0.295418
0.070816	0.134904
0.188761	0.214243
0.077201	0.197249
0.126728	0.193894
0.051888	0.133094
0.070023	0.230725
0.159996	0.428788
0.138252	0.930433
0.130010	0.364678
0.175207	1.256232
0.135519	0.331343
0.143940	0.409510
0.106699	0.399053
0.108646	0.226527
0.127624	1.161378
0.070397	0.165081
0.084739	0.340227
0.069800	0.355981
0.057546	0.139837
0.079542	0.596964
0.115411	0.160998
0.061817	0.154542
0.100259	0.477736
0.053366	0.857061
0.052994	0.100424
0.198508	0.571702
0.067401	0.160753
0.117697	0.928626
0.071818	0.149740
0.114048	0.793771
0.067763	0.218535
0.034462	0.130268
0.148376	0.351650
0.228641	0.956864
0.150360	0.327786
0.193266	2.450609
0.090975	0.181040
0.222069	1.075925
0.183367	0.430913
0.102718	0.251660
0.192281	0.400905
0.084507	0.103944
0.198990	0.296495
0.077190	0.107680
0.075933	0.147689
0.141902	0.637850
0.049535	0.140183
0.089641	0.701439
0.083935	0.263976
0.182131	1.275826
0.122016	0.452679
0.115471	0.258077
0.095629	0.206558
0.310356	2.288877
0.225549	0.446588
0.336787	0.594429
0.275983	0.511948
0.215603	0.395632
0.195334	0.876072
0.105429	0.088560
0.159873	0.443648
0.238451	0.480479
0.212840	0.383112
0.147022	0.155109
0.143367	0.140500
0.116175	0.111528
0.154287	0.265374
0.156042	0.222360
0.149647	0.484855
0.220915	0.479384
0.142085	0.164109
0.154127	0.396107
0.155508	0.247258
0.322571	0.488695
0.132565	0.141181
0.287712	0.897660
0.288997	0.313562
0.181693	0.823069
0.216972	1.091372
0.171197	0.205437
0.129252	0.158980
0.200095	0.938445
0.151490	0.409782
0.169196	0.212341
0.332803	1.109897
0.305122	0.988596
0.244872	1.441074
0.204125	0.307208
0.098174	0.149716
0.257049	0.858542
0.191290	0.274501
0.175121	0.454438
0.195222	0.889237
0.164602	0.217275
0.250868	0.929466
0.150336	0.284135
0.084522	0.144110
0.152164	0.691586
0.165192	0.422890
0.077136	0.281545
0.087544	0.174212
0.279490	2.382653
0.173710	0.585402
0.230250	1.188091
0.123248	0.218766
0.280728	3.437517
0.125658	0.307862
0.145658	0.534566
0.126099	0.204910
0.118740	0.246385
0.196911	0.478493
0.105855	0.227589
0.104294	0.216410
0.121212	0.233939
0.130312	0.280171
0.332886	0.877154
0.124741	0.251354
0.277008	0.828254
0.330407	2.299634
0.285015	2.257317
0.219304	1.173279
0.090974	0.163753
0.097880	0.285321
0.100863	0.297043
0.268416	1.991647
0.048744	0.118449
0.169422	0.417626
0.148192	0.243034
0.134029	0.201043
0.217656	1.385383
0.114696	0.674415
0.169820	0.264071
0.109300	0.295111
0.147146	0.400238
0.100323	0.206164
0.091082	0.395752
0.107373	0.321581
0.093774	0.234434
0.131191	1.127583
0.221034	1.971628
0.163946	0.509052
0.124474	0.429436
0.074994	0.200608
0.102508	0.213730
0.082363	0.201790
0.186450	1.309813
0.116700	0.287666
0.196362	0.965120
0.165742	0.647221
0.090984	0.217451
0.378724	2.812027
0.139603	0.308522
0.146397	0.490431
0.151340	0.510017
0.176641	0.711862
0.120199	0.218762
0.108224	0.176946
0.094957	0.222199
0.121665	0.404535
0.210080	0.773095
0.074390	0.222799
0.077762	0.268669
0.054464	0.154132
0.120431	0.734025
0.098454	0.183125
0.178141	0.833699
0.089641	0.326743
0.230406	1.445795
0.051107	0.173509
0.118525	0.462248
0.072324	0.276639
0.096175	0.533771
0.197467	0.594376
0.086916	0.208164
0.150758	0.740222
0.129671	0.305374
0.159953	0.651007
0.186292	0.315764
0.102808	0.449786
0.126147	0.824368
0.269314	0.775623
0.061573	0.294319
0.132560	0.326098
0.068828	0.172071
0.160611	0.280267
0.191328	1.432087
0.053647	0.138409
0.091358	0.365890
0.202477	1.280666
0.092926	0.273204
0.183620	0.472821
0.415223	2.620057
0.143816	0.341564
0.085560	0.208767
0.094941	0.286722
0.282346	1.753368
0.128163	0.465874
0.060034	0.199312
0.154798	0.517024
0.091371	0.228428
0.136580	0.299110
0.211741	1.432426
0.099641	0.381127
0.174666	0.550198
0.175903	0.916454
0.113824	0.276022
0.263789	0.387770
0.222974	1.273182
0.278016	1.964182
0.082797	1.099546
0.186287	0.625924
0.144732	0.168613
0.193214	0.680114
0.111936	0.490280
0.186045	0.209301
0.106176	0.245267
0.233112	1.401006
0.111584	0.304623
0.058689	0.163450
0.108884	0.421927
0.058803	0.110549
0.062227	0.106407
0.063599	0.130061
0.058287	0.222656
0.069236	0.169281
0.175791	1.967979
0.082305	0.343214
0.074131	0.138995
0.095025	0.189099
0.067762	0.137895
0.206061	0.292607
0.237482	2.582612
0.171495	0.806883
0.096238	0.302186
0.140911	0.398073
0.145743	0.394964
0.068651	0.130093
0.102107	0.551379
0.155812	0.205672
0.168306	0.246569
0.206667	2.083201
0.258668	0.792819
0.330890	2.094535
0.119133	0.199548
0.179523	0.328528
0.084165	0.125827
0.183934	1.007960
0.089549	0.190739
0.152702	0.764273
0.218891	0.481559
0.107690	0.181458
0.234402	0.276594
0.211862	0.238345
0.151570	0.773005
0.152761	0.375029
0.102968	0.235796
0.258321	1.831493
0.252725	2.323804
0.101768	0.219818
0.193012	1.104027
0.153006	0.302952
0.082799	0.230594
0.278577	2.182648
0.132291	0.654179
0.078589	0.330073
0.092672	0.217317
0.156104	0.920232
0.129293	0.643877
0.156401	0.347991
0.115770	0.336891
0.184012	0.875895
0.227384	1.203999
0.153470	0.457339
0.170633	0.464123
0.118220	0.295549
0.187999	1.427851
0.123272	0.321741
0.270356	1.465329
0.107683	0.228827
0.121890	0.286441
0.215938	1.555837
0.062762	0.198329
0.132380	0.465316
0.132228	0.517010
0.111860	0.375289
0.101552	0.301101
0.085286	0.177821
0.073283	0.208491
0.127033	0.361410
0.064008	0.118735
0.084958	0.246378
0.217092	1.480569
0.104983	0.185820
0.148804	0.412187
0.086055	0.389397
0.081702	0.176476
0.101047	0.214219
0.189189	0.798376
0.097437	0.274286
0.206794	0.658639
0.082704	0.132740
0.124261	0.285179
0.145075	0.325694
0.231071	2.093504
0.101708	0.195789
0.249755	0.784232
0.282694	4.154190
0.090162	0.359296
0.143608	0.397076
0.192598	0.672168
0.231078	0.616978
0.289488	0.781618
0.145160	0.238062
0.181039	0.445357
0.212374	0.584030
0.124511	0.194237
0.113933	0.211346
0.107125	0.144083
0.104825	0.140466
0.266246	1.231387
0.094435	0.118044
0.331357	1.365191
0.155607	0.708788
0.139964	0.444385
0.077596	0.165667
0.192816	1.343927
0.097691	0.237878
0.075541	0.120866
0.066729	0.158481
0.206836	0.953515
0.082324	0.222273
0.149794	0.447136
0.161040	0.589405
0.049160	0.167144
0.101723	0.345859
0.029726	0.109539
0.099144	0.563636
0.065052	0.304444
0.082193	0.219867
0.070388	0.151334
0.122741	0.555403
0.103653	0.235810
0.084623	0.206058
0.093712	0.211321
0.123096	0.243730
0.095416	0.243311
0.134232	0.187254
0.131811	0.405977
0.187035	0.685483
0.124679	0.437623
0.139647	0.941222
0.143472	0.291248
0.087104	0.237358
0.106663	0.324255
0.213764	0.693664
0.135015	0.486053
0.222786	1.185219
0.129634	0.179542
0.110823	0.397302
0.128689	0.201398
0.119232	0.242638
0.117335	0.339684
0.156385	0.544219
0.131518	0.182810
0.175950	1.280913
0.104891	0.167825
0.091794	0.240042
0.158023	0.421131
0.045087	0.111590
0.097778	0.440492
0.055305	0.119458
0.067382	0.492902
0.069208	0.164023
0.063329	0.119058
0.135260	0.212359
0.058616	0.108733
0.122143	0.745680
0.385308	4.143986
0.146530	0.189757
0.049929	0.123574
0.184146	1.066205
0.122096	0.133085
0.042750	0.100248
0.087759	0.260205
0.057178	0.108067
0.067205	0.179774
0.167881	0.397039
0.112742	0.278474
0.077829	0.153323
0.156009	0.437606
0.104205	0.325118
0.180348	0.597854
0.140275	0.218828
0.076240	0.206609
0.084120	0.155621
0.121934	0.420672
0.100398	0.614936
0.358805	1.779672
0.314703	0.388659
0.233860	0.284140
0.351688	0.474779
0.315109	0.556168
0.490948	0.476220
0.299352	0.200566
0.551655	1.608073
0.105251	0.089989
0.320630	1.179918
0.225894	0.595231
0.182168	0.751443
0.072844	0.092876
0.071822	0.941586
0.151148	0.371068
0.259410	0.409868
0.136309	0.265122
0.094230	0.242171
0.068983	0.159352
0.164545	1.563999
0.058099	0.156867
0.104399	0.266740
0.231970	1.746733
0.108857	0.353240
0.224900	1.457351
0.162845	0.329761
0.148866	0.351323
0.169337	0.811970
0.070174	0.263154
0.151582	0.394114
0.291513	1.288489
0.151696	0.453572
0.219255	1.967811
0.134381	0.324529
0.210492	0.706200
0.135998	0.288995
0.225931	0.779464
0.160839	0.450348
0.165667	0.177264
0.151674	0.310931
0.227578	0.505224
0.106449	0.169786
0.106166	0.351411
0.110712	0.107390
0.087014	0.402438
0.066186	0.132373
0.219133	1.395874
0.093455	0.150462
0.097641	0.273396
0.136391	0.652632
0.110327	0.321603
0.071945	0.159717
0.053867	0.173991
0.106316	0.327454
0.088733	0.171697
0.139991	0.731453
0.061924	0.153571
0.176458	1.505187
0.297887	2.134360
0.119747	0.364031
0.124524	0.298236
0.089392	0.423718
0.094947	0.281043
0.053629	0.201646
0.087978	0.178156
0.063899	0.222050
0.106121	0.411218
0.115864	0.216665
0.104749	0.334149
0.090302	0.124165
0.068658	0.148301
0.111128	0.584534
0.081599	0.359443
0.069252	0.150276
0.103483	0.261295
0.088620	0.235286
0.206923	1.422596
0.061585	0.166278
0.098042	0.249517
0.082303	0.560074
0.102167	0.600232
0.075415	0.412518
0.100776	0.195506
0.080545	0.242038
0.127107	0.285354
0.107633	0.918111
0.139406	0.589689
0.130769	0.355692
0.077081	0.242421
0.089105	0.175982
0.084989	0.305959
0.150570	0.499140
0.063780	0.132343
0.129487	0.378749
0.136034	0.430549
0.172524	0.343323
0.074646	0.187735
0.185386	1.525730
0.091804	0.399807
0.077044	0.140990
0.115138	0.367291
0.137441	0.753863
0.080099	0.280749
0.135117	1.798408
0.103454	0.156733
0.375041	3.617271
0.106728	0.165961
0.151798	0.942664
0.119594	0.801881
0.153452	0.597697
0.312981	2.082889
0.104275	0.176747
0.189943	0.715135
0.142559	0.459752
0.120770	0.351442
0.133173	0.571980
0.083253	0.370893
0.268857	1.372515
0.217554	0.275206
0.086262	0.279920
0.107452	0.222963
0.068059	0.116721
0.101548	0.236607
0.123784	0.438815
0.072637	0.163070
0.043178	0.101036
0.031334	0.093846
0.139292	0.713173
0.079578	0.173878
0.041527	0.099871
0.120353	0.276811
0.064547	0.209133
0.059041	0.115425
0.116129	0.744390
0.078293	0.117049
0.090028	0.451491
0.142337	1.061125
0.065766	0.120352
0.098425	0.260335
0.097668	0.430715
0.113998	0.967275
0.084444	0.203932
0.105714	0.878480
0.032134	0.135926
0.200569	1.905404
0.178383	0.447742
0.108620	0.456749
0.066482	0.181496
0.074532	0.095401
0.093746	0.209523
0.199072	0.502656
0.124892	0.387791
0.080951	0.138021
0.118086	0.228496
0.128937	0.168263
0.180806	0.459248
0.076177	0.143593
0.117184	0.281826
0.170174	0.336094
0.097202	0.115184
0.087492	0.204731
0.074823	0.145156
0.163571	0.579861
0.106468	0.279478
0.122605	0.293025
0.243984	0.986915
0.147830	0.304530
0.180884	0.302981
0.147986	0.492052
0.134850	0.517150
0.169829	0.517129
0.095414	0.365913
0.309666	1.568457
0.245069	1.948299
0.093438	0.188746
0.209905	0.573042
0.191101	0.560880
0.182134	0.527277
0.249618	1.307997
0.191859	0.313690
0.118622	0.301300
0.078339	0.278888
0.079598	0.234019
0.094307	0.221621
0.087275	0.344735
0.100718	0.333879
0.120746	0.473324
0.092266	0.799485
0.118071	0.286912
0.220641	0.576977
0.091117	0.147154
0.117194	0.395528
0.113246	0.347099
0.106401	0.735231
0.184206	0.842742
0.077811	0.108936
0.199950	0.876781
0.078884	0.176305
0.075050	0.164735
0.163076	2.157495
0.068791	0.239393
0.039012	0.122302
0.213173	1.576411
0.123652	0.198462
0.185979	1.804000
0.095482	0.183326
0.102575	0.462102
0.088396	0.247951
0.089865	0.611978
0.110525	0.594070
0.089220	0.427366
0.114403	0.324334
0.069849	0.228406
0.104271	0.373290
0.051561	0.088684
0.218726	2.048365
0.087180	0.397104
0.266332	2.186589
0.084315	0.138699
0.059192	0.207765
0.073726	0.565109
0.088050	0.428801
0.047521	0.169650
0.076698	0.360864
0.055406	0.163724
0.064874	0.493369
0.144011	1.274496
0.176642	0.961816
0.094083	0.279427
0.056291	0.164370
0.084079	0.189597
0.024470	0.119661
0.096486	0.236874
0.160724	0.560926
0.109213	0.584838
0.114438	0.173946
0.199446	0.996235
0.076408	0.127601
0.088471	0.314515
0.261517	2.288270
0.159026	1.319917
0.078127	0.442196
0.059520	0.175288
0.043926	0.084558
0.183348	0.405200
0.165745	1.066570
0.051712	0.090495
0.094932	0.245874
0.108711	0.288084
0.121011	0.309788
0.103372	0.252228
0.216277	1.091116
0.205935	0.574558
0.271364	2.598311
0.149013	0.194462
0.181504	0.461927
0.070586	0.276343
0.286065	2.043936
0.106939	0.296755
0.091698	0.144425
0.093961	0.147048
0.202004	0.530261
0.205054	0.823291
0.231535	0.803425
0.092537	0.163790
0.246023	1.572086
0.212431	3.984141
0.285534	2.124375
0.116619	0.186008
0.165585	1.270868
0.062147	0.144803
0.103080	0.439123
0.128767	0.352822
0.183233	1.095731
0.170328	0.435187
0.082817	0.139132
0.113095	0.226190
0.189320	0.547134
0.162663	0.366805
0.279963	2.144514
0.142401	0.371667
0.060758	0.186224
0.185631	0.471503
0.139690	0.541299
0.303962	2.247797
0.107199	0.280863
0.130855	0.832235
0.329896	2.447832
0.327301	2.204371
0.108072	0.460386
0.092836	0.168961
0.213839	0.320758
0.123394	0.194962
0.211864	0.962924
0.354149	2.229366
0.093175	0.185418
0.234441	0.375106
0.118476	0.136247
0.106418	0.098437
0.097602	0.379184
0.071978	0.214855
0.140774	0.384313
0.238498	1.767269
0.063607	0.145979
0.104207	0.337630
0.104048	0.211737
0.222563	0.851305
0.089012	0.205619
0.071159	0.128798
0.163815	0.847744
0.104219	0.130795
0.085644	0.333582
0.076444	0.141038
0.082489	0.276751
0.064612	0.154422
0.232094	1.371674
0.173372	0.418694
0.163686	0.477144
0.079983	0.173562
0.053579	0.197171
0.122792	0.352412
0.077760	0.166018
0.101461	0.213067
0.174053	0.141853
0.168618	0.663512
0.132292	0.715698
0.055607	0.154866
0.128168	0.587011
0.165596	0.210307
0.224289	0.358862
0.225982	0.734442
0.123302	0.460533
0.084645	0.179024
0.123824	0.288511
0.241737	1.116827
0.084896	0.147295
0.106502	0.267852
0.093458	0.464019
0.320035	2.683492
0.098357	0.162289
0.081840	0.103528
0.213711	0.995892
0.096486	0.199243
0.118428	0.162246
0.114381	0.478684
0.099868	0.276136
0.155843	0.290647
0.171131	0.432105
0.189181	2.622992
0.231205	0.875110
0.145462	0.362200
0.083349	0.185451
0.114083	0.190519
0.088942	0.164097
0.158965	0.203475
0.074864	0.752007
0.139334	0.638151
0.043522	0.153633
0.171643	1.319937
0.163440	0.536901
0.293709	0.430283
0.261490	1.870959
0.213388	2.425158
0.084871	0.194780
0.118683	0.386313
0.140420	0.638910
0.180144	1.179942
0.184423	0.488720
0.112382	0.672605
0.075126	0.174293
0.051260	0.138403
0.080644	0.210883
0.107557	0.359779
0.310472	2.674714
0.046650	0.190797
0.054226	0.222327
0.126066	0.248349
0.165604	0.431399
0.055418	0.138544
0.156458	1.125712
0.164470	1.020538
0.111381	0.296830
0.118015	0.227178
0.204847	0.832705
0.078432	0.537260
0.097355	0.252637
0.117573	0.579633
0.060547	0.141982
0.090669	0.201285
0.101121	0.476278
0.153628	0.343359
0.105862	0.414979
0.033629	0.145109
0.117703	0.393129
0.073946	0.246981
0.158338	0.301634
0.041546	0.356049
0.074268	0.191241
0.050770	0.183026
0.092071	0.171712
0.070008	0.116564
0.107284	0.421627
0.127452	0.226228
0.133837	0.787632
0.147491	1.015474
0.183037	0.468576
0.118941	0.290217
0.124236	0.678330
0.156512	0.434322
0.093668	0.109592
0.349343	0.548469
0.265468	1.355213
0.224423	0.405084
0.153698	0.182901
0.119572	0.149465
0.172955	0.211870
0.295783	1.206796
0.169712	0.251174
0.168988	0.329526
0.204916	0.953885
0.102203	0.199295
0.087307	0.126596
0.212813	1.045975
0.277282	1.774603
0.084119	0.235532
0.344235	1.722894
0.149444	0.226408
0.137079	0.262505
0.226724	0.603086
0.149468	0.393101
0.353707	1.696025
0.268348	1.764390
0.137694	0.144578
0.138203	0.471272
0.207445	0.238561
0.141659	0.176365
0.179306	0.251924
0.109356	0.207230
0.189885	0.626622
0.084470	0.143599
0.103682	0.390361
0.258650	0.474622
0.179597	0.378052
0.198955	0.474509
0.174855	0.379436
0.128041	0.331626
0.150721	0.289384
0.142753	0.228404
0.199095	0.857106
0.210863	0.847670
0.073051	0.192124
0.234645	0.681643
0.133418	0.242822
0.114526	0.206720
0.138549	0.484228
0.106255	0.145038
0.207552	1.360506
0.086991	0.123527
0.100895	0.333459
0.086431	0.181074
0.107184	0.547711
0.075900	0.234531
0.063938	0.178069
0.108345	0.547144
0.145907	0.259715
0.215904	1.439002
0.235730	1.802159
0.059811	0.107361
0.155836	0.786974
0.265706	0.708105
0.199419	1.882515
0.079296	0.209343
0.096790	0.189709
0.073291	0.171868
0.107432	0.324445
0.061957	0.160159
0.123830	1.512589
0.183280	0.899907
0.081821	0.194325
0.052519	0.106877
0.052121	0.143071
0.085998	0.188335
0.163663	1.367402
0.064108	0.202260
0.151210	0.328126
0.227021	0.741225
0.272698	1.521657
0.098360	0.435735
0.206844	1.763342
0.207625	0.206587
0.119282	0.135982
0.206345	0.884189
0.101166	0.159842
0.275910	0.326953
0.377981	0.995979
0.312264	1.303704
0.316457	1.112345
0.244361	0.243139
0.526387	1.234379
0.320459	0.398971
0.346262	0.496887
0.511892	0.624508
0.378286	0.877624
0.347191	0.527730
0.262405	0.562858
0.102357	0.114128
0.314212	1.124880
0.278161	1.984677
0.187384	0.445037
0.288823	1.149517
0.145675	0.573958
0.321103	1.080511
0.311008	0.584695
0.228939	1.167589
0.281243	1.110910
0.334061	0.459334
0.142439	0.428741
0.089632	0.091873
0.142375	0.348107
0.089484	0.170467
0.116986	0.306502
0.102403	0.353292
0.060437	0.175266
0.125638	0.890143
0.275251	0.488571
0.118998	0.902001
0.096922	0.247635
0.148988	0.359807
0.109532	0.398149
0.080150	0.589103
0.172067	1.188124
0.262702	2.089794
0.111339	0.175915
0.214632	1.023795
0.114506	0.447717
0.125511	0.545346
0.205030	0.674550
0.077915	0.209203
0.051458	0.403170
0.109212	0.615955
0.051466	0.110394
0.068206	0.223035
0.050347	0.147012
0.093023	0.178139
0.110428	0.420180
0.116703	0.383951
0.079288	0.237863
0.150446	0.321955
0.099570	0.275808
0.097126	0.292350
0.078738	0.396051
0.039095	0.162244
0.045670	0.146373
0.120511	0.273561
0.184153	0.275309
0.146611	0.518269
0.112285	0.230746
0.065373	0.206251
0.218437	2.557900
0.097313	0.179055
0.136692	0.746337
0.063339	0.159615
0.081694	0.168699
0.225236	1.886353
0.062906	0.246276
0.056210	0.146428
0.071778	0.243686
0.134290	0.327668
0.071934	0.856374
0.163273	0.416347
0.262140	2.975287
0.077880	0.238311
0.147204	0.303977
0.107202	0.497417
0.029480	0.094043
0.136858	0.382518
0.169255	0.398596
0.075666	0.134307
0.182171	1.947406
0.206877	0.245149
0.117301	0.299119
0.187695	0.351928
0.092632	0.135243
0.079762	0.146762
0.103673	0.280436
0.174059	0.333323
0.285609	0.526949
0.152852	0.398943
0.241342	0.611801
0.203459	1.179044
0.180966	0.517562
0.156214	0.470205
0.189280	0.988986
0.090151	0.196529
0.181654	0.777481
0.064466	0.156653
0.137542	0.349356
0.254602	0.901290
0.110331	0.198595
0.193462	0.869613
0.070235	0.122911
0.120435	0.338422
0.094292	0.191884
0.120482	0.176506
0.068109	0.162101
0.098251	0.262820
0.139428	0.424559
0.170529	1.833190
0.095963	0.140586
0.091820	0.161145
0.040905	0.103489
0.076333	0.187016
0.156303	0.739311
0.232232	1.610532
0.122437	0.183044
0.118171	0.210345
0.057073	0.212597
0.168784	1.742692
0.075504	0.171016
0.091208	0.325156
0.154206	0.579044
0.044519	0.096607
0.073404	0.171032
0.094808	0.291061
0.221266	0.511125
0.132618	0.454881
0.105896	0.164139
0.175264	0.851781
0.067535	0.164110
0.209222	1.583811
0.088762	0.295133
0.238460	1.533299
0.118663	0.418288
0.096928	0.392560
0.069574	0.171499
0.160086	1.599260
0.087869	0.306663
0.076699	0.203635
0.108570	0.376195
0.214091	0.541651
0.079520	0.188861
0.172296	1.217271
0.079801	0.185936
0.061709	0.218758
0.080874	0.193289
0.096692	0.421577
0.347441	2.397340
0.177574	1.536012
0.117672	0.524815
0.211355	0.579112
0.094006	0.141008
0.129872	0.978588
0.036514	0.100596
0.115609	0.366479
0.087680	0.267424
0.122986	0.480876
0.149567	0.706706
0.059246	0.229874
0.110116	0.343562
0.074445	0.215519
0.054831	0.111306
0.075553	0.122018
0.109772	0.176733
0.125810	0.481223
0.115337	0.374847
0.157183	1.286540
0.124751	0.763478
0.088904	0.197812
0.132109	0.295263
0.114761	0.218046
0.224198	1.586200
0.087454	0.254929
0.162316	0.189910
0.082109	0.152312
0.208345	0.959427
0.061863	0.105786
0.090458	0.170514
0.120203	0.217567
0.103053	0.130877
0.186299	1.359051
0.208663	0.720931
0.066494	0.115367
0.047200	0.169450
0.061420	0.341802
0.122264	0.220687
0.110607	0.133282
0.185024	0.423705
0.222869	1.672632
0.123981	0.389919
0.066448	0.140205
0.131059	0.505234
0.098486	0.232919
0.101729	0.171921
0.124137	0.371168
0.109064	0.616212
0.123717	0.809108
0.124672	0.475622
0.064902	0.205416
0.092667	0.196455
0.159401	0.490955
0.192255	0.417194
0.183613	0.903374
0.082880	0.206370
0.052032	0.120714
0.084895	0.358258
0.067248	0.128779
0.148615	0.495631
0.107045	0.316317
0.067625	0.184955
0.077913	0.179980
0.115441	0.512557
0.143490	0.735385
0.080704	0.203777
0.197533	0.917539
0.068365	0.158607
0.080560	0.161926
0.113250	0.380521
0.088958	0.358055
0.069136	0.216396
0.047896	0.132433
0.034392	0.143244
0.069499	0.165755
0.075435	0.327009
0.048267	0.512838
0.101910	0.289934
0.072428	0.198091
0.118744	0.531377
0.160395	1.043369
0.123026	0.404140
0.062085	0.127274
0.108935	0.425389
0.113803	0.315803
0.304166	1.919288
0.101823	0.190409
0.070480	0.163513
0.143571	1.503902
0.096460	0.408991
0.052642	0.267421
0.101036	0.198030
0.118414	0.374782
0.155045	0.472112
0.099754	0.288289
0.214910	1.179858
0.109390	0.225343
0.065390	0.195190
0.061853	0.207827
0.081163	0.236589
0.212608	0.723930
0.128781	0.358011
0.186584	0.633452
0.100540	0.132209
0.173288	0.578783
0.075676	0.208109
0.077953	0.183968
0.064264	0.111177
0.133012	0.478179
0.150346	0.523203
0.052723	0.249117
0.110123	0.487844
0.177621	0.695387
0.078814	0.145412
0.071571	0.172128
0.089443	0.181570
0.066135	0.362087
0.143193	1.047457
0.121058	0.306278
0.093552	0.158570
0.120555	0.323088
0.131198	0.272236
0.255035	0.391479
0.108968	0.377030
0.126978	0.321889
0.088095	0.184558
0.082170	0.186525
0.108405	0.237407
0.127259	0.311783
0.197817	0.638950
0.104531	0.366905
0.170866	1.063640
0.089813	0.329614
0.162233	0.475343
0.226777	0.888967
0.276547	1.045348
0.101671	0.210967
0.091662	0.204864
0.174732	1.400474
0.080913	0.111256
0.222109	0.363149
0.213744	1.599875
0.131817	0.442245
0.090749	0.226874
0.177130	0.885652
0.092256	0.350110
0.089704	0.331010
0.084295	0.147938
0.092154	0.222552
0.188118	1.272617
0.240438	0.470056
0.145343	0.212201
0.065864	0.171246
0.229910	0.524195
0.076543	0.246470
0.091229	0.257723
0.183344	2.395391
0.122982	0.623520
0.072039	0.150200
0.054535	0.098708
0.094610	0.312685
0.222521	1.267255
0.109007	0.644774
0.124496	0.329913
0.142022	0.196700
0.257770	0.399544
0.111319	0.117442
0.150519	0.242336
0.137253	0.374014
0.133438	0.330258
0.093519	0.202937
0.106985	0.311861
0.171810	0.743078
0.059657	0.082327
0.162602	0.534146
0.050141	0.081730
0.140731	0.341272
0.166444	1.044438
0.177651	0.335761
0.181019	0.302303
0.205263	0.330473
0.288505	0.685199
0.138354	0.328590
0.241116	0.778803
0.176613	0.210169
0.294712	0.904766
0.215967	1.615430
0.194134	0.162102
0.191641	0.945746
0.209335	0.436464
0.209199	0.463377
0.384061	1.031205
0.212830	0.974763
0.228340	0.452113
0.276361	0.616284
0.124993	0.303734
0.089280	0.562463
0.225589	0.713988
0.216683	0.793059
0.157742	0.492154
0.176618	0.558113
0.090506	0.169245
0.109862	0.190061
0.233986	0.559227
0.386162	1.791792
0.240724	1.107332
0.182939	0.210380
0.128028	0.242614
0.096155	0.196637
0.097973	0.157737
0.149739	0.473925
0.152087	0.301133
0.161724	0.170619
0.173974	0.407970
0.162325	0.203718
0.233805	0.479301
0.155877	0.266550
0.163188	0.226832
0.128794	0.222169
0.240642	1.215241
0.289010	1.416150
0.139645	0.136154
0.169676	0.401284
0.320962	1.932194
0.263556	0.921130
0.137232	0.163992
0.201511	0.232746
0.194427	0.317888
0.461204	1.941670
0.399010	1.532199
0.188468	0.337357
0.214113	1.439910
0.138792	0.237334
0.095649	0.170255
0.158275	0.201010
0.089486	0.135124
0.177974	0.199331
0.402115	2.450888
0.180754	0.369643
0.089171	0.120381
0.110024	0.287713
0.072946	0.095559
0.181339	0.508657
0.358021	1.396283
0.113083	0.110821
0.162600	0.409753
0.198289	1.088606
0.134007	0.453614
0.061778	0.142708
0.310772	2.265525
0.251783	2.252202
0.101394	0.171863
0.063719	0.109279
0.125696	0.562491
0.098145	0.166847
0.168859	0.487157
0.151291	0.391087
0.245482	1.215135
0.108534	0.232264
0.201415	0.432035
0.181341	0.873155
0.117645	0.199996
0.360292	0.686356
0.312820	0.292487
0.292557	0.400803
0.581535	1.404408
0.360278	0.412518
0.303161	0.671501
0.238833	0.339143
0.298335	0.399770
0.359534	0.476382
0.188773	0.180278
0.243544	0.769599
0.255119	0.674791
0.107929	0.247158
0.104082	0.262807
0.102394	1.151424
0.085233	0.204134
0.236472	0.864305
0.092019	0.159193
0.126901	0.631969
0.097355	0.164530
0.335706	1.514034
0.054567	0.097675
0.217894	0.711423
0.133885	0.452531
0.112137	0.139050
0.120505	0.756169
0.189355	1.007370
0.205501	0.767545
0.050684	0.091231
0.196327	0.492782
0.215130	0.344207
0.283746	2.414680
0.272545	2.222601
0.100755	0.238789
0.364915	1.809980
0.186600	0.399324
0.108970	0.190152
0.153632	0.342600
0.227728	1.636224
0.076720	0.236299
0.261581	1.727740
0.142265	1.026442
0.071660	0.133647
0.096622	0.169088
0.144363	0.320486
0.122030	0.385615
0.057910	0.160410
0.152411	1.450953
0.179912	1.840499
0.185581	1.127403
0.125861	0.385763
0.158683	0.295151
0.125701	0.194208
0.158036	0.741189
0.244019	1.522678
0.083013	0.163121
0.275523	1.274294
0.132339	0.397016
0.054952	0.153865
0.089849	0.236751
0.231581	0.613689
0.133124	0.346787
0.268486	3.153367
0.108460	0.394253
0.088670	0.298375
0.080598	0.236152
0.122419	0.640864
0.144549	1.223609
0.138050	0.231924
0.134631	0.219448
0.223191	0.993198
0.095838	0.173946
0.136677	0.403881
0.102442	0.296569
0.186931	0.686037
0.122721	0.335028
0.155389	0.493359
0.062967	0.107043
0.224298	1.696811
0.198052	1.208117
0.186841	1.982379
0.164875	0.762545
0.149029	0.204915
0.206378	1.174292
0.103411	0.685099
0.158659	1.382709
0.059873	0.157465
0.164400	0.770215
0.094648	0.209172
0.390815	3.976538
0.297718	0.445088
0.154751	0.236769
0.193967	0.224032
0.172369	0.203395
0.100698	0.230599
0.152925	0.347905
0.181028	1.075306
0.081850	0.131779
0.134047	0.512732
0.055247	0.122925
0.184166	0.485279
0.075341	0.152565
0.073179	0.097695
0.115783	0.404082
0.114842	0.163076
0.083140	0.156718
0.168600	0.573239
0.123548	0.172350
0.235703	2.784835
0.095528	0.110812
0.053494	0.083184
0.162200	0.175987
0.269768	1.068280
0.209086	0.564533
0.300631	1.192002
0.076567	0.135523
0.132561	0.272412
0.077855	0.160772
0.046382	0.278524
0.157268	0.575600
0.065307	0.200167
0.103275	0.266451
0.114383	0.316268
0.100294	0.324954
0.079535	0.140776
0.100831	0.243508
0.052194	0.152147
0.076769	0.279056
0.089351	0.213995
0.124202	0.897983
0.060803	0.155351
0.074068	0.411076
0.068672	0.356063
0.136107	0.585941
0.071546	0.267941
0.215271	0.628592
0.057141	0.150567
0.152018	0.364082
0.083812	0.157985
0.074182	0.162829
0.188557	0.499675
0.208279	0.680031
0.058859	0.203064
0.094041	0.244977
0.092819	0.211162
0.063726	0.136056
0.186342	0.632632
0.136091	0.267419
0.123754	0.582880
0.074479	0.137414
0.062669	0.168893
0.056214	0.172014
0.162709	0.196064
0.069302	0.279979
0.065876	0.508230
0.035302	0.136090
0.067204	0.282591
0.133830	0.809673
0.143520	1.105104
0.062134	0.154092
0.140974	0.482132
0.076589	0.179600
0.166535	0.831843
0.086807	0.276481
0.057414	0.228793
0.087274	0.175858
0.147948	0.205648
0.133261	0.293175
0.095844	0.183063
0.096175	0.318820
0.091336	0.171256
0.182449	0.363073
0.100498	0.299483
0.101530	0.393938
0.160439	0.904877
0.079316	0.193928
0.145917	0.496116
0.091598	0.168083
0.074173	0.143154
0.234198	1.300968
0.106239	0.215134
0.280910	1.703718
0.247116	1.393733
0.192935	0.462078
0.125537	0.423688
0.118807	0.318402
0.230330	2.158193
0.138171	0.344046
0.158005	0.162745
0.148811	0.521584
0.126503	0.320685
0.108005	0.142567
0.222440	0.219103
0.248223	1.097147
0.188647	0.505574
0.089676	0.256922
0.078532	0.125259
0.174335	0.537824
0.098608	0.141503
0.127438	0.432016
0.252143	2.554211
0.056655	0.211890
0.121968	0.403714
0.132006	0.390739
0.065838	0.147806
0.125642	0.253796
0.085470	0.229060
0.252826	0.828005
0.229589	1.855082
0.087459	0.174917
0.166181	0.985452
0.056664	0.142227
0.072037	0.143353
0.071501	0.148365
0.270357	2.598133
0.125107	0.355304
0.098380	0.262182
0.142804	0.329878
0.123233	0.344435
0.083788	0.164644
0.071433	0.174296
0.149262	0.585109
0.156708	0.333788
0.105917	0.292861
0.133239	0.351085
0.124254	0.494532
0.134888	0.724351
0.132021	0.950549
0.085010	0.163645
0.060684	0.225745
0.375258	2.628679
0.163333	0.775016
0.067313	0.277668
0.141830	0.200690
0.232946	0.884028
0.145988	0.621180
0.085355	0.160041
0.127284	0.176288
0.076847	0.145241
0.108881	0.550937
0.250884	1.054966
0.093530	0.382536
0.108249	0.187813
0.077600	0.095836
0.181959	0.511306
0.189654	1.460336
0.063173	0.141822
0.156851	0.787392
0.106764	0.199116
0.293973	1.890249
0.121513	0.172549
0.145662	0.247625
0.222516	0.646410
0.087638	0.174400
0.218394	0.600584
0.083729	0.154899
0.147163	0.185426
0.118282	0.324092
0.190678	0.537712
0.195084	0.664262
0.158915	0.246318
0.206601	0.421465
0.092343	0.207309
0.204191	0.519667
0.279417	1.003107
0.112447	0.308105
0.164344	0.365666
0.072892	0.137766
0.061506	0.156533
0.116556	0.683601
0.058271	0.139267
0.171651	1.176667
0.083571	0.396128
0.191802	1.338779
0.076274	0.225389
0.062659	0.212101
0.071263	0.102619
0.110064	0.260302
0.095129	0.348173
0.118474	0.353054
0.090504	0.198204
0.138656	0.287710
0.120660	0.336641
0.147933	0.525901
0.079286	0.174430
0.129474	0.462221
0.062677	0.278287
0.097739	0.731084
0.071057	0.156326
0.148700	0.430486
0.091939	0.219735
0.083750	0.220262
0.070627	0.317467
0.087551	0.210561
0.072130	0.178882
0.067947	0.121965
0.175923	0.976372
0.264328	0.941009
0.058185	0.095133
0.176082	0.755391
0.139810	0.174064
0.107490	0.285922
0.112819	0.453530
0.178308	1.085895
0.122376	0.122988
0.076497	0.156436
0.110868	0.394137
0.057345	0.135048
0.148124	0.231073
0.230456	0.811205
0.165490	0.733119
0.107807	0.362230
0.108081	0.229673
0.135075	0.622697
0.237474	0.815722
0.242675	0.411334
0.125352	0.370415
0.292801	1.545989
0.214551	0.570705
0.206021	0.436764
0.199072	0.206039
0.278124	0.589624
0.121387	0.198467
0.155236	1.309415
0.090149	0.301098
0.065554	0.183222
0.200616	0.347065
0.078994	0.266208
0.111939	0.256341
0.199484	1.734514
0.061380	0.181071
0.112069	0.187715
0.134013	0.176227
0.173041	0.724178
0.100079	0.172136
0.292442	2.136285
0.156293	0.221936
0.104864	0.308301
0.186659	0.648639
0.064385	0.100762
0.085197	0.141002
0.192874	0.212161
0.122333	0.494835
0.107293	0.517689
0.086692	0.521453
0.130920	0.650019
0.100139	0.692461
0.089012	0.197606
0.130811	1.118435
0.098193	0.243519
0.048419	0.199488
0.071687	0.197497
0.052802	0.115636
0.114050	0.335878
0.119918	0.254825
0.062893	0.102516
0.084849	0.362728
0.057321	0.206355
0.102570	0.330275
0.068570	0.124797
0.079290	0.254522
0.085048	0.200713
0.118646	0.233140
0.151653	0.671064
0.075985	0.248471
0.077861	0.243316
0.043562	0.145061
0.066444	0.210296
0.164268	1.100593
0.179842	0.378568
0.189013	1.376958
0.089169	0.176555
0.064243	0.167674
0.089350	0.255988
0.125537	0.249819
0.085143	0.186038
0.074226	0.250883
0.096953	0.209419
0.244412	0.468049
0.147942	0.760423
0.147318	0.883911
0.112473	0.332359
0.119250	0.412007
0.088188	0.257509
0.100659	0.352307
0.075803	0.289945
0.065149	0.147889
0.076184	0.290642
0.073725	0.171780
0.111711	0.287098
0.101211	0.209000
0.117233	0.299531
0.132645	1.291299
0.102643	0.250448
0.163343	0.744846
0.092727	0.442307
0.030330	0.175156
0.113973	0.170959
0.087224	0.265162
0.147691	0.687500
0.072886	0.161442
0.074334	0.180632
0.162824	0.560115
0.049117	0.177313
0.046207	0.143471
0.092496	0.332523
0.176480	3.419291
0.050723	0.113873
0.068063	0.174582
0.070487	0.193135
0.040665	0.093325
0.053713	0.118437
0.120443	1.082182
0.069005	0.267393
0.119269	0.625567
0.092159	0.563552
0.116319	0.444337
0.028986	0.107973
0.088614	0.236600
0.103913	0.303945
0.127614	0.222687
0.151672	0.411789
0.169059	0.488581
0.078377	0.127754
0.141444	0.492227
0.110091	0.457428
0.092430	0.171920
0.061306	0.101767
0.152593	0.624107
0.102416	0.218147
0.144064	0.391135
0.213110	0.404909
0.114791	0.333467
0.089456	0.161020
0.081443	0.175916
0.181311	1.667154
0.115301	0.396636
0.092605	0.172709
0.076447	0.137222
0.085435	0.260578
0.096728	0.265035
0.070195	0.151621
0.128125	0.793094
0.070495	0.181525
0.082881	0.311633
0.125726	0.338832
0.086008	0.164706
0.192268	0.571036
0.047902	0.186578
0.142694	0.698486
0.150453	1.209642
0.079545	0.181760
0.140449	0.476823
0.120609	0.326248
0.095557	0.189203
0.142784	0.195614
0.337767	2.359299
0.068708	0.120239
0.073003	0.137612
0.106249	0.201874
0.086989	0.170934
0.138074	0.330687
0.077983	0.224200
0.177958	0.221557
0.200760	1.369182
0.073134	0.160894
0.067223	0.133102
0.085779	0.178850
0.130946	0.853769
0.035108	0.153772
0.079601	0.138107
0.135905	0.228321
0.146094	0.523016
0.032961	0.214411
0.093887	0.152097
0.095033	0.513653
0.108819	0.257356
0.130443	0.561559
0.122406	0.754634
0.155486	0.429140
0.195479	0.535612
0.075883	0.476167
0.153454	0.939141
0.088863	0.207940
0.155665	0.273192
0.122603	0.208425
0.102590	0.181585
0.095603	0.213195
0.068986	0.163151
0.084918	0.184272
0.179805	0.743492
0.051265	0.115090
0.141454	0.246130
0.117333	0.370187
0.353438	3.419509
0.161576	1.564052
0.168304	0.862557
0.127379	0.346470
0.059181	0.102087
0.056866	0.093830
0.196103	1.018757
0.107510	0.295116
0.138191	0.279147
0.051260	0.087655
0.166968	0.505077
0.111148	0.342335
0.136851	0.352390
0.124305	0.295224
0.067072	0.135150
0.060490	0.080754
0.116259	0.276114
0.074168	0.144256
0.157020	0.312470
0.091019	0.164745
0.071582	0.231926
0.220149	1.327501
0.035411	0.125001
0.038168	0.134543
0.128277	0.420106
0.145114	0.179942
0.111674	0.174770
0.080512	0.149752
0.071058	0.154905
0.052030	0.262749
0.083057	0.222178
0.068935	0.154760
0.061960	0.157069
0.065774	0.116421
0.078750	0.143326
0.127800	0.256877
0.142033	0.298980
0.090886	0.260844
0.191372	0.653535
0.157784	0.669006
0.051428	0.164314
0.151285	0.527984
0.052807	0.157893
0.130620	0.332427
0.049819	0.195788
0.036162	0.170143
0.119401	1.498484
0.058742	0.112784
0.278953	0.980520
0.117537	0.969091
0.077358	0.187980
0.106170	0.315326
0.142710	0.531596
0.158656	1.124873
0.093171	0.243642
0.077176	0.201043
0.204922	1.557405
0.142775	1.232152
0.160811	0.574094
0.093772	0.818632
0.138568	0.461431
0.127161	1.010293
0.070958	0.298731
0.114819	1.027631
0.048451	0.145353
0.077680	0.388790
0.053998	0.327501
0.063213	0.500331
0.198967	1.601688
0.069964	0.157768
0.054069	0.166263
0.068437	0.178620
0.053147	0.109217
0.237162	1.600846
0.116347	0.339151
0.105548	0.475494
0.064852	0.572321
0.101188	0.406776
0.060558	0.320051
0.114964	0.362135
0.091161	0.520075
0.061191	0.213864
0.171842	0.823981
0.172649	1.306950
0.151841	0.999116
0.099208	1.101710
0.052946	0.091862
0.146041	0.835357
0.078762	0.344979
0.218258	0.522729
0.075889	0.246260
0.068388	0.431871
0.086441	0.395466
0.134608	0.647466
0.134096	1.386556
0.106161	0.658198
0.053724	0.221880
0.085567	0.179262
0.074301	0.269713
0.093234	0.420950
0.036535	0.128056
0.115825	0.382802
0.056245	0.280379
0.148650	1.375015
0.110128	0.394260
0.188928	0.328735
0.127694	0.352436
0.091599	0.228082
0.113027	0.337385
0.102491	0.269038
0.184473	1.021055
0.090350	0.183411
0.117013	0.238706
0.064629	0.136368
0.061151	0.143704
0.131749	0.407762
0.122818	0.327923
0.073913	0.186999
0.103213	0.325121
0.112449	0.168673
0.149803	0.199987
0.124633	0.227455
0.189436	1.443500
0.138687	0.270440
0.124853	0.624267
0.053755	0.087889
0.100351	0.236828
0.128948	0.642159
0.132937	0.454644
0.097669	0.226593
0.118651	0.287729
0.089381	0.452715
0.062660	0.170122
0.051094	0.103210
0.098980	0.129664
0.136211	0.676288
0.089069	0.350041
0.074198	0.137266
0.071877	0.170349
0.166468	1.261829
0.069693	0.119872
0.192885	0.445564
0.081338	0.212700
0.035906	0.097306
0.076013	0.246662
0.155426	0.372246
0.122944	0.290148
0.194456	1.499258
0.099389	0.258411
0.115258	0.171159
0.251992	1.450216
0.219369	2.111424
0.248456	2.674632
0.197188	0.784810
0.114482	0.327418
0.085643	0.136173
0.070853	0.105926
0.283796	2.171036
0.073521	0.204020
0.082709	0.108763
0.048749	0.203281
0.101937	0.881248
0.062780	0.137801
0.050970	0.190116
0.103929	0.262941
0.036759	0.268525
0.091802	0.231341
0.083090	0.206063
0.068059	0.152792
0.052596	0.108612
0.111132	0.373961
0.077191	0.230800
0.113051	0.158836
0.062507	0.199084
0.081342	0.419723
0.087654	0.226146
0.189042	0.634236
0.075190	0.220308
0.114869	0.174601
0.131376	0.432226
0.096051	0.229081
0.203163	1.029021
0.188980	0.448829
0.071375	0.151316
0.097921	0.373570
0.069294	0.168385
0.178062	0.531514
0.097164	0.231736
0.384035	3.796183
0.178942	0.195941
0.107151	0.249663
0.102857	0.293144
0.218125	0.784160
0.219298	1.554825
0.150555	0.618030
0.100676	0.280885
0.126890	0.387650
0.127992	0.440291
0.105096	0.324746
0.188384	0.617898
0.102972	0.298104
0.122452	0.366131
0.074339	0.125261
0.155302	0.477555
0.070478	0.186767
0.093389	0.199387
0.066573	1.139056
0.076597	0.217920
0.140436	0.436053
0.143434	0.489110
0.266795	1.001814
0.117559	0.289784
0.396855	3.264129
0.080869	0.179528
0.111977	0.260906
0.111638	0.163549
0.155394	0.317004
0.111963	0.186978
0.157898	0.473695
0.045712	0.133250
0.101694	0.426097
0.084173	0.155721
0.064156	0.092706
0.149339	0.325560
0.240091	1.769469
0.207865	0.351292
0.147376	0.239487
0.105245	0.154183
0.151815	1.216794
0.114589	0.445180
0.051082	0.080709
0.080515	0.127214
0.077447	0.194780
0.115965	0.338039
0.111946	0.151127
0.220089	0.751603
0.117871	0.371292
0.075632	0.192861
0.124093	0.465968
0.207822	1.801817
0.101530	0.228951
0.125806	0.280547
0.201918	1.081272
0.062623	0.127751
0.094035	0.255306
0.075815	0.134193
0.141880	0.436989
0.069274	0.217521
0.111919	0.265248
0.165501	0.499815
0.065329	0.109754
0.116723	0.178003
0.187853	0.508142
0.105213	0.143090
0.406330	1.588752
0.218598	0.641584
0.174598	0.244437
0.060121	0.092286
0.268726	2.058439
0.046502	0.166710
0.087165	0.108520
0.111376	0.345266
0.100565	0.198114
0.226886	0.482133
0.170053	0.147096
0.138400	1.230376
0.112998	0.366677
0.311249	1.848821
0.098626	0.306728
0.116773	0.287846
0.062554	0.225821
0.102073	0.324591
0.061836	0.132947
0.086922	0.231212
0.071095	0.169918
0.067495	0.194385
0.116443	0.271312
0.055373	0.102440
0.068437	0.291542
0.071378	0.141328
0.196961	1.235928
0.191312	0.961342
0.108048	0.319282
0.166902	0.837012
0.084071	0.172767
0.097326	0.301712
0.067497	0.153218
0.193110	0.142901
0.075113	0.173510
0.098220	0.242603
0.102636	0.225800
0.105417	0.132825
0.025170	0.306061
0.156881	2.162602
0.161350	0.421930
0.162233	0.433163
0.115727	0.402151
0.147659	1.482494
0.079876	0.208477
0.120819	0.222308
0.046088	0.144947
0.106995	0.165308
0.100109	0.176191
0.047782	0.159113
0.243048	2.690541
0.129077	0.724125
0.037212	0.534371
0.206281	1.434684
0.040023	0.223730
0.041278	0.117023
0.266590	1.742164
0.150602	0.932229
0.042204	0.098968
0.037807	0.144235
0.090097	0.345071
0.127895	0.440598
0.058662	0.173639
0.132935	1.173147
0.055636	0.277901
0.061484	0.217960
0.051307	0.102613
0.071953	0.420205
0.108482	0.346058
0.060613	0.130317
0.091122	0.218236
0.072327	0.228554
0.061681	0.187819
0.103707	0.506091
0.040200	0.086230
0.063493	0.106350
0.098336	0.254199
0.145584	0.421466
0.148412	0.368061
0.086106	0.173074
0.176883	1.151510
0.104350	0.298442
0.118171	0.709028
0.074496	0.231681
0.124822	0.388822
0.116005	0.964579
0.062049	0.278599
0.071957	0.136719
0.207937	0.482415
0.072700	0.311884
0.130318	0.391606
0.064953	0.088661
0.097695	0.280384
0.140175	1.002955
0.094059	0.166955
0.099168	0.179990
0.055955	0.127017
0.078589	0.195688
0.133910	0.622011
0.052184	0.140115
0.095092	0.295738
0.096517	0.365798
0.244821	0.854424
0.124135	0.340749
0.137341	0.276055
0.236904	1.036457
0.206711	1.037689
0.094266	0.172978
0.131073	0.171706
0.107897	0.191517
0.235039	2.452628
0.142065	0.629350
0.125535	0.342711
0.146846	0.942015
0.082521	0.425394
0.085120	0.209396
0.114231	0.842450
0.111183	0.222366
0.102464	0.217223
0.220350	1.217434
0.151318	0.439577
0.125699	0.827727
0.086144	0.254988
0.068685	0.339991
0.086675	0.270426
0.135043	0.359890
0.213778	1.731599
0.170721	1.241997
0.077864	0.151834
0.078608	0.210276
0.033766	0.171532
0.063397	0.226644
0.065385	0.377924
0.056291	0.218128
0.051096	0.150734
0.060291	0.202278
0.094007	0.292831
0.096406	0.265115
0.086540	0.438760
0.080428	0.393291
0.085349	0.508253
0.039022	0.262420
0.041844	0.154404
0.079401	0.138953
0.067885	0.165301
0.178276	1.114228
0.084531	0.245985
0.065343	1.195125
0.097376	0.188422
0.156781	0.626341
0.195242	1.312025
0.150100	0.301700
0.104247	0.177220
0.057735	0.212178
0.152103	0.734659
0.047171	0.104485
0.068724	0.294484
0.076120	0.157949
0.063108	0.461632
0.140158	0.618099
0.075221	0.179027
0.175299	0.912433
0.069630	0.182430
0.061529	0.093216
0.066596	0.235416
0.116168	0.480357
0.109120	0.339363
0.087860	0.217015
0.117326	0.227027
0.251698	1.379303
0.114350	0.407088
0.116093	0.294297
0.050802	0.145548
0.117677	0.342440
0.071031	0.148810
0.112621	0.252834
0.066521	0.165638
0.060798	0.145612
0.054649	0.138262
0.111686	0.300993
0.088526	0.264692
0.155431	0.448420
0.144350	0.591837
0.113964	0.312831
0.113910	0.303001
0.117009	0.348686
0.067727	0.156448
0.040157	0.109227
0.142167	0.639042
0.054184	0.140336
0.143191	0.567754
0.074093	0.231172
0.101221	0.542037
0.158033	0.754606
0.067249	0.143914
0.114659	0.354297
0.104665	0.771380
0.057200	0.124124
0.079737	0.283466
0.156715	1.398685
0.129373	0.560830
0.060708	0.194266
0.095334	0.180181
0.126177	0.411336
0.120618	0.852170
0.130046	0.229530
0.159161	0.411432
0.121091	0.395361
0.117071	0.316676
0.153090	0.570260
0.115989	0.352607
0.151402	0.279337
0.075525	0.120085
0.128254	0.457226
0.100373	0.300617
0.069730	0.392926
0.062388	0.212431
0.124163	0.336482
0.110425	0.590772
0.069586	0.294349
0.152654	0.779297
0.089261	0.157100
0.086699	0.735637
0.075327	0.211293
0.102717	0.236248
0.325640	2.334836
0.087941	0.440145
0.045501	0.162666
0.078247	0.500388
0.103443	0.752028
0.062235	0.651916
0.043377	0.121239
0.135991	0.229824
0.079101	0.283577
0.114318	0.861961
0.114419	0.340396
0.232000	0.322480
0.186752	0.945898
0.172695	0.708049
0.085942	0.159851
0.078300	0.315156
0.103689	0.287738
0.096169	0.265426
0.103620	0.310861
0.112154	0.288236
0.078440	0.177666
0.180390	2.112371
0.153332	0.996656
0.056233	0.271607
0.089107	0.342615
0.059760	0.172409
0.038565	0.124371
0.103054	0.248876
0.082772	0.396892
0.117045	0.723339
0.057164	0.161487
0.106844	0.298630
0.150042	1.450910
0.055254	0.127638
0.080482	0.317503
0.090118	0.252330
0.061984	0.132336
0.068688	0.240065
0.037926	0.111691
0.074421	0.170795
0.052270	0.132766
0.130556	0.204320
0.139983	0.599829
0.199774	2.307394
0.089766	0.136894
0.161935	0.499571
0.143293	0.606846
0.194719	1.705739
0.147418	0.624314
0.073778	0.129850
0.123335	0.307105
0.045516	0.108102
0.080599	0.224064
0.212811	1.735472
0.096178	0.194761
0.085084	0.262059
0.180680	0.254758
0.109302	0.354140
0.072689	0.171184
0.067794	0.272532
0.074582	0.318839
0.066219	0.168198
0.106412	0.354351
0.135845	0.957707
0.036232	0.084421
0.069640	0.263587
0.050563	0.105423
0.188482	0.247853
0.103134	0.230505
0.147373	1.187824
0.068874	0.201112
0.053568	0.123742
0.110610	0.339573
0.099387	0.238031
0.134335	0.366736
0.193912	1.165410
0.092333	0.394261
0.079469	0.141057
0.047552	0.143132
0.090951	0.222829
0.182195	1.219796
0.066909	0.107389
0.050376	0.109819
0.090839	0.230278
0.066381	0.145705
0.257566	2.376049
0.206945	0.318696
0.213065	0.426130
0.308791	0.793593
0.210173	0.502315
0.087328	0.113964
0.082497	0.107246
0.121574	0.156831
0.144934	0.198559
0.217438	0.270711
0.338237	0.974122
0.228257	0.919874
0.170479	0.299191
0.312204	1.280034
0.231868	0.314181
0.261559	1.477807
0.118721	0.334200
0.097293	0.298689
0.076029	0.149397
0.156114	0.379358
0.092325	0.185573
0.058430	0.128546
0.150510	0.479373
0.131857	0.233387
0.106451	0.192677
0.264165	0.923256
0.135308	0.242201
0.187258	0.367026
0.109157	0.179563
0.089169	0.160504
0.118954	0.421098
0.202373	0.278262
0.139184	0.157974
0.060220	0.124355
0.075933	0.111622
0.139241	0.284747
0.113028	0.334563
0.316511	2.104798
0.162926	0.778786
0.083941	0.188447
0.054090	0.112777
0.094144	0.236301
0.137229	1.092339
0.098298	0.168580
0.104593	0.204479
0.080687	0.281596
0.148765	0.373399
0.116789	0.385403
0.131168	0.173797
0.087385	0.166905
0.184006	0.223567
0.165692	0.468079
0.211445	0.422891
0.189351	0.455388
0.142169	0.275808
0.088779	0.233044
0.390248	2.003926
0.173231	0.324809
0.093065	0.139598
0.199793	0.726249
0.235997	1.220105
0.157928	0.351391
0.157152	0.431382
0.194250	1.216973
0.150241	0.543120
0.105631	0.309500
0.136966	0.640316
0.187491	0.687156
0.190228	0.424208
0.207478	1.103784
0.095867	0.176396
0.146504	0.194118
0.130513	0.274730
0.180854	0.731556
0.097226	0.231397
0.078018	0.289448
0.204080	0.557138
0.088580	0.394180
0.036197	0.095198
0.149062	0.301105
0.085803	0.162597
0.224293	0.780541
0.159247	0.705462
0.077578	0.271525
0.096275	0.505924
0.174717	0.649948
0.166860	0.399629
0.099567	0.302682
0.105973	0.180684
0.077313	0.124475
0.071274	0.085529
0.109442	0.140633
0.127150	1.087130
0.132297	0.817596
0.141826	0.297125
0.100186	0.186345
0.100922	0.335565
0.161136	0.414119
0.086084	0.130848
0.097458	0.171039
0.145188	0.365147
0.088618	0.241926
0.144537	0.668486
0.214721	0.689256
0.124663	0.340331
0.104728	0.244015
0.232483	1.852887
0.139007	0.444128
0.057452	0.114904
0.135613	0.255631
0.213530	0.831698
0.106887	0.348453
0.107395	0.255063
0.101922	0.386283
0.065596	0.115122
0.079430	0.274033
0.168948	1.118439
0.165116	0.684407
0.169506	1.519625
0.114163	0.212913
0.051484	0.162174
0.097689	0.176817
0.055612	0.264157
0.110832	0.228868
0.112680	0.347054
0.067911	0.165363
0.277613	2.444385
0.064108	0.167643
0.107429	0.315304
0.153797	1.592570
0.139962	0.594839
0.117588	0.184613
0.112457	0.359863
0.173330	1.283506
0.046494	0.195973
0.085561	0.109947
0.106601	0.297418
0.218219	1.360598
0.126291	0.340354
0.077351	0.144646
0.072244	0.238043
0.217359	0.553178
0.221893	2.198957
0.115651	0.152660
0.091383	0.364162
0.137319	0.556141
0.106443	0.222997
0.224345	1.103779
0.074703	0.160237
0.067968	0.177395
0.167614	0.307572
0.157572	0.281267
0.084882	0.503353
0.119421	0.877747
0.048323	0.121533
0.121218	1.324918
0.106245	0.626312
0.084348	0.324741
0.088332	0.187705
0.256250	2.958403
0.140975	0.423630
0.142055	0.451025
0.049005	0.130843
0.080298	0.193921
0.080386	0.117363
0.060771	0.150713
0.137203	0.543322
0.135132	0.411477
0.144601	0.712881
0.060521	0.136475
0.136926	0.271113
0.108010	0.181457
0.150841	0.626746
0.113767	0.366898
0.248225	2.935257
0.169534	0.374669
0.076725	0.204857
0.139352	0.539292
0.129988	0.526451
0.101828	0.252024
0.105839	0.229670
0.157573	1.879062
0.094766	0.316993
0.070566	0.233925
0.048990	0.107533
0.079477	0.302014
0.221984	2.354141
0.123993	0.334782
0.192870	1.424348
0.074763	0.388394
0.078532	0.192403
0.113675	0.447312
0.105176	0.405981
0.124393	0.721478
0.206921	0.449019
0.064189	0.172346
0.111382	0.671074
0.115631	0.235886
0.107593	0.487397
0.075808	0.148584
0.157202	0.132836
0.279318	1.261119
0.114480	0.196334
0.187384	1.547791
0.237765	1.727360
0.175130	0.536774
0.198103	0.949902
0.172247	0.235979
0.117035	0.149219
0.203967	0.437509
0.088906	0.128913
0.142012	0.585798
0.100126	0.318402
0.155983	0.202778
0.116705	0.185562
0.220717	0.190920
0.161908	0.327055
0.306296	1.024560
0.233150	1.253183
0.129875	0.140915
0.203033	0.436521
0.089586	0.097648
0.278873	0.889605
0.169767	0.573812
0.317717	0.781584
0.141842	0.200707
0.267173	0.591789
0.139860	0.196503
0.309621	1.038777
0.297332	2.539217
0.179289	0.233076
0.319397	1.327094
0.177982	0.918389
0.184404	0.338381
0.106119	0.193137
0.336173	0.956412
0.096598	0.176292
0.168107	0.371517
0.202427	0.603234
0.135740	0.578252
0.108409	0.120876
0.124712	0.407184
0.159102	0.324569
0.192183	1.424079
0.167171	0.483960
0.094685	0.154337
0.108624	0.198240
0.119608	0.328922
0.073549	0.214764
0.128540	0.307854
0.086620	0.157649
0.110590	0.193532
0.175306	0.306786
0.175048	0.871740
0.043118	0.097231
0.082441	0.169415
0.146308	1.717652
0.040425	0.107936
0.075653	0.161897
0.104131	0.257725
0.115387	0.426931
0.089470	0.290330
0.128254	0.722070
0.181087	1.397994
0.109826	0.336617
0.096457	0.221369
0.098562	0.805740
0.088743	0.202334
0.083253	0.121966
0.043644	0.212763
0.080695	0.148881
0.091995	0.253447
0.154691	1.417747
0.094096	0.359915
0.072474	0.165965
0.066105	0.136508
0.071895	0.113954
0.083992	0.264575
0.074714	0.245434
0.080891	0.285140
0.114208	0.151897
0.084981	0.280439
0.112589	1.432134
0.124200	0.403651
0.081016	0.240619
0.080801	0.235938
0.052513	0.170143
0.105291	0.323244
0.074088	0.206706
0.074980	0.154834
0.055899	0.171331
0.120935	0.336805
0.076948	0.239693
0.164306	0.627649
0.174091	0.915716
0.197130	0.695868
0.128615	0.399348
0.107730	0.339888
0.043795	0.100949
0.099026	0.449578
0.076247	0.334341
0.088299	0.164678
0.054238	0.216679
0.134638	0.624720
0.067344	0.145463
0.049782	0.114250
0.124562	0.397352
0.085567	0.240445
0.075978	0.243508
0.118911	0.196203
0.065297	0.142349
0.116896	0.703714
0.202801	2.852393
0.155516	0.555191
0.113940	0.231298
0.098508	0.287151
0.185935	0.339331
0.170677	0.477897
0.207001	0.367426
0.158211	0.234943
0.090668	0.140989
0.144179	0.331612
0.170238	0.496243
0.139598	0.345506
0.089053	0.149164
0.172006	0.961514
0.160576	0.152547
0.067539	0.153652
0.074095	0.180051
0.290117	3.407430
0.125028	0.371959
0.191679	1.208533
0.151356	0.264116
0.094578	0.181117
0.207354	0.910284
0.090416	0.212477
0.182970	0.838001
0.186289	0.274776
0.204889	2.078600
0.169467	0.351644
0.085847	0.174270
0.073199	0.116386
0.151321	0.360902
0.198884	0.767692
0.110895	0.243969
0.066314	0.125665
0.073828	0.346255
0.094384	0.411985
0.074126	0.117490
0.082369	0.322886
0.068798	0.197793
0.141274	0.647034
0.130200	0.488248
0.056986	0.122520
0.174621	0.523864
0.184105	0.706963
0.135326	0.166451
0.155176	1.382615
0.066328	0.158192
0.202316	0.618076
0.163040	0.521729
0.162664	0.677497
0.081962	0.218430
0.102681	0.660237
0.052148	0.184605
0.088877	0.389726
0.126904	0.378807
0.130766	0.882017
0.092361	0.194419
0.076218	0.376897
0.131495	0.382652
0.053796	0.129918
0.134724	1.716383
0.090055	0.362924
0.107758	0.527474
0.161048	0.846310
0.119427	0.404857
0.093130	0.237483
0.179933	0.514608
0.115498	0.177289
0.198403	0.489062
0.202602	1.442529
0.173899	0.455615
0.226715	0.927265
0.135097	0.281678
0.209473	0.665078
0.061695	0.108892
0.124008	0.151910
0.082036	0.814617
0.111631	0.396849
0.145900	0.414356
0.088082	0.290672
0.191653	0.603707
0.173534	0.218653
0.099161	0.301448
0.168520	0.817323
0.083253	0.260164
0.030891	0.121093
0.090471	0.158776
0.098367	0.253296
0.110369	0.727335
0.102145	0.557712
0.092847	0.134164
0.049869	0.137139
0.109269	0.292293
0.080840	0.212610
0.208145	1.235338
0.074016	0.144702
0.069498	0.159499
0.080447	0.155263
0.146789	0.282569
0.082918	0.146351
0.115363	0.261873
0.088052	0.360134
0.106683	0.517412
0.197915	2.561021
0.042779	0.109942
0.185247	1.886744
0.048414	0.152505
0.100656	0.852049
0.116642	0.395417
0.086734	0.260637
0.073732	0.232624
0.129030	0.579345
0.174289	0.357293
0.230846	1.762507
0.217648	0.710622
0.105971	0.373549
0.172518	0.517553
0.119054	0.279182
0.097298	0.232056
0.167487	2.236792
0.121810	0.222913
0.111389	0.241714
0.132165	1.220545
0.185726	0.374238
0.124790	0.197793
0.119288	0.305378
0.169736	0.531273
0.135993	0.254987
0.131862	0.232737
0.111753	0.318496
0.141663	0.361241
0.076287	0.192625
0.272308	0.985753
0.211328	0.531490
0.189783	0.464019
0.081330	0.173639
0.224911	0.692725
0.066545	0.137416
0.214216	1.801555
0.139035	0.321172
0.091477	0.230521
0.150943	0.835472
0.171608	0.229096
0.058126	0.115671
0.074831	0.244324
0.106228	0.368610
0.094115	0.199994
0.107878	0.425578
0.126794	0.222523
0.144070	1.771339
0.064274	0.294054
0.079785	0.668602
0.174937	0.460960
0.052482	0.121758
0.131185	0.865163
0.305868	2.711524
0.419506	0.599893
0.410215	1.146551
0.212147	0.205783
0.392665	1.499981
0.227576	0.444911
0.037161	0.100334
0.052451	0.250189
0.064154	0.213313
0.085981	0.279437
0.138332	0.189514
0.090398	0.341703
0.082620	0.505634
0.125658	1.448209
0.187405	0.461954
0.052226	0.484395
0.034464	0.144921
0.078458	0.378952
0.075499	0.411848
0.093867	0.352002
0.083332	0.561661
0.124302	1.031086
0.305432	1.672242
0.067548	0.178664
0.156769	0.485985
0.146057	1.063296
0.107716	0.353846
0.132937	0.274515
0.082563	0.286492
0.067358	0.114845
0.155877	0.361635
0.090459	0.222980
0.097774	0.175015
0.220677	0.615689
0.143175	0.539771
0.093511	0.167853
0.143535	0.875564
0.050321	0.097623
0.155568	0.941186
0.151213	0.475565
0.208410	0.706510
0.098226	0.213151
0.210090	1.224823
0.247045	2.222165
0.095282	0.270123
0.092970	0.179432
0.134467	0.504924
0.086359	0.282395
0.173882	0.239087
0.142262	0.331471
0.139698	0.329688
0.358941	2.842812
0.098706	0.258117
0.082990	0.140668
0.146841	0.519083
0.098042	0.386776
0.132459	0.364263
0.102400	0.274433
0.070473	0.200497
0.125135	0.447357
0.064790	0.109171
0.140099	0.372664
0.147001	0.623284
0.037073	0.114370
0.197405	0.525097
0.168152	0.597782
0.108153	0.204950
0.091204	0.157327
0.077826	0.229587
0.076577	0.386713
0.088665	0.306780
0.080769	0.147403
0.151503	0.705248
0.076807	0.144782
0.273684	2.972208
0.039092	0.365705
0.115434	0.379779
0.156718	0.645676
0.087407	0.366234
0.209632	0.293485
0.144630	0.307339
0.065871	0.103418
0.099472	0.353624
0.119017	0.255292
0.073113	0.181321
0.057348	0.233407
0.108069	1.372481
0.034794	0.118475
0.107315	0.376139
0.186859	0.511058
0.070793	0.219104
0.070292	0.179595
0.099537	0.292140
0.210423	1.342500
0.134587	0.295419
0.220541	0.804974
0.082678	0.355930
0.047535	0.106240
0.124953	0.511057
0.076375	0.143202
0.072614	0.091130
0.153647	0.260432
0.145292	0.133669
0.123496	0.304417
0.041687	0.106718
0.109329	0.400692
0.129781	0.199862
0.219015	0.616526
0.057886	0.163817
0.080177	0.236120
0.166430	1.649321
0.127592	0.324723
0.139073	0.208609
0.109599	0.176455
0.098273	0.194581
0.163020	0.760487
0.088271	0.240539
0.072284	0.188661
0.257248	1.750574
0.102085	0.184264
0.125846	0.334122
0.133918	0.422512
0.110062	0.237733
0.126671	0.321745
0.109191	0.307374
0.060768	0.127310
0.086655	0.201907
0.084264	0.162630
0.050829	0.190355
0.121469	0.729418
0.084648	0.170566
0.076112	0.153366
0.117252	0.376378
0.065491	0.215792
0.242387	3.836990
0.110155	0.264922
0.106829	0.392597
0.164756	0.855909
0.055995	0.153427
0.066364	0.179848
0.090843	0.286610
0.127559	0.755790
0.044192	0.182292
0.053566	0.153734
0.072640	0.167799
0.057876	0.231794
0.023812	0.107989
0.122102	0.468261
0.117639	0.342329
0.098834	0.164559
0.192091	1.159270
0.099966	0.270408
0.117035	0.495644
0.072034	0.285616
0.098438	1.411105
0.057953	0.939129
0.079536	0.225087
0.080322	1.692375
0.151654	2.779814
0.040598	0.125649
0.048686	0.215678
0.058590	0.313455
0.076035	0.206434
0.062584	0.233125
0.058798	0.178452
0.063283	0.151564
0.132627	0.435679
0.105274	0.305294
0.123153	0.333746
0.067138	0.139312
0.118687	1.065217
0.064160	0.130887
0.068671	0.136655
0.174740	0.892046
0.156534	0.374898
0.095656	0.285053
0.119534	0.384302
0.101618	0.639177
0.142827	1.015502
0.167585	0.676207
0.077398	0.143960
0.108949	0.221166
0.067339	0.156227
0.100099	0.179677
0.137273	0.578607
0.205601	1.118469
0.288668	4.328579
0.087017	0.329793
0.072248	0.093923
0.126169	0.164019
0.106474	0.522786
0.186785	0.393182
0.244766	2.293455
0.096538	0.324366
0.042086	0.159086
0.118368	0.246797
0.237140	0.448195
0.115065	0.222075
0.120913	0.275682
0.106246	0.154588
0.119196	0.245544
0.212912	0.364080
0.232329	0.218389
0.112771	0.305045
0.187642	0.306794
0.183704	0.495083
0.242217	0.732706
0.189525	0.383789
0.263579	0.752519
0.110047	0.168922
0.172642	0.449733
0.246315	0.741408
0.067703	0.154702
0.185064	0.749509
0.113971	0.174375
0.240563	1.201613
0.089280	0.272305
0.048237	0.137717
0.104774	0.385568
0.072820	0.164209
0.064409	0.119157
0.251530	0.486710
0.261073	2.101641
0.202999	0.620163
0.114612	0.777643
0.232606	1.261890
0.109610	0.468036
0.258549	1.171229
0.130192	0.262336
0.183662	0.803521
0.112363	0.357314
0.113769	0.283285
0.110518	0.529380
0.083302	0.147444
0.167027	0.917811
0.096661	0.343630
0.122329	0.366374
0.051571	0.144657
0.124023	0.214560
0.153709	0.454209
0.066777	0.138562
0.083996	0.109614
0.133644	0.591373
0.106601	0.269699
0.132103	0.387721
0.088644	0.167537
0.125086	0.525362
0.145010	0.388627
0.106701	0.383592
0.148507	0.882129
0.244087	1.920966
0.201361	0.521525
0.075639	0.134638
0.107761	0.181577
0.300994	1.763824
0.074052	0.177354
0.154186	0.175001
0.172658	0.363444
0.211368	0.621423
0.128162	0.335784
0.188298	0.444383
0.161530	0.491857
0.114824	0.272132
0.174527	0.521835
0.060798	0.115517
0.180144	0.556644
0.139101	0.335929
0.111055	0.360930
0.130968	0.252768
0.122459	0.484938
0.070713	0.097937
0.141680	1.010180
0.195189	1.071589
0.105677	0.249398
0.099339	0.250335
0.103387	0.627558
0.080927	0.298215
0.054964	0.143182
0.090878	0.264909
0.082556	0.157681
0.117061	0.429029
0.095952	0.312804
0.194812	0.539630
0.072205	0.446588
0.173867	1.171866
0.082486	0.216113
0.133093	0.385305
0.089287	0.121877
0.106696	0.235264
0.041044	0.091734
0.155780	0.643371
0.095445	0.179437
0.140712	0.486863
0.157351	0.439796
0.156967	0.306870
0.187319	0.959072
0.069304	0.256770
0.103496	0.770008
0.309898	2.651179
0.066261	0.135834
0.165270	0.409871
0.214978	2.536741
0.089867	0.414738
0.063704	0.260549
0.142574	1.368002
0.149790	0.551225
0.143913	0.273434
0.188165	2.113094
0.046254	0.213927
0.100179	0.381182
0.081853	0.234509
0.090182	0.389136
0.124285	0.678595
0.116358	0.530012
0.133985	0.543978
0.111921	0.264693
0.189392	1.249990
0.142100	0.422038
0.106958	0.632658
0.089731	0.214906
0.212561	1.452856
0.078671	0.231294
0.126503	0.342190
0.066821	0.243898
0.067928	0.192575
0.249449	1.540349
0.139267	0.408750
0.214906	0.348148
0.068122	0.112061
0.185329	0.414210
0.140472	0.349774
0.132430	0.194672
0.143456	0.404546
0.084267	0.164321
0.178987	0.694471
0.087451	0.251858
0.090703	0.452154
0.107781	0.481241
0.183084	0.388137
0.256849	1.818490
0.139983	0.261069
0.151915	0.233189
0.238533	0.609452
0.202339	0.435029
0.129118	0.153004
0.157900	0.427121
0.279969	1.276660
0.129555	0.286964
0.187281	0.587126
0.114351	0.190966
0.134164	0.275036
0.173207	1.397778
0.139172	0.383419
0.100623	0.164016
0.117023	0.529528
0.066655	0.170304
0.101812	0.208205
0.176011	0.470829
0.109696	0.160157
0.154336	0.630464
0.172283	2.014852
0.069404	0.142973
0.124668	0.464389
0.199740	0.859881
0.124547	0.305140
0.178587	0.871502
0.157264	0.986043
0.162035	0.733208
0.064039	0.169703
0.189515	1.138035
0.112385	0.180377
0.050026	0.105556
0.113098	0.355693
0.078969	0.225063
0.160940	0.418444
0.126671	0.335046
0.086188	0.241327
0.061529	0.234120
0.121079	0.429226
0.137974	0.206271
0.097786	0.180904
0.112474	0.276687
0.081715	0.179773
0.141285	0.653444
0.086096	0.250969
0.117355	0.546874
0.089770	0.313748
0.148782	0.177794
0.162660	0.307427
0.085763	0.216980
0.065054	0.090751
0.074469	0.164949
0.058646	0.142509
0.109536	0.351610
0.208870	0.584835
0.083476	0.215367
0.048046	0.130206
0.086292	0.226947
0.278232	0.464647
0.249746	2.849607
0.233189	1.068006
0.082802	0.150286
0.125257	0.686409
0.099849	0.156264
0.120032	1.016075
0.050476	0.152943
0.104143	0.635795
0.051697	0.134411
0.173238	2.083184
0.164993	0.645123
0.183891	0.910258
0.099206	0.179562
0.134883	0.582020
0.055284	0.121073
0.100343	0.231791
0.091519	0.266777
0.143714	0.181798
0.105672	0.183340
0.184206	0.793007
0.081455	0.178794
0.141845	0.257448
0.046412	0.102570
0.255956	1.259305
0.212402	1.641865
0.067643	0.175872
0.095133	0.325829
0.127442	0.533981
0.054160	0.150836
0.148960	0.973457
0.076807	0.114442
0.083062	0.140375
0.074189	0.153201
0.173748	1.182353
0.165303	0.677744
0.138910	0.579948
0.163380	0.544056
0.089968	0.138101
0.089349	0.485612
0.077365	0.184516
0.077587	0.267287
0.077946	0.214740
0.185844	0.574257
0.069317	0.094271
0.106498	0.259323
0.117998	1.166407
0.086170	0.120208
0.265727	1.638204
0.146158	0.119119
0.087129	0.212158
0.201846	1.325120
0.067824	0.102415
0.141056	0.873135
0.119745	0.457426
0.156358	1.078873
0.092957	0.164533
0.062484	0.184952
0.124696	0.255004
0.086706	0.259251
0.187455	0.630786
0.117651	0.255303
0.234993	0.890622
0.084531	0.194000
0.094624	0.220474
0.137415	0.415679
0.183738	1.116206
0.083529	0.176245
0.137200	0.653759
0.199603	0.534935
0.156488	1.392745
0.062985	0.193049
0.091309	0.149748
0.091354	0.183622
0.124936	0.334829
0.113659	0.394966
0.088703	0.193372
0.042217	0.165492
0.045456	0.140005
0.073990	0.224559
0.152229	0.901957
0.116609	0.363821
0.039946	0.155790
0.074234	0.555642
0.133034	0.356530
0.060764	0.253084
0.076730	0.120849
0.044484	0.137677
0.094725	0.267599
0.098608	0.182918
0.085946	0.516106
0.090599	0.196599
0.131326	0.356551
0.056249	0.099280
0.265713	2.036687
0.095703	0.314864
0.196395	1.029112
0.062808	0.160790
0.112553	0.889728
0.205166	2.302992
0.094268	0.299773
0.097000	0.282270
0.139222	0.442031
0.066096	0.142768
0.129426	0.433577
0.106896	0.368790
0.082715	0.419367
0.081390	0.261261
0.085612	0.221735
0.081842	0.252074
0.114492	0.481439
0.084105	0.961319
0.059515	0.174379
0.138719	0.695678
0.322694	1.108453
