Velocity(m/s)	Chord(mm)
0.079526	0.218696
0.056470	0.132988
0.063073	0.266168
0.114273	0.381673
0.077641	0.140142
0.083987	0.309911
0.048571	0.101756
0.056651	0.149275
0.105705	0.147987
0.116213	0.454973
0.102490	0.369476
0.145231	1.068177
0.107718	0.378089
0.172099	0.574811
0.156119	0.451963
0.206755	2.565832
0.119799	0.688843
0.046971	0.118366
0.151737	0.423347
0.211907	1.648636
0.057256	0.123672
0.075919	0.203083
0.130000	0.581748
0.092848	0.482807
0.139105	0.264300
0.072665	0.208547
0.228993	0.831246
0.165090	0.326054
0.067034	0.155520
0.082463	0.214815
0.139056	0.436637
0.206569	0.217931
0.117987	0.435374
0.185750	0.729998
0.053069	0.116221
0.049990	0.091231
0.124639	0.226844
0.056278	0.158986
0.119463	0.526233
0.101353	0.307098
0.041383	0.086905
0.109877	0.291174
0.278038	2.185380
0.180990	0.842508
0.137016	0.152773
0.108340	0.407360
0.298163	1.947007
0.136763	0.161380
0.315174	1.172448
0.230227	0.389084
0.112077	0.158029
0.212887	0.475802
0.138381	0.147376
0.156253	0.261724
0.123335	0.255921
0.283332	1.129080
0.266178	1.648973
0.119768	0.238338
0.190083	0.211942
0.261557	1.069769
0.097370	0.132423
0.094033	0.236963
0.113637	0.140910
0.239457	0.845285
0.121405	0.212459
0.176442	0.618429
0.238015	1.262669
0.205710	1.061465
0.090392	0.113893
0.271836	2.060514
0.061997	0.275889
0.060297	0.129035
0.140500	0.892178
0.139672	0.620844
0.091650	0.309317
0.119040	0.204153
0.077137	0.101050
0.157090	0.898555
0.058038	0.211548
0.132539	0.593111
0.067032	0.202773
0.106046	0.364798
0.070403	0.114052
0.170584	0.823070
0.089318	0.284926
0.091541	0.297968
0.160266	0.921532
0.064102	0.221471
0.078708	0.240845
0.072593	0.163696
0.145974	0.868548
0.114136	0.635735
0.096072	0.558660
0.129233	0.463300
0.276697	1.733505
0.055968	0.128727
0.102484	0.525230
0.193530	1.174728
0.140362	0.609171
0.155612	0.851974
0.100123	0.254813
0.074524	0.186309
0.214315	0.952629
0.101313	0.313056
0.079686	0.228699
0.088973	0.164600
0.076046	0.386313
0.116973	0.197100
0.119657	0.424183
0.090267	0.236049
0.087681	0.163086
0.194025	1.235942
0.072316	0.591909
0.074629	0.440313
0.210563	1.450776
0.148805	0.198654
0.389907	2.739095
0.071827	0.122105
0.098893	0.242782
0.085905	0.237958
0.077582	0.301793
0.122198	0.424638
0.099014	0.486157
0.130612	0.632816
0.057384	0.172438
0.064693	0.174671
0.123007	1.073237
0.440727	0.758050
0.244623	0.209152
0.168229	0.299448
0.219672	0.861114
0.310072	1.044943
0.238894	0.191115
0.292921	0.483320
0.142743	0.264788
0.355758	0.828916
0.311011	1.573716
0.227911	0.698548
0.190155	0.459223
0.261271	0.476819
0.219087	1.316713
0.235684	1.173705
0.087219	0.134318
0.143624	0.231953
0.098788	0.188685
0.194843	1.142756
0.066183	0.104901
0.189022	0.335514
0.151713	0.425556
0.131571	0.459842
0.067933	0.168474
0.200675	1.597370
0.140188	0.347666
0.158818	0.341459
0.122879	0.711468
0.090542	0.172030
0.055168	0.147575
0.053804	0.144196
0.160361	1.550686
0.123323	0.461844
0.047359	0.186596
0.106805	0.571408
0.116067	0.532746
0.068348	0.136695
0.130771	0.438735
0.096595	0.142961
0.075412	0.133479
0.062774	0.080979
0.072674	0.258355
0.073330	0.196892
0.098564	1.469097
0.143979	0.683179
0.086173	1.143942
0.051560	0.120135
0.065151	0.210437
0.048127	0.103955
0.059514	0.163663
0.131142	1.112743
0.099350	0.144554
0.190840	1.705153
0.057813	0.293980
0.082361	0.177900
0.124446	0.243292
0.102524	0.393180
0.082690	0.158765
0.133887	0.379571
0.060774	0.098758
0.164662	0.472579
0.084139	0.446359
0.104915	0.183077
0.086366	0.231894
0.056006	0.120973
0.073331	0.212292
0.080126	0.431881
0.086675	0.298163
0.035161	0.118668
0.090203	0.260685
0.041075	0.082766
0.095800	0.244770
0.078770	0.202833
0.273599	2.760615
0.081311	0.180509
0.194592	1.246360
0.276143	2.098688
0.067412	0.227853
0.181979	0.324833
0.255975	1.407860
0.049918	0.118555
0.109327	0.234506
0.132000	0.419101
0.160367	0.469074
0.153955	0.648152
0.063747	0.187415
0.099459	0.418721
0.102061	0.302612
0.058162	0.115160
0.054820	0.136503
0.100381	0.432141
0.057376	0.142293
0.067601	0.142977
0.064305	0.121536
0.308682	3.275114
0.078102	0.199942
0.117729	0.247231
0.221732	1.097571
0.126979	0.361256
0.103521	0.322986
0.101073	0.154642
0.068503	0.138033
0.160365	0.248566
0.163753	0.402013
0.205506	0.673033
0.140715	0.272988
0.117464	0.210260
0.097624	0.225512
0.090685	0.186811
0.159264	0.621130
0.128618	0.273957
0.126844	0.235295
0.122528	0.171540
0.121363	0.289451
0.308840	1.865396
0.146394	0.546783
0.148298	0.642871
0.095115	0.242069
0.155626	0.501117
0.215263	0.712521
0.077149	1.086647
0.073168	0.169750
0.180368	0.659245
0.078442	0.187477
0.118081	0.474096
0.153965	0.501925
0.030820	0.119426
0.154446	0.467972
0.066861	0.153447
0.109963	0.164944
0.072906	0.138886
0.075914	0.199655
0.164175	0.591849
0.090574	0.278968
0.206601	1.248900
0.053837	0.163666
0.088859	0.223036
0.155258	0.488285
0.169396	0.574253
0.139297	0.525148
0.095669	0.231039
0.061436	0.147753
0.075574	0.160218
0.152978	0.775597
0.133140	0.878057
0.171922	1.011760
0.150812	0.318213
0.166552	1.160866
0.090764	0.619920
0.171084	0.878516
0.072602	0.274437
0.105342	0.561997
0.095343	0.422368
0.074744	0.207040
0.122686	0.359469
0.093129	0.415822
0.193755	1.558757
0.077775	0.297100
0.072243	0.174468
0.068778	0.182948
0.138193	1.039212
0.037196	0.173892
0.062409	0.244644
0.188603	1.298529
0.049568	0.185383
0.241766	0.977943
0.121647	0.114957
0.123155	0.640404
0.060540	0.157707
0.058674	0.169860
0.107004	0.483122
0.059510	0.152345
0.111552	0.257686
0.180809	0.998971
0.035871	0.103487
0.080937	0.285303
0.079517	0.147504
0.074079	0.186309
0.069397	0.086400
0.070988	0.127423
0.116768	0.726883
0.174494	1.039111
0.238176	1.103945
0.095314	0.244956
0.254420	0.499936
0.344918	0.669141
0.142194	0.570910
0.217569	0.554800
0.177635	0.410337
0.114454	0.226620
0.148917	0.166042
0.127213	0.200996
0.100044	0.175076
0.131068	0.313251
0.280581	1.865865
0.108297	0.186271
0.164455	0.271351
0.283835	0.777709
0.168122	0.373231
0.093000	0.145545
0.243630	0.505532
0.131985	0.834143
0.085974	0.148305
0.145375	0.340905
0.099029	0.174292
0.100694	0.321214
0.174410	0.620027
0.122585	0.176522
0.112667	0.254064
0.271788	0.432142
0.224434	0.622805
0.189952	0.305823
0.296911	1.346493
0.106393	0.190444
0.152000	0.484879
0.301722	0.614005
0.117361	0.213011
0.132181	0.229334
0.158643	0.180853
0.228806	2.409326
0.106695	0.172313
0.190311	1.560547
0.329429	1.100293
0.224983	0.768316
0.182006	0.273010
0.118554	0.521636
0.076821	0.141351
0.123719	0.178774
0.137136	0.399066
0.213184	0.719497
0.226319	0.647273
0.268598	0.980383
0.132938	0.248593
0.271436	1.332751
0.183672	0.379283
0.127923	0.220667
0.185227	0.750168
0.174595	0.432995
0.287261	1.848527
0.223958	0.852159
0.142588	0.519019
0.101411	0.181019
0.275397	1.582156
0.268525	1.397674
0.166920	0.211153
0.196859	0.597466
0.266914	0.780723
0.397582	2.622051
0.179891	0.281529
0.151541	0.242465
0.357085	1.689013
0.109623	0.203899
0.302832	1.043255
0.248000	0.421599
0.232838	1.770729
0.154744	0.734260
0.264656	1.184335
0.135171	0.402811
0.208462	0.263705
0.270413	2.236315
0.093382	0.107389
0.326485	1.885452
0.149070	0.209443
0.210412	1.428696
0.121895	0.285843
0.113548	0.261160
0.134046	0.260719
0.080885	0.184418
0.137567	0.299896
0.095814	0.168153
0.139265	0.265300
0.186746	1.799296
0.075503	0.291819
0.083084	0.194832
0.209765	0.325136
0.169490	0.291523
0.174842	0.501797
0.155080	0.232620
0.121179	0.579237
0.085525	0.197562
0.113675	0.263727
0.093304	0.169347
0.127107	0.484279
0.051168	0.096963
0.137514	1.413645
0.159258	0.362311
0.203414	1.158444
0.109273	0.487902
0.147077	0.415491
0.060023	0.170765
0.089518	0.214396
0.104325	0.233166
0.048095	0.109176
0.091312	0.534630
0.150692	0.831822
0.079759	0.147555
0.067063	0.092882
0.075087	0.281201
0.149137	0.496625
0.051345	0.101664
0.138531	0.295763
0.115718	0.213499
0.165883	0.570636
0.104060	0.352244
0.214206	0.364150
0.138593	0.353411
0.084258	0.127650
0.154081	0.392907
0.300319	1.226803
0.079729	0.194937
0.132355	0.360006
0.239996	1.570777
0.054861	0.130295
0.122291	0.282491
0.058506	0.662580
0.049920	0.152007
0.132312	0.274548
0.131270	0.289450
0.180200	1.057773
0.085630	0.111319
0.070220	0.104979
0.224228	1.507935
0.246460	1.148501
0.207779	2.402966
0.177492	1.250432
0.115723	0.231447
0.125307	0.216154
0.112349	0.637020
0.298043	1.132565
0.134320	0.225657
0.143942	0.195761
0.107858	0.190908
0.083558	0.173384
0.102811	0.185060
0.138695	0.351591
0.098848	0.284682
0.130237	0.393315
0.181555	1.113840
0.079306	0.175664
0.084575	0.111216
0.213918	0.247075
0.184918	1.202892
0.129958	0.258617
0.145147	0.288842
0.199798	0.551444
0.297500	0.746726
0.185139	0.434152
0.126777	0.238341
0.159372	0.743472
0.177888	0.811170
0.144416	0.453466
0.200278	1.101529
0.156182	0.247548
0.112307	0.186992
0.082052	0.194464
0.100971	0.152466
0.244032	0.852892
0.193936	0.458659
0.273715	0.365409
0.263710	0.677736
0.111087	0.129972
0.156286	0.192232
0.210465	0.357791
0.133588	0.256489
0.166644	1.154009
0.240880	0.750342
0.270451	1.164292
0.308608	1.757524
0.120463	0.160818
0.113490	0.183854
0.093020	0.116274
0.358392	2.107345
0.259501	1.606312
0.235480	0.556911
0.106739	0.170249
0.229748	0.340028
0.370119	3.092341
0.166712	0.352596
0.389547	1.493914
0.126838	0.314557
0.294156	0.816284
0.081162	0.123366
0.117891	0.458596
0.033426	0.140558
0.268887	1.059415
0.103153	0.148024
0.119251	0.274874
0.115025	0.253055
0.222779	0.901142
0.132074	0.375751
0.195400	0.910563
0.096574	0.196528
0.173489	0.639307
0.082584	0.186228
0.088504	0.429687
0.274856	2.516308
0.152863	0.424959
0.185459	0.700108
0.106656	0.994033
0.121030	0.314678
0.110516	0.468034
0.048352	0.100814
0.053436	0.092177
0.100193	0.125742
0.097678	0.190471
0.105568	0.118764
0.121045	0.377056
0.052354	0.128530
0.048471	0.153412
0.307174	2.180933
0.145414	0.435513
0.075624	0.195488
0.081403	0.238104
0.093068	0.230809
0.069772	0.179314
0.081301	0.218293
0.043581	0.104376
0.245489	1.644779
0.209613	0.502024
0.168444	0.934024
0.101412	0.235277
0.141044	0.380818
0.101325	0.657597
0.086023	0.304521
0.067864	0.215469
0.060401	0.115063
0.139522	0.389964
0.088918	0.266310
0.093358	0.373900
0.116132	0.549306
0.064075	0.160189
0.069103	0.153409
0.105186	0.250868
0.150460	0.752299
0.064583	0.158552
0.120041	0.490966
0.063262	0.113556
0.170034	0.502452
0.164189	0.466295
0.109558	0.252531
0.235892	0.648703
0.225720	0.604931
0.169280	0.727904
0.120639	0.428870
0.215607	0.516380
0.124999	0.234372
0.193687	0.607208
0.154392	0.422262
0.213265	0.622733
0.424416	1.672197
0.205838	0.362275
0.236002	0.574666
0.199671	0.401339
0.130940	0.198375
0.084775	0.132249
0.305692	1.745503
0.171434	0.293152
0.266667	0.512000
0.080009	0.178819
0.082840	0.115561
0.121495	0.241776
0.117892	0.468619
0.093695	0.144290
0.256799	1.149177
0.170420	0.468656
0.145474	0.727368
0.073991	0.119496
0.206967	1.319417
0.218889	1.303481
0.098280	0.232923
0.164390	0.683040
0.307344	2.549417
0.135038	0.411192
0.180315	0.350712
0.141425	0.298406
0.113038	0.208555
0.102310	0.176996
0.131414	0.651815
0.095638	0.206578
0.219153	1.043169
0.147798	0.469259
0.089678	0.212986
0.080118	0.314865
0.067675	0.244644
0.201787	1.521470
0.104214	0.250634
0.187280	0.933588
0.145596	0.270809
0.214350	0.995658
0.176867	0.816241
0.084555	0.183484
0.127724	0.810407
0.195122	0.507317
0.078141	0.250833
0.115183	0.138220
0.136264	0.551868
0.184841	0.999992
0.247394	2.245099
0.120191	0.461534
0.052163	0.149446
0.423537	3.199822
0.114101	0.341732
0.189594	0.720456
0.179786	0.826119
0.134109	0.417078
0.118840	0.300070
0.143664	0.437457
0.113087	0.389586
0.081539	0.269485
0.100055	0.211116
0.142674	0.378798
0.182890	0.580677
0.104227	0.226172
0.116441	0.351653
0.064415	0.218368
0.048346	0.112646
0.132320	0.652340
0.157883	0.247877
0.100850	0.216827
0.154398	0.385995
0.106595	0.249431
0.132251	0.434445
0.075211	0.174489
0.236658	0.643711
0.211808	0.407731
0.276632	1.139723
0.083303	0.079555
0.099097	0.248734
0.175419	0.370133
0.138916	0.236852
0.104888	0.811831
0.125690	0.939533
0.153997	0.176327
0.088205	0.318420
0.143127	0.314163
0.221163	1.596797
0.156011	1.104561
0.170814	0.362980
0.088173	0.130055
0.181240	0.279110
0.127876	0.242964
0.083748	0.190947
0.081364	0.151744
0.104419	0.263136
0.096900	0.166184
0.084473	0.186685
0.073713	0.173963
0.064658	0.249902
0.160171	0.511747
0.117622	0.461078
0.108892	0.210161
0.081633	0.323675
0.141618	0.203930
0.094972	0.216536
0.121338	0.376755
0.137091	0.531912
0.064520	0.226464
0.161223	2.521529
0.135235	0.206234
0.083412	0.239394
0.174447	0.187530
0.084723	0.198253
0.102726	0.285578
0.150068	0.504977
0.125261	0.181628
0.207714	1.085306
0.212552	1.437911
0.125762	0.355905
0.159267	0.534342
0.119513	0.328063
0.288976	0.738334
0.256908	0.964691
0.212386	0.286721
0.331009	2.048944
0.182910	0.892603
0.193121	0.485699
0.161907	0.369148
0.182092	0.293168
0.120202	0.337767
0.182320	0.587981
0.105839	0.234433
0.077429	0.132016
0.138299	0.187395
0.195332	0.183612
0.136672	0.375847
0.083664	0.189499
0.146305	0.415506
0.165956	0.197488
0.224369	1.720912
0.428002	2.005191
0.160145	0.196978
0.167296	0.223341
0.112103	0.145734
0.211604	0.321637
0.200031	0.344053
0.124079	0.623499
0.348478	2.319118
0.112437	0.304142
0.162853	0.569985
0.136065	0.229950
0.172427	0.754366
0.106041	0.305397
0.063483	0.271071
0.183649	0.574821
0.121544	0.452145
0.055801	0.160708
0.081243	0.157611
0.080717	0.179999
0.069729	0.132485
0.052713	0.126775
0.050082	0.121449
0.176371	0.674619
0.086411	0.193128
0.093932	0.392165
0.047099	0.091608
0.135596	0.750522
0.140060	0.237402
0.147792	0.421947
0.214668	0.366008
0.238136	1.347851
0.072198	0.116960
0.067304	0.172635
0.090485	0.192281
0.150860	0.644172
0.066928	0.247968
0.073945	0.201869
0.050163	0.130674
0.083755	0.186355
0.134238	0.436272
0.104041	0.670541
0.113965	0.241035
0.168427	0.356223
0.248894	1.609101
0.131676	0.392395
0.103392	0.327237
0.089815	0.300431
0.056270	0.185974
0.056170	0.164015
0.195901	0.404536
0.186164	0.736280
0.112680	0.173527
0.094526	0.140844
0.102651	0.252008
0.148912	0.437056
0.112607	0.296718
0.188844	0.650566
0.125815	0.310764
0.169049	0.267098
0.125734	0.228837
0.092442	0.396575
0.073827	0.165742
0.092345	0.241945
0.092950	0.355998
0.077148	0.344851
0.109921	0.264361
0.105634	0.254050
0.144919	0.639095
0.102307	0.273671
0.202539	0.610654
0.115357	0.159770
0.191452	0.280478
0.130584	0.203712
0.180038	0.358275
0.189380	0.731007
0.141492	0.247611
0.216563	0.129938
0.133456	0.216866
0.229978	0.549649
0.161838	0.462857
0.332442	1.007299
0.172401	0.491343
0.101981	0.367132
0.174916	0.334964
0.200826	0.897691
0.099234	0.159767
0.207973	0.453381
0.200656	1.393553
0.106231	0.472726
0.128746	0.486016
0.069075	0.196518
0.175203	0.456403
0.078848	0.186082
0.088935	0.309048
0.085041	0.170932
0.131582	1.495429
0.129469	0.470618
0.089978	0.193453
0.207807	0.529908
0.127696	0.268161
0.091835	0.330147
0.246145	1.789472
0.075315	0.129165
0.123549	0.500375
0.191077	1.257287
0.079756	0.177857
0.100514	0.175397
0.093956	0.125431
0.099779	0.296345
0.090523	0.208202
0.057151	0.108016
0.184713	0.620637
0.154216	0.882118
0.142907	0.320827
0.100719	0.179280
0.146496	0.232929
0.123662	0.216409
0.086261	0.218241
0.151131	0.355158
0.070938	0.141167
0.127131	0.207223
0.102819	0.142404
0.284780	0.626517
0.084641	0.201868
0.129852	0.247368
0.051727	0.099057
0.108384	0.308894
0.201247	0.531293
0.178996	0.608586
0.073125	0.155757
0.134706	0.512556
0.401488	3.723804
0.305356	0.801559
0.173079	0.313273
0.124815	0.257119
0.197536	1.582263
0.097174	0.210867
0.059185	0.117779
0.068586	0.167694
0.112747	0.397998
0.075079	0.167802
0.158432	0.478465
0.067474	0.195674
0.104313	0.407341
0.090091	0.171623
0.183007	0.941572
0.082030	0.222301
0.170928	0.946084
0.224526	2.158813
0.065099	0.311171
0.089601	0.119618
0.190005	0.623217
0.232150	0.422513
0.245143	1.090888
0.160786	0.159982
0.232742	0.168738
0.363952	1.186483
0.094867	0.113366
0.050123	0.115033
0.112972	0.212388
0.205108	0.258436
0.066874	0.103321
0.105948	0.137202
0.188570	0.275313
0.116496	0.179403
0.107849	0.262612
0.156076	0.257525
0.115778	0.178299
0.142656	0.146936
0.100581	0.235358
0.251913	0.618446
0.086664	0.194560
0.156655	0.332109
0.133654	0.374901
0.090827	0.181654
0.190932	0.340814
0.186233	0.188096
0.199518	0.213485
0.309949	1.359125
0.216747	0.428076
0.264834	0.501861
0.367269	1.485604
0.308587	1.274464
0.184165	0.477908
0.101719	0.283287
0.069772	0.123497
0.173266	0.731183
0.102932	0.262477
0.075610	0.133074
0.217111	0.575343
0.107464	0.163882
0.058609	0.082931
0.070417	0.114076
0.165523	0.997275
0.197615	0.736116
0.064785	0.087784
0.178607	0.278627
0.176590	0.488270
0.111888	0.222657
0.127353	0.371234
0.204481	0.717728
0.268548	0.926490
0.176798	0.406636
0.106609	0.229210
0.149933	0.266880
0.135808	0.244455
0.097621	0.209886
0.404976	2.201046
0.140864	0.237356
0.151293	0.491702
0.241442	0.491335
0.310524	0.617942
0.142240	0.116637
0.320865	1.400577
0.415315	1.474369
0.138101	0.234772
0.088427	0.085774
0.192721	0.264992
0.221757	0.249477
0.290680	1.188880
0.205893	0.541498
0.221821	0.385968
0.195503	0.527859
0.246620	0.558594
0.189457	0.486905
0.114825	0.299694
0.247844	1.697731
0.368400	1.670692
0.241883	0.962696
0.115917	0.183729
0.087665	0.206888
0.363329	1.171736
0.250552	1.998151
0.079183	0.148073
0.155666	0.575186
0.206120	0.601869
0.169270	0.479881
0.191441	0.344594
0.066726	0.078402
0.091504	0.213203
0.127481	0.353122
0.060378	0.102341
0.146617	0.326224
0.149229	0.399933
0.260711	1.478232
0.157214	0.918127
0.147610	0.335075
0.099584	0.301740
0.074720	0.192403
0.183597	0.909721
0.183739	0.633900
0.314506	0.963961
0.207525	0.620498
0.160379	0.271843
0.154067	0.414440
0.224291	0.427275
0.135146	0.458145
0.081776	0.151285
0.121654	0.972623
0.181753	1.702114
0.231821	0.938877
0.223047	2.261696
0.103951	0.437114
0.069170	0.210276
0.253570	1.451686
0.151066	0.407879
0.061440	0.152985
0.076399	0.192909
0.137740	0.519969
0.050801	0.186187
0.063229	0.135309
0.115970	0.287605
0.076914	0.272277
0.091461	0.190695
0.093636	0.282781
0.054904	0.234987
0.051654	0.261626
0.058644	0.197337
0.099728	0.503626
0.089408	0.230673
0.083556	0.214321
0.091359	0.209213
0.079563	0.262162
0.041701	0.107379
0.099438	0.363943
0.161422	0.605331
0.151864	0.313600
0.107801	0.191347
0.083329	0.154158
0.121897	0.425420
0.215247	1.839288
0.146809	0.373630
0.058210	0.130099
0.079437	0.229573
0.088754	0.254279
0.117176	0.533739
0.102797	0.320213
0.072013	0.389229
0.050892	0.171253
0.085374	0.212581
0.026362	0.098724
0.066321	0.136621
0.102162	0.514895
0.138332	0.291880
0.074718	0.218925
0.093877	0.314017
0.063139	0.117755
0.112217	0.406787
0.102389	0.203755
0.146732	0.705049
0.067386	0.493266
0.056501	0.182779
0.096085	0.121547
0.182414	1.143738
0.077445	0.176574
0.049821	0.166652
0.093479	0.248654
0.093953	0.194013
0.136088	0.381046
0.211741	1.063997
0.065223	0.257956
0.076853	0.204813
0.102916	0.328303
0.206483	0.487300
0.071243	0.170628
0.179401	0.682622
0.203254	0.504069
0.204985	0.423294
0.087252	0.239072
0.074629	0.142915
0.109289	0.160655
0.192978	0.509462
0.142415	0.217183
0.120174	0.355716
0.137434	0.295484
0.210280	0.770677
0.088112	0.175342
0.144328	0.242471
0.179272	0.190029
0.179615	0.398746
0.202875	0.470671
0.101973	0.264110
0.215327	1.597728
0.098325	0.163711
0.124299	0.243627
0.084741	0.233038
0.143266	0.611748
0.271681	2.415243
0.103560	0.164143
0.107184	0.353170
0.069445	0.172918
0.180309	0.684273
0.066687	0.172385
0.105244	0.267846
0.248900	0.464198
0.124076	0.315153
0.181787	0.408111
0.118079	0.253871
0.168419	0.631570
0.172069	0.403501
0.130945	0.113923
0.240652	0.998704
0.129513	0.295937
0.170567	0.736849
0.135571	0.391800
0.098128	0.143266
0.154845	0.413437
0.088489	0.227418
0.103640	0.224900
0.105673	0.195494
0.096665	0.197681
0.243384	2.448438
0.183173	0.847177
0.076247	0.202055
0.163545	1.194696
0.153260	0.314182
0.111115	0.183896
0.164696	1.418852
0.068855	0.217239
0.127866	0.196274
0.253858	1.440645
0.074164	0.130528
0.146608	0.304212
0.278647	1.968640
0.155324	0.388311
0.089715	0.173598
0.134244	0.271845
0.064065	0.137420
0.079052	0.114230
0.130596	0.686282
0.130276	1.199838
0.094947	0.340385
0.133290	2.123983
0.101384	0.207837
0.255485	1.375788
0.120215	0.303542
0.120126	0.330346
0.085077	0.162072
0.126633	0.502101
0.094466	0.167676
0.164559	0.473929
0.116056	0.684732
0.114997	0.296693
0.094690	0.395332
0.138674	0.169875
0.174000	0.772562
0.203175	0.540447
0.153407	0.230110
0.088069	0.188908
0.134776	0.393545
0.090981	0.239281
0.162099	0.640293
0.121354	1.353705
0.135501	0.727642
0.082753	0.127854
0.168432	0.251806
0.155337	0.605036
0.148405	0.382143
0.208521	0.379507
0.167544	0.508496
0.174339	0.461127
0.163712	1.193463
0.130435	0.283043
0.109266	0.464380
0.124357	0.221978
0.111635	0.336580
0.111466	0.248569
0.213327	0.468254
0.148729	0.518322
0.075099	0.186996
0.105695	0.215089
0.075605	0.162550
0.059121	0.211654
0.095636	0.219006
0.213858	0.588111
0.171472	0.546996
0.107132	0.181589
0.084759	0.142819
0.093135	0.111762
0.167334	0.316261
0.129264	0.615295
0.113274	0.187468
0.089077	0.625320
0.120728	0.306046
0.131533	0.199272
0.173454	0.331297
0.184502	2.223247
0.091267	0.365525
0.329202	1.463304
0.142062	0.214514
0.125786	0.617610
0.152125	1.087695
0.108173	0.316405
0.073070	0.195827
0.128165	0.913820
0.101133	0.220471
0.131710	0.351665
0.159553	0.488233
0.109330	0.244352
0.064933	0.123048
0.120765	0.851392
0.127003	0.431175
0.066421	0.098303
0.077108	0.315370
0.180740	0.585598
0.172973	0.849297
0.090619	0.151787
0.116332	0.373424
0.115130	0.320060
0.156369	0.945251
0.129799	0.171335
0.029062	0.125112
0.082839	0.168577
0.091033	0.313153
0.206088	0.369929
0.048011	0.254217
0.099636	0.217705
0.157314	0.779490
0.088572	0.306458
0.130231	0.763154
0.134708	0.364384
0.121821	0.235724
0.188860	0.756386
0.067393	0.161407
0.085478	0.202155
0.111832	0.365132
0.176626	1.193109
0.187991	0.666429
0.157653	0.530501
0.106566	0.344209
0.121906	0.343166
0.101251	0.152889
0.092539	0.249392
0.156287	0.879895
0.055029	0.126841
0.059757	0.192418
0.081698	0.214456
0.089672	0.282017
0.175618	0.558465
0.069744	0.297110
0.089219	0.177545
0.102810	0.185059
0.131053	0.586464
0.085659	0.298950
0.158268	0.323658
0.251755	1.243671
0.112132	0.268556
0.075235	0.075235
0.149049	0.324926
0.158207	0.169282
0.131153	0.294440
0.110232	0.399040
0.186943	0.475770
0.109515	0.891448
0.133395	0.719668
0.090626	0.208441
0.242235	0.839345
0.066634	0.133935
0.091675	0.211768
0.139203	0.737080
0.080910	0.121770
0.070168	0.098235
0.092417	0.317916
0.089072	0.216891
0.102070	0.242417
0.052434	0.088089
0.059023	0.149033
0.085631	0.332676
0.094501	0.813181
0.120019	0.190831
0.082865	0.144599
0.195296	0.986245
0.156735	0.589322
0.053073	0.157095
0.097221	0.165276
0.151343	0.672720
0.085194	0.194668
0.071415	0.101409
0.178854	0.389901
0.089246	0.162874
0.165384	0.339863
0.199301	0.296958
0.175960	0.415266
0.093647	0.167629
0.142295	0.507995
0.142357	0.395754
0.125114	0.282132
0.071391	0.170980
0.129919	0.487196
0.108414	0.210866
0.218084	2.187383
0.187128	0.383613
0.074280	0.151902
0.245228	0.514978
0.064896	0.088908
0.112045	0.232493
0.081585	0.273717
0.047500	0.155086
0.042247	0.141107
0.088510	0.252255
0.093250	0.219603
0.084481	0.154601
0.201293	0.283823
0.187611	1.181951
0.066583	0.186764
0.161352	0.333192
0.068913	0.118186
0.102606	0.202133
0.178759	1.055569
0.219924	0.250713
0.233751	3.301740
0.162280	0.516050
0.084630	0.240772
0.068144	0.125725
0.159108	0.531420
0.084578	0.167042
0.042999	0.201022
0.114525	0.362471
0.047862	0.210832
0.096071	0.348257
0.123761	0.568682
0.066648	0.124631
0.076955	0.215475
0.105631	0.261964
0.246559	1.951517
0.100172	0.505870
0.083126	0.182045
0.071258	0.371967
0.055064	0.186391
0.115766	0.458432
0.093176	0.249246
0.083353	0.159621
0.139858	0.288806
0.114713	0.277033
0.087823	0.270496
0.082708	0.151769
0.075196	0.183478
0.093338	0.163808
0.070981	0.190229
0.091856	0.561241
0.055783	0.099015
0.169910	0.797727
0.079956	0.234272
0.178664	0.390380
0.212942	2.905590
0.212483	0.869057
0.106886	0.346312
0.110444	0.282183
0.108146	0.499093
0.151926	0.602386
0.228212	0.512335
0.074263	0.122905
0.087994	0.167188
0.211478	0.559360
0.110814	0.182844
0.157471	0.225183
0.206378	0.870916
0.106503	0.244425
0.125679	0.330534
0.097266	0.265535
0.098806	0.248992
0.187946	0.411601
0.098510	0.129541
0.181483	0.354798
0.263261	2.310115
0.143381	0.288195
0.253058	0.564319
0.064816	0.084585
0.097785	0.183837
0.135654	0.139046
0.133632	0.339425
0.060413	0.124753
0.399538	1.867842
0.290348	1.594011
0.176382	0.405678
0.210507	0.704147
0.123284	0.265060
0.168979	0.230657
0.081983	0.127074
0.170379	0.197640
0.207582	1.206052
0.103019	0.147832
0.129283	0.330319
0.092402	0.244403
0.238777	0.776025
0.155287	0.351725
0.153622	0.520779
0.157747	0.365973
0.181090	0.294271
0.075402	0.159097
0.099480	0.142256
0.108544	0.136223
0.226222	0.424167
0.133988	0.284724
0.113230	0.240613
0.195060	0.592006
0.205982	0.816720
0.090297	0.246060
0.202680	0.323275
0.113609	0.289702
0.239846	0.904219
0.057621	0.159610
0.150284	0.244964
0.199905	0.194908
0.126038	0.235061
0.148315	0.516136
0.270429	1.433274
0.281424	1.381792
0.225639	0.315895
0.278530	0.672649
0.157751	0.318657
0.145968	0.155456
0.076299	0.105293
0.081563	0.138657
0.129965	0.243685
0.193577	0.524593
0.127484	0.343571
0.071846	0.228829
0.097580	0.253708
0.157315	1.127161
0.243311	0.877134
0.245690	4.276236
0.209173	0.984159
0.156986	0.576138
0.133617	0.124932
0.293200	0.602526
0.311607	2.126717
0.115743	0.155096
0.059688	0.159964
0.168634	0.544688
0.147970	1.174138
0.200928	0.496293
0.129518	0.252560
0.076200	0.156972
0.104879	0.164136
0.076204	0.267476
0.067582	0.334531
0.136532	0.338598
0.222214	0.691085
0.079165	0.537924
0.185714	1.020501
0.154953	0.338572
0.236290	1.583144
0.173516	0.314932
0.118039	0.151680
0.236019	0.955879
0.215818	0.502856
0.378274	1.040254
0.204096	0.803118
0.121563	0.193894
0.202062	0.285918
0.101619	0.141758
0.158664	0.486305
0.151095	0.414000
0.263642	0.448192
0.105105	0.172897
0.148512	0.270292
0.259605	2.231306
0.086909	0.157306
0.207045	1.159451
0.272359	1.131650
0.087102	0.324891
0.063159	0.090317
0.208719	0.685643
0.219309	0.355280
0.065383	0.146131
0.067060	0.169662
0.095710	0.145001
0.128297	0.413115
0.110607	0.334587
0.149850	0.364884
0.072937	0.122170
0.228207	2.191930
0.265233	3.406924
0.161635	1.525837
0.081116	0.261193
0.105506	0.226839
0.217750	1.540584
0.208363	0.696975
0.207708	0.541081
0.044910	0.143937
0.125138	0.838426
0.094931	0.158535
0.145379	0.511007
0.188043	0.503015
0.113664	0.250061
0.081525	0.163865
0.113639	0.302280
0.134108	0.238042
0.160842	0.817077
0.155187	0.315806
0.280568	0.353516
0.335068	0.140729
0.196324	0.328843
0.253717	0.189019
0.316574	0.604657
0.181237	0.120523
0.151681	0.131204
0.347529	0.550833
0.095554	0.146197
0.161110	0.428553
0.242690	0.774181
0.218507	2.170869
0.084037	0.163451
0.320486	1.365270
0.147871	0.408125
0.047262	0.101378
0.096339	0.469651
0.146418	0.558586
0.169484	0.516926
0.069092	0.200711
0.176222	1.033543
0.079515	0.189644
0.051149	0.186183
0.140957	0.940889
0.057363	0.123905
0.065538	0.109121
0.297331	1.272579
0.197596	0.643177
0.083386	0.118825
0.116606	0.170244
0.139640	0.575319
0.280169	0.577148
0.136733	0.334995
0.085377	0.157093
0.141304	0.164619
0.152498	0.214260
0.219899	0.561842
0.100517	0.275417
0.111176	0.247366
0.250392	1.434748
0.337131	1.800282
0.160678	0.421780
0.096678	0.165319
0.106838	0.270835
0.278111	1.015106
0.263043	0.970630
0.087869	0.173981
0.242341	0.322313
0.200102	0.377192
0.126331	0.377731
0.206351	0.642782
0.198394	0.746954
0.262830	0.913334
0.355559	1.194679
0.216087	0.238776
0.358656	1.197910
0.299411	0.845836
0.288033	0.416208
0.265653	0.285577
0.207625	0.849186
0.195649	0.230865
0.299195	0.990334
0.223122	0.673828
0.336585	1.999312
0.236053	1.445826
0.143494	0.518014
0.121970	0.257356
0.147391	1.006683
0.125839	0.373743
0.103662	0.304247
0.118927	0.256882
0.112141	0.179987
0.196299	0.275800
0.242820	0.314451
0.264587	1.677482
0.087690	1.824393
0.139088	0.175946
0.057994	0.099460
0.082416	0.353564
0.088818	0.331290
0.125414	0.427035
0.055682	0.110250
0.073287	0.239283
0.079938	0.231021
0.109849	0.329547
0.190487	0.476218
0.088145	0.160864
0.320741	1.770493
0.105360	0.168049
0.272702	1.193072
0.167251	0.896463
0.191794	0.862115
0.087740	0.119764
0.133707	0.213931
0.102249	0.276584
0.140685	1.802883
0.176217	0.555964
0.099108	0.158077
0.182998	0.367827
0.105296	0.132673
0.177087	0.553397
0.126355	0.221122
0.184581	0.231649
0.206400	0.649129
0.115465	0.140868
0.123239	0.350615
0.305117	1.855109
0.121367	0.459983
0.177821	0.985130
0.131925	0.171502
0.078938	0.125512
0.165841	0.272809
0.198370	0.284661
0.183444	0.830085
0.086914	0.088218
0.119783	0.261725
0.226866	0.263165
0.177036	0.601921
0.129508	0.131451
0.115601	0.252011
0.304687	1.796128
0.123523	0.167374
0.137386	0.440323
0.157645	0.523382
0.145019	0.421280
0.112404	0.345081
0.137123	0.214598
0.128074	0.548798
0.085133	0.203468
0.061277	0.134198
0.130238	0.569138
0.200066	0.745244
0.225101	0.382671
0.134643	0.481347
0.129319	0.470722
0.057785	0.123082
0.120750	0.178107
0.238885	0.542268
0.197113	0.377471
0.331961	0.698778
0.133633	0.201117
0.255350	1.442726
0.307151	0.727948
0.256202	1.430889
0.136297	0.248743
0.271681	1.051406
0.157617	0.533534
0.153343	0.302085
0.105203	0.149388
0.131790	0.156831
0.063542	0.136297
0.084231	0.221528
0.133115	0.282868
0.289973	1.097547
0.353728	1.476815
0.201155	0.152878
0.144733	0.254730
0.438510	1.387885
0.162418	0.259869
0.207263	0.374110
0.221715	0.587544
0.259623	0.432273
0.102137	0.155247
0.443195	1.876929
0.205266	0.256583
0.293634	1.472575
0.260161	1.359339
0.142884	0.227186
0.184612	0.369224
0.207539	0.320648
0.091812	0.131291
0.118567	0.185557
0.128895	0.134050
0.239511	0.342500
0.177451	0.269726
0.179224	0.835184
0.264490	0.440375
0.168737	0.385564
0.193556	0.714221
0.102052	0.183183
0.112317	0.219017
0.187472	0.450869
0.180277	0.603026
0.226101	0.486117
0.094455	0.109568
0.199255	0.384561
0.133755	0.747024
0.079722	0.181368
0.306094	1.663619
0.276195	0.149145
0.138531	0.288836
0.179332	0.555929
0.051716	0.177903
0.154387	0.355089
0.262310	2.147009
0.135107	0.220224
0.304656	1.751771
0.123620	0.364061
0.194914	0.448302
0.140454	0.381332
0.246542	0.592934
0.077116	0.187778
0.078221	0.137668
0.065494	0.153583
0.060509	0.233867
0.136963	0.333505
0.117390	0.339257
0.097628	0.205995
0.108886	0.224851
0.108435	0.223918
0.080608	0.149125
0.107647	0.176541
0.104640	0.298748
0.166778	0.921449
0.070997	0.246716
0.102834	0.306960
0.066095	0.109388
0.226605	0.704740
0.143137	0.484520
0.045865	0.180709
0.089034	0.534648
0.107204	0.543524
0.065782	0.189124
0.115759	0.707868
0.112001	0.173602
0.220120	0.521685
0.127069	0.494934
0.091892	0.169081
0.120903	0.396561
0.114312	0.245771
0.258753	1.505941
0.133987	0.314200
0.154723	1.499270
0.090816	0.291065
0.117765	0.233174
0.111905	0.428596
0.102624	0.377143
0.145943	0.668420
0.258070	2.842644
0.093381	0.175090
0.130164	0.505686
0.068140	0.170350
0.138718	0.418928
0.101310	0.311527
0.123344	0.255939
0.084334	0.144633
0.114455	0.319329
0.129943	0.171525
0.079716	0.214038
0.150811	1.481717
0.092019	0.276978
0.104283	0.424433
0.095345	0.436203
0.076158	0.125281
0.091505	0.165623
0.172829	0.610085
0.090970	0.209230
0.065791	0.125003
0.112867	0.262980
0.087696	0.140314
0.153578	1.568802
0.112386	0.385483
0.077668	0.247761
0.085624	0.557843
0.075199	0.278612
0.067814	0.177673
0.088252	0.160177
0.116883	0.719415
0.155020	0.888265
0.181148	0.317009
0.079873	0.134187
0.180225	0.577621
0.043683	0.151142
0.115614	0.339905
0.289555	2.888313
0.092073	0.229261
0.066495	0.254011
0.171871	0.699515
0.183679	0.252559
0.170279	0.428252
0.085005	0.341720
0.150894	0.248976
0.109844	0.403127
0.071279	0.258030
0.195178	0.484041
0.089672	0.212970
0.303606	1.137005
0.093528	0.590164
0.139169	0.308955
0.151554	0.578935
0.087273	0.219929
0.081390	0.190451
0.113012	0.435661
0.096412	0.171131
0.088230	0.196311
0.050683	0.118852
0.187225	0.418448
0.078958	0.457560
0.068433	0.158765
0.058679	0.134375
0.086233	0.278964
0.103849	0.545725
0.099579	0.512832
0.062777	0.147839
0.057724	0.296125
0.074925	0.346530
0.088561	0.216532
0.196226	0.955621
0.144589	0.159048
0.181897	0.653918
0.086159	0.228753
0.082561	0.447481
0.032029	0.334380
0.072899	0.281027
0.176437	0.322879
0.060913	0.100506
0.194902	1.566040
0.164189	0.885797
0.095615	0.195532
0.217292	2.392380
0.039095	0.121782
0.063429	0.223270
0.167841	0.719199
0.066823	0.263949
0.065208	0.173781
0.140191	0.278981
0.127226	0.511450
0.177766	2.871802
0.177441	2.013951
0.174348	1.472371
0.093199	0.260958
0.086487	0.258164
0.151971	0.471109
0.015599	0.114806
0.051999	0.157037
0.207671	1.206570
0.100226	0.524685
0.154509	0.628852
0.123238	0.930445
0.086005	0.283816
0.109040	0.340205
0.092137	0.339065
0.055836	0.236744
0.108641	0.254762
0.119817	0.197099
0.130543	0.431445
0.425634	1.155597
0.195042	0.559769
0.172862	0.160762
0.191993	0.293749
0.166447	0.153963
0.094853	0.105761
0.198345	0.819164
0.106123	0.130531
0.408926	1.183840
0.081085	0.122844
0.139093	0.258017
0.131418	0.853560
0.194491	4.160153
0.084358	0.182214
0.103082	0.367488
0.209345	1.455992
0.236833	2.551879
0.126051	0.694539
0.031791	0.115402
0.110244	0.506021
0.237791	2.706061
0.142251	0.940990
0.056014	0.213694
0.028955	0.100618
0.062637	0.091763
0.043813	0.198909
0.078129	0.540654
0.167129	0.549854
0.156673	0.630609
0.160372	1.267738
0.068205	0.114584
0.071667	0.153010
0.250575	0.661518
0.073198	0.121509
0.148034	0.660971
0.265884	1.063536
0.361548	3.188849
0.334998	1.043518
0.096061	0.174351
0.166134	0.497572
0.085154	0.191171
0.142275	0.293797
0.257210	0.267498
0.174869	0.282413
0.124748	0.382976
0.152474	0.230998
0.117142	0.914875
0.173749	0.714108
0.086553	0.226770
0.174401	0.747307
0.258528	2.395260
0.162805	0.493298
0.060869	0.111694
0.092813	0.492837
0.154797	0.328943
0.175528	1.107579
0.086485	0.286266
0.159233	0.609068
0.229310	1.231396
0.095858	0.393017
0.173180	0.826067
0.171898	0.428025
0.177582	1.235970
0.068151	0.107338
0.069309	0.145895
0.192726	0.408580
0.182417	0.421384
0.111099	0.298856
0.178460	0.498796
0.108023	0.158253
0.190259	0.423326
0.153515	0.155050
0.209015	0.368911
0.281388	1.142436
0.052073	0.142940
0.138996	0.272433
0.278018	1.160724
0.151564	0.306916
0.074557	0.105125
0.294795	0.632335
0.160243	0.231551
0.157656	0.409117
0.289576	1.153962
0.242086	1.326631
0.187825	0.532485
0.209528	0.704014
0.157642	0.748011
0.208522	0.251270
0.174037	0.416819
0.263790	0.604080
0.141918	0.464781
0.083635	0.122526
0.118396	0.210745
0.134114	0.181054
0.246802	0.518284
0.194512	0.329697
0.234733	0.268769
0.183883	0.992970
0.194937	0.912304
0.141814	0.236120
0.324157	0.692075
0.111778	0.263795
0.173555	0.407855
0.228290	0.417771
0.166213	0.289210
0.205081	0.379400
0.162562	0.380394
0.106481	0.281641
0.070043	0.157948
0.259733	0.519467
0.186762	0.352981
0.311255	1.562501
0.164265	1.643474
0.035770	0.161503
0.094770	0.192858
0.071411	0.253511
0.128523	0.920227
0.078463	0.202043
0.107732	0.207922
0.125817	0.240310
0.121846	0.753005
0.136823	0.443307
0.067124	0.155729
0.058742	0.127470
0.086540	0.157070
0.214890	2.678609
0.089065	0.241367
0.249680	0.786493
0.082424	0.385331
0.067836	0.268971
0.080040	0.204502
0.061932	0.164739
0.083612	0.314800
0.081406	0.206364
0.273971	2.308206
0.086307	0.183834
0.119076	0.186949
0.096487	0.273541
0.199482	0.464794
0.111045	0.954429
0.099628	0.312832
0.173062	0.275169
0.117160	0.164024
0.162133	0.368043
0.108557	0.151437
0.114117	1.052725
0.142302	0.744949
0.125175	0.467530
0.143689	0.546736
0.183980	0.514223
0.094932	0.170878
0.092725	0.161805
0.125700	0.401612
0.115094	0.794722
0.081980	0.246350
0.123398	0.798383
0.054445	0.170958
0.067321	0.221150
0.155836	0.423875
0.091584	0.329702
0.074577	0.199495
0.060026	0.111649
0.066822	0.216836
0.110444	0.215917
0.061380	0.086852
0.068443	0.219361
0.167791	0.588109
0.063856	0.245845
0.109605	0.367725
0.180420	0.705441
0.252709	3.963745
0.137778	0.194267
0.112845	0.382544
0.083518	0.294818
0.078857	0.201481
0.105634	0.194367
0.059743	0.150851
0.090067	0.232374
0.261776	0.876949
0.134809	0.144920
0.149453	0.534294
0.183399	0.358545
0.067606	0.174424
0.071871	0.182913
0.059730	0.101840
0.067704	0.202436
0.131871	0.550560
0.172963	0.846652
0.074556	0.185644
0.041843	0.118208
0.079185	0.227657
0.252759	3.072280
0.107310	0.182427
0.123434	0.478923
0.074097	0.133745
0.181599	1.012414
0.106865	0.297085
0.065715	0.109416
0.063997	0.103355
0.150947	0.416615
0.180670	1.655839
0.104697	0.193166
0.192152	4.155278
0.210566	1.134953
0.099979	0.455906
0.174570	0.872850
0.104945	0.361534
0.069372	0.163023
0.106826	0.193356
0.079221	0.146560
0.055826	0.158267
0.074842	0.154175
0.046499	0.202967
0.141935	0.692643
0.076438	0.300784
0.063119	0.193460
0.103408	0.225430
0.123138	0.293683
0.097126	0.167056
0.129913	0.215006
0.076526	0.227281
0.068151	0.182304
0.067921	0.248931
0.140708	0.256793
0.132935	0.518445
0.108146	0.186012
0.186300	0.626901
0.230282	0.575705
0.210522	1.475763
0.122935	0.695814
0.051755	0.497107
0.083366	0.152977
0.297007	0.794493
0.124949	0.213663
0.135880	0.305050
0.052778	0.121124
0.139446	0.411365
0.050384	0.159213
0.100248	0.152376
0.125676	0.187886
0.400454	3.864384
0.079341	0.132499
0.078555	0.107621
0.266958	0.699431
0.305310	1.363208
0.164594	0.266642
0.162642	0.200862
0.193716	0.427144
0.134338	0.224344
0.174309	0.441002
0.238361	0.973703
0.280341	1.146595
0.242878	1.392904
0.186091	0.810428
0.130073	0.559315
0.130923	0.258572
0.139208	0.238046
0.069463	0.280629
0.201396	0.753221
0.243691	1.371982
0.391555	1.679772
0.106132	0.188384
0.158289	0.462205
0.243693	0.536125
0.099097	0.130313
0.346727	1.457986
0.163886	0.363826
0.079030	0.239856
0.084063	0.135761
0.219649	0.537042
0.125464	0.184432
0.304689	1.598092
0.250119	0.686576
0.193443	0.749591
0.231334	0.543634
0.172927	0.577575
0.095223	0.138073
0.090031	0.205270
0.215706	0.574855
0.113948	0.180038
0.145878	0.285191
0.212563	0.310342
0.096442	0.206386
0.143372	0.214341
0.144137	0.303408
0.107520	0.157517
0.112051	0.143425
0.257061	0.907424
0.249406	3.009081
0.092259	0.135159
0.068648	0.088899
0.120748	0.217346
0.135692	0.134335
0.173145	0.515105
0.160036	0.299268
0.154803	0.313476
0.261248	2.475325
0.149369	0.212851
0.131384	0.464444
0.084056	0.203836
0.260012	1.080349
0.053704	0.163260
0.043830	0.133243
0.296608	3.206329
0.082074	0.274948
0.082045	0.127990
0.070377	0.172071
0.089517	0.158892
0.137156	0.277742
0.224235	0.522467
0.257385	1.821002
0.052452	0.128769
0.091259	0.281078
0.033859	0.096838
0.070325	0.135376
0.197395	0.846823
0.107423	0.308304
0.171052	1.443682
0.093926	0.207107
0.113777	0.467054
0.080784	0.189035
0.208378	1.067938
0.242905	2.925793
0.107893	0.166695
0.148944	0.220437
0.171496	0.597664
0.194786	2.173813
0.078645	0.129764
0.208633	1.325863
0.083714	0.169940
0.117454	0.197323
0.295028	1.076852
0.343301	2.212574
0.166239	0.395649
0.076064	0.182173
0.176903	0.459064
0.125236	0.180966
0.091201	0.202923
0.136851	0.231279
0.106943	0.370021
0.115134	0.298198
0.210288	1.352150
0.098979	0.203403
0.088474	0.172525
0.163607	0.917837
0.118275	0.208164
0.058903	0.541907
0.113235	0.257609
0.172843	1.069897
0.060516	0.206358
0.246388	1.201143
0.130503	0.254480
0.106418	0.219752
0.043650	0.259717
0.077406	0.106433
0.263001	0.579916
0.227146	0.733681
0.209598	0.454828
0.201274	0.283796
0.167887	0.306394
0.068393	0.108402
0.151494	0.127255
0.111633	0.231639
0.217673	0.415755
0.244439	0.690540
0.175715	0.412930
0.096299	0.192597
0.065260	0.115510
0.110778	0.422618
0.065461	0.225186
0.236091	0.793265
0.139952	0.238618
0.336237	2.405774
0.078815	0.101671
0.232375	0.435702
0.328796	1.999079
0.106818	0.163966
0.116581	0.416778
0.127964	0.411404
0.185914	0.425743
0.316709	2.674610
0.082631	0.181375
0.109423	0.162493
0.125401	0.195625
0.134491	0.205772
0.242061	1.062649
0.247040	1.079564
0.147352	0.380905
0.098529	0.204448
0.191167	1.532202
0.074075	0.306300
0.080764	0.226141
0.125942	1.250603
0.138702	1.709503
0.110466	0.233635
0.096972	0.186671
0.140738	0.752246
0.168126	0.981013
0.236943	1.493928
0.109501	0.194911
0.081252	0.585015
0.041352	0.111444
0.106337	0.380685
0.111730	0.407257
0.100429	0.231991
0.095625	1.335878
0.045114	0.108047
0.045070	0.409687
0.079255	0.341193
0.181237	0.666047
0.052929	0.095007
0.121498	0.417952
0.165038	0.718739
0.046258	0.110789
0.111794	0.246505
0.110524	0.166338
0.074384	0.308692
0.112485	0.856572
0.154874	0.202885
0.058833	0.113841
0.136862	0.351735
0.098236	0.387539
0.059627	0.112992
0.089171	0.169871
0.046658	0.138340
0.186663	0.741986
0.085230	0.353703
0.058728	0.166787
0.166658	1.751579
0.211981	2.395380
0.153825	1.757448
0.240420	2.271971
0.090334	0.148600
0.192697	0.907605
0.126869	0.249297
0.092993	0.329194
0.260316	0.766629
0.188460	0.742533
0.057565	0.166076
0.112706	0.265422
0.105956	0.177476
0.074733	0.209626
0.370321	1.833090
0.164508	0.156282
0.240815	0.581568
0.241809	0.604522
0.095975	0.202507
0.156560	0.499426
0.111584	0.184671
0.102957	0.144140
0.329008	0.919577
0.087476	0.265928
0.129768	0.380870
0.243108	2.127198
0.136409	0.229167
0.061258	0.164172
0.156122	0.771241
0.155367	0.274999
0.150502	0.726171
0.074409	0.190487
0.151451	0.534622
0.172270	1.570245
0.162340	0.526793
0.066343	0.127047
0.084942	0.450193
0.214511	1.048958
0.092215	0.165064
0.177399	1.211632
0.157054	0.418549
0.055468	0.154756
0.165295	1.864529
0.220879	1.158509
0.070869	0.317137
0.047307	0.090357
0.105966	0.199746
0.127283	0.262203
0.123743	1.514617
0.190223	2.366376
0.130331	0.402072
0.140111	0.650816
0.142884	0.908745
0.108465	0.250012
0.236460	0.917466
0.226715	2.225210
0.100158	0.376594
0.120361	0.377934
0.211631	0.893081
0.049207	0.108256
0.051713	0.139885
0.164608	0.535799
0.177193	0.781419
0.175885	0.492479
0.099481	0.309882
0.192187	1.160807
0.096411	0.566416
0.176635	0.793976
0.071271	0.287577
0.062849	0.279994
0.278946	0.529997
0.286654	2.789140
0.116517	0.258667
0.165594	0.384177
0.138315	0.251733
0.150685	0.264451
0.083882	0.103175
0.126960	0.399289
0.119183	0.285443
0.157947	0.381441
0.273887	0.891502
0.136834	0.407764
0.069807	0.345542
0.162598	0.784536
0.058575	0.139994
0.094221	0.391489
0.110852	0.379112
0.230912	1.438584
0.058417	0.373579
0.439666	1.833408
0.156692	0.212318
0.256042	0.459595
0.281335	0.562670
0.400656	0.919504
0.544777	2.478737
0.260373	0.632707
0.228452	0.559708
0.089575	0.171537
0.258829	0.553894
0.195155	0.367867
0.288655	1.137302
0.147024	0.175694
0.089895	0.185184
0.189718	0.751282
0.131624	0.675888
0.143648	0.648570
0.120286	0.328380
0.141105	0.227884
0.194494	0.840213
0.172777	0.223746
0.249738	0.684282
0.254886	1.006801
0.096082	0.184477
0.172083	0.212522
0.223621	0.479667
0.194888	0.585637
0.214763	1.393813
0.366792	2.327295
0.232165	0.459686
0.226072	0.672565
0.085712	0.201424
0.154666	0.306238
0.244155	1.750591
0.259061	1.261628
0.149228	0.338001
0.243445	0.817976
0.200981	0.529584
0.097693	0.265726
0.190362	0.545387
0.124406	0.411162
0.106228	0.233171
0.120670	0.363820
0.166380	0.855192
0.098576	0.185816
0.270878	0.866811
0.207476	0.914970
0.195719	0.543122
0.128454	0.182404
0.413045	3.959037
0.356415	0.397402
0.277319	0.267613
0.379835	0.921101
0.080511	0.336938
0.103628	0.187566
0.114918	0.241902
0.323388	1.076881
0.081134	0.223525
0.110574	0.194057
0.159773	0.308362
0.088364	0.179380
0.100561	0.221235
0.189654	0.371722
0.139874	0.214706
0.277903	1.246393
0.112853	0.225706
0.110454	0.212071
0.108678	0.153236
0.115275	0.174065
0.126445	0.176391
0.196002	0.316544
0.231193	0.598790
0.255176	0.778285
0.082356	0.384192
0.086220	0.324617
0.110714	0.209803
0.063227	0.110963
0.116887	0.245463
0.128419	0.364709
0.191252	1.310075
0.060692	0.185111
0.171429	0.492858
0.107746	0.379265
0.097414	0.345821
0.112553	0.326965
0.103940	0.280118
0.065685	0.229896
0.071361	0.192675
0.066937	0.125506
0.108986	0.863716
0.120045	0.689058
0.148158	0.493365
0.196258	0.373871
0.190625	0.588078
0.139437	0.379270
0.280003	0.656606
0.162839	2.223567
0.118672	0.278879
0.124544	0.410374
0.182663	0.431997
0.117209	0.437776
0.079195	0.218973
0.069302	0.141377
0.092012	0.347347
0.111574	0.239885
0.061030	0.191331
0.058808	0.219355
0.178193	0.512305
0.090693	0.216756
0.131663	0.273201
0.097432	0.365371
0.066900	0.096002
0.253265	1.437278
0.165842	0.276957
0.122889	0.147466
0.052988	0.111540
0.099272	0.210456
0.076933	0.121938
0.097215	0.221650
0.106318	0.191903
0.084714	0.168581
0.093987	0.348221
0.165668	1.867908
0.183061	0.568403
0.067595	0.095309
0.222044	1.698633
0.159253	0.326469
0.102540	0.300442
0.157317	0.272945
0.194526	0.531057
0.075540	0.163921
0.250735	1.436709
0.162164	1.551099
0.086392	0.217707
0.147068	0.218396
0.260478	1.807720
0.175704	0.538534
0.077090	0.204288
0.060196	0.283223
0.149425	0.289137
0.162478	0.471997
0.089867	0.156369
0.141063	0.448579
0.067845	0.096340
0.150400	0.356449
0.155901	0.314141
0.096875	0.247031
0.091568	1.114839
0.287716	1.795347
0.130276	0.277489
0.204207	0.928123
0.194468	0.769120
0.084028	0.183602
0.109554	0.273885
0.134085	0.289625
0.063487	0.214902
0.115903	0.168639
0.100125	0.158698
0.130037	0.219762
0.200647	1.558023
0.186166	1.083486
0.198557	0.612548
0.190523	0.320079
0.179449	0.707924
0.116632	0.230932
0.186678	0.508698
0.155756	0.548261
0.072534	0.137090
0.348926	0.689128
0.196166	0.296211
0.329223	0.360499
0.090762	0.092577
0.442743	1.124567
0.491839	1.551752
0.212373	0.234672
0.382305	0.749317
0.321886	1.197414
0.264056	0.566400
0.352931	1.687008
0.272531	0.645898
0.199688	0.316506
0.192161	0.219064
0.167220	0.204009
0.197341	0.426257
0.276482	1.448764
0.224854	0.281068
0.290765	0.694928
0.137012	0.241827
0.079817	0.147661
0.179982	0.423857
0.260086	0.284795
0.156082	0.337137
0.102080	0.128621
0.175043	1.219173
0.187917	0.551535
0.127141	0.254283
0.171522	0.178382
0.164382	0.521912
0.083493	0.218334
0.147577	0.675903
0.283026	0.407557
0.108138	0.304408
0.103872	0.256045
0.150683	0.345063
0.145784	0.170567
0.188633	0.723408
0.234982	1.328823
0.162458	0.485750
0.126614	0.235502
0.207876	0.372098
0.268792	1.329176
0.207960	0.672750
0.150322	0.292377
0.163726	0.209570
0.315126	0.764180
0.171139	0.227615
0.292895	2.718068
0.192901	0.463927
0.132579	0.278416
0.089456	0.120766
0.116091	0.402254
0.163434	0.521356
0.067126	0.118477
0.163449	0.245991
0.176821	1.250126
0.070978	0.379376
0.115029	0.515906
0.131120	0.338946
0.066072	0.192931
0.114919	0.176400
0.163631	0.513803
0.051958	0.089368
0.254431	2.072342
0.101968	0.184052
0.197969	0.662207
0.122912	0.278396
0.093935	0.203838
0.092605	0.269018
0.082883	0.217567
0.132702	0.312513
0.154656	0.521965
0.133135	0.228327
0.191373	0.762623
0.244594	1.575185
0.160321	0.400802
0.116568	0.184760
0.097031	0.130507
0.099153	0.175500
0.105280	0.141602
0.158557	0.130809
0.148236	0.279425
0.208300	0.366607
0.172836	0.240243
0.123832	0.259427
0.193327	0.541315
0.212481	0.626820
0.079314	0.166162
0.210456	0.207299
0.213465	0.338342
0.094570	0.119158
0.314540	1.737834
0.110536	0.198412
0.116881	0.219736
0.212066	0.709360
0.103462	0.224513
0.207445	0.178402
0.216345	0.786415
0.318526	2.713841
0.113962	0.148150
0.127084	0.587765
0.116867	0.212697
0.172915	1.149020
0.098971	0.309779
0.103491	0.330136
0.079374	0.202403
0.258143	1.826363
0.123659	0.299873
0.055048	0.162943
0.169912	0.453666
0.170422	0.967142
0.162178	0.931711
0.116582	0.188280
0.174733	0.567882
0.215886	0.447964
0.166959	0.601054
0.046001	0.112013
0.221258	0.596290
0.242881	0.807578
0.088157	0.230972
0.188388	0.744133
0.192316	0.874075
0.065254	0.163134
0.083764	0.125645
0.209577	0.425442
0.122128	0.276619
0.078660	0.106584
0.227088	0.743713
0.180923	0.363656
0.250550	1.374265
0.118450	0.198996
0.087241	0.159652
0.090103	0.126595
0.221478	0.532654
0.061965	0.106890
0.124993	0.416853
0.280409	1.158090
0.184544	0.441984
0.187491	1.045265
0.166893	0.675918
0.089260	0.257069
0.148695	0.397759
0.100630	0.156982
0.216802	0.945257
0.146082	0.158499
0.095441	0.226195
0.122714	0.365075
0.106448	0.172446
0.060562	0.194102
0.082881	0.210517
0.057561	0.153401
0.066829	0.218864
0.077002	0.135138
0.133638	0.215158
0.150404	0.344426
0.088948	0.241938
0.137607	0.288287
0.130344	0.447733
0.083094	0.142506
0.040340	0.079672
0.112044	0.212324
0.224586	1.046573
0.106735	0.190523
0.118040	0.302182
0.216156	1.335843
0.180285	0.180285
0.101813	0.169009
0.184852	0.624799
0.119817	0.302537
0.203505	1.523236
0.082104	0.155997
0.122624	0.386879
0.116402	0.345713
0.054938	0.104932
0.215191	0.672473
0.126591	0.270905
0.125818	0.162305
0.098141	0.173219
0.077138	0.189373
0.152905	0.171254
0.095670	0.259265
0.078140	0.129322
0.081114	0.128565
0.088829	0.194091
0.084366	0.210915
0.301985	1.914585
0.165367	0.506850
0.097429	0.224573
0.172799	0.677372
0.160465	0.155651
0.225791	0.741723
0.135634	0.326201
0.194056	0.544328
0.192312	0.704825
0.141318	1.030207
0.127095	0.547146
0.437121	2.102550
0.098457	0.161962
0.163723	0.842353
0.132501	0.176226
0.173952	0.208743
0.103432	0.166009
0.056653	0.116423
0.099858	0.225180
0.126135	0.349394
0.067503	0.191371
0.092212	0.255427
0.194667	0.810787
0.111222	0.310865
0.056770	0.186204
0.136845	0.830649
0.088731	0.224047
0.075052	0.131341
0.107086	0.187401
0.112380	0.554035
0.114236	0.636292
0.079708	0.194486
0.111296	0.297159
0.140410	0.826315
0.259451	0.550036
0.266362	0.187785
0.268462	0.475177
0.547170	1.767358
0.152318	0.386126
0.390914	1.491337
0.294045	0.420485
0.109027	0.259485
0.173551	0.208262
0.239164	0.711513
0.297583	0.550528
0.119965	0.133162
0.160884	0.327400
0.120758	0.193817
0.058029	0.119829
0.053752	0.158032
0.069871	0.262016
0.127814	0.398140
0.144180	0.455609
0.061451	0.150249
0.083528	0.211325
0.049071	0.138381
0.021576	0.092455
0.093863	0.161913
0.141585	0.470771
0.125044	0.638977
0.077028	0.142887
0.182285	1.224957
0.176473	0.637067
0.062069	0.211344
0.140947	0.589863
0.169451	0.759986
0.153512	0.439045
0.078519	0.126416
0.129409	0.269819
0.146383	0.469159
0.092644	0.166760
0.078324	0.152341
0.104863	0.245904
0.064242	0.092187
0.156608	0.339838
0.192179	0.371866
0.114962	0.312122
0.096156	0.323566
0.085743	0.313392
0.104453	0.704012
0.195441	0.711405
0.210173	1.610980
0.107418	0.243840
0.058329	0.097992
0.064202	0.144774
0.063002	0.207908
0.121277	0.496025
0.110228	0.648694
0.144284	0.976803
0.135833	0.645207
0.073277	0.268560
0.074091	0.408984
0.080195	0.098640
0.086266	0.177707
0.158932	0.414814
0.254509	0.927685
0.158940	1.321586
0.164503	0.356971
0.080177	0.287434
0.106070	0.282677
0.132480	0.837935
0.059613	0.216693
0.078849	0.279521
0.113007	0.196632
0.195174	0.518188
0.113384	0.642322
0.158163	0.310791
0.113606	0.189723
0.199429	0.363958
0.123108	0.261604
0.092438	0.177481
0.170768	0.880308
0.062308	0.155148
0.097743	0.145637
0.069544	0.263572
0.047851	0.117953
0.219425	1.224390
0.106062	0.268338
0.057005	0.139663
0.132360	0.219055
0.086200	0.186191
0.109056	0.225201
0.172813	0.451042
0.065487	0.126391
0.072990	0.154009
0.094362	0.354329
0.043270	0.131323
0.063622	0.174325
0.190147	1.318668
0.080677	0.250502
0.119877	0.249943
0.076407	0.172298
0.064894	0.184298
0.062880	0.202788
0.076662	0.169806
0.148783	0.612241
0.112773	0.156191
0.123571	0.465246
0.051426	0.175620
0.071284	0.093382
0.101938	0.280840
0.215792	1.296909
0.126426	0.286356
0.110763	0.443604
0.067811	0.274296
0.235819	1.779253
0.096932	0.385789
0.081732	0.297095
0.220738	2.470058
0.234403	1.912731
0.078758	0.153577
0.274045	2.981614
0.112382	0.414129
0.163682	0.837235
0.103752	0.147327
0.056887	0.179195
0.303274	2.307912
0.090626	0.178533
0.130155	0.268770
0.242136	0.507275
0.219408	1.206745
0.096568	0.244799
0.061525	0.110744
0.093406	0.243791
0.129095	0.377604
0.085674	0.410807
0.149752	0.443265
0.127891	0.468722
0.162652	0.488769
0.085141	0.234564
0.099187	0.221684
0.069186	0.130762
0.160081	0.505054
0.143928	0.785845
0.078383	0.183809
0.134249	0.192648
0.072805	0.185290
0.220826	0.582981
0.191878	0.812604
0.254364	2.331243
0.052189	0.155523
0.168400	0.639079
0.248765	2.726468
0.043491	0.209411
0.101742	0.326083
0.109734	0.442777
0.065135	0.163814
0.144153	0.249385
0.193863	0.685307
0.098066	0.174067
0.081118	0.369898
0.105919	0.246790
0.089865	0.374737
0.279233	0.430018
0.124900	0.542692
0.058472	0.116358
0.051886	0.128678
0.068917	0.177461
0.090830	0.287477
0.085756	0.507676
0.091376	0.197371
0.232237	1.432902
0.123762	0.719056
0.098518	0.239400
0.122792	0.294087
0.273986	1.243897
0.353606	3.521918
0.240525	0.357180
0.143080	0.112318
0.112980	0.270587
0.168448	1.745963
0.146881	1.617160
0.076913	0.277656
0.043047	0.116012
0.154127	0.392254
0.069479	0.149379
0.060976	0.178659
0.086688	0.205884
0.279928	3.189774
0.082373	0.171748
0.113089	0.495893
0.091098	0.184017
0.142095	0.478150
0.072795	0.185263
0.115027	0.165064
0.295970	1.707747
0.174865	0.295521
0.299197	0.840743
0.306572	0.220732
0.453119	0.623038
0.374872	0.624162
0.244966	0.700601
0.186689	0.181088
0.126031	0.199129
0.133505	0.186907
0.255318	0.774891
0.193288	0.357583
0.140496	0.318224
0.192587	0.399618
0.110809	0.197240
0.131912	0.424756
0.110214	0.442508
0.185008	0.788134
0.217367	2.557321
0.218841	0.407044
0.164029	0.337081
0.186271	0.481509
0.198319	0.811126
0.177377	0.376039
0.166531	0.562044
0.147166	0.309049
0.127883	0.520483
0.117751	0.292022
0.080161	0.154710
0.143012	1.347174
0.045999	0.112239
0.062294	0.139851
0.041480	0.088352
0.085659	0.211578
0.089948	0.388124
0.084975	0.234532
0.121860	0.191321
0.084102	0.156849
0.126792	0.405100
0.108110	0.290276
0.064243	0.233523
0.042104	0.128629
0.049721	0.277939
0.223266	2.185773
0.142617	0.381502
0.058461	0.126275
0.136050	1.417637
0.091532	0.159724
0.168350	0.638047
0.209748	1.001546
0.094777	0.167281
0.058084	0.126914
0.181847	1.640257
0.113029	0.191019
0.091533	0.276430
0.091551	0.175320
0.068738	0.149848
0.084813	0.259953
0.144936	0.595686
0.067977	0.166543
0.204046	1.322216
0.079136	0.157481
0.105371	0.570056
0.076515	0.238726
0.126584	0.443043
0.081495	0.230223
0.137931	0.881379
0.059156	0.137242
0.066790	0.098849
0.074607	0.360725
0.075862	0.334550
0.072668	0.140612
0.071037	0.119342
0.112252	0.266038
0.075574	0.172686
0.057363	0.196181
0.138407	0.554319
0.086725	0.261475
0.077944	0.235392
0.089985	0.237111
0.093541	0.378373
0.060017	0.159946
0.118966	0.284923
0.079829	0.152872
0.081242	0.173452
0.069148	0.174600
0.138464	0.616163
0.088019	0.239413
0.123085	0.361254
0.092351	0.233648
0.226664	1.514118
0.142289	0.337937
0.134369	1.087716
0.285816	2.851015
0.104213	0.141730
0.113740	0.269564
0.149643	0.170593
0.152146	0.197029
0.250057	0.308821
0.433136	0.686520
0.491646	1.814175
0.489917	1.643670
0.480259	1.536828
0.273595	0.258547
0.462570	1.577363
0.365053	1.403627
0.165483	0.444321
0.127509	0.283070
0.209120	0.379553
0.184810	0.214380
0.169694	0.294418
0.230344	0.707156
0.114068	0.186501
0.189124	0.443495
0.107206	0.136688
0.231299	0.611786
0.096845	0.106529
0.270871	0.702910
0.103503	0.141799
0.236366	0.807189
0.096798	0.177625
0.189728	0.526497
0.115011	0.300755
0.335989	1.233081
0.078463	0.132602
0.130126	0.379967
0.081004	0.130417
0.164276	0.482971
0.166186	0.430421
0.172157	1.330771
0.230692	0.579037
0.073489	0.116113
0.043957	0.142861
0.143211	0.306471
0.056018	0.094111
0.170053	0.569678
0.133955	0.338905
0.385260	3.265077
0.330198	0.498599
0.370091	0.858611
0.210691	0.404526
0.170472	0.604322
0.109473	0.250145
0.152778	0.208542
0.208988	1.422165
0.156952	0.707853
0.051123	0.137009
0.134085	0.696574
0.148330	1.845225
0.099416	0.291289
0.135904	0.338400
0.047834	0.092320
0.046748	0.152634
0.068084	0.120168
0.136042	0.308134
0.214555	0.638300
0.077855	0.124957
0.073247	0.135873
0.094112	0.203282
0.173623	0.658899
0.113853	0.200950
0.159482	0.683380
0.112679	0.290713
0.179011	0.488700
0.239134	0.416094
0.119733	0.141884
0.191443	0.300565
0.151382	0.402675
0.121345	0.322172
0.085924	0.136619
0.095898	0.184604
0.149000	0.514049
0.177834	0.374340
0.093760	0.328160
0.050055	0.108619
0.070583	0.139048
0.114871	0.847172
0.076942	0.232366
0.115873	0.291999
0.082518	0.214959
0.162153	0.423219
0.052573	0.208451
0.088687	0.249654
0.068904	0.100255
0.113967	0.426238
0.049370	0.107626
0.063426	0.251485
0.101051	0.272838
0.127385	0.535017
0.045145	0.369286
0.096326	0.306798
0.079801	0.175563
0.141684	0.660246
0.092643	0.234850
0.076625	0.165510
0.129331	0.526376
0.069663	0.256360
0.195217	0.840410
0.219587	1.103423
0.172970	0.598478
0.055855	0.246321
0.162488	1.796302
0.230287	1.478440
0.081629	0.218766
0.292177	2.632519
0.125627	0.312811
0.125452	0.206368
0.147904	0.502875
0.243016	0.332931
0.262373	0.978649
0.152557	0.226548
0.239241	0.494033
0.350832	0.724467
0.266250	0.283557
0.217685	0.354827
0.408739	1.391755
0.224680	0.375215
0.184690	0.182843
0.215884	0.804169
0.182054	0.513391
0.156001	0.588904
0.205827	1.003407
0.200909	0.502273
0.199902	1.205408
0.056433	0.132335
0.066446	0.295686
0.074780	0.265095
0.035580	0.136626
0.151657	1.138942
0.084534	0.287837
0.101146	0.257416
0.058875	0.176625
0.069321	0.204496
0.065857	0.140935
0.084433	0.132982
0.163422	0.824463
0.079048	0.203152
0.038852	0.345398
0.222063	0.729476
0.134155	0.650653
0.237974	1.587289
0.087135	0.158150
0.055255	0.128192
0.091832	0.333350
0.270894	1.890837
0.209611	0.955828
0.081281	0.191416
0.116944	0.291191
0.174786	0.260431
0.133987	0.317549
0.088531	0.248773
0.186491	0.434523
0.133690	0.223930
0.059589	0.114710
0.131936	0.630653
0.142716	0.949773
0.069720	0.174998
0.164828	0.417014
0.178925	0.388268
0.105415	0.230332
0.129407	0.469101
0.089425	0.176168
0.080732	0.136034
0.085293	0.965089
0.161651	0.264300
0.067775	0.173843
0.079499	0.177283
0.084106	0.139617
0.096600	0.188370
0.194172	1.053380
0.088409	0.350540
0.103382	0.253802
0.107787	0.181082
0.096251	0.140527
0.058824	0.111471
0.051647	0.166046
0.164490	0.558444
0.080831	0.270380
0.063949	0.137490
0.082270	0.179348
0.099144	0.219109
0.111533	0.305599
0.114595	0.265861
0.063843	0.185783
0.075243	0.287051
0.159104	0.630846
0.129759	0.600135
0.074084	0.161504
0.071985	0.206597
0.084245	0.243890
0.156758	0.561977
0.072258	0.167638
0.080713	0.158602
0.134671	1.024171
0.116274	0.268593
0.104099	0.693819
0.075068	0.255607
0.067883	0.161562
0.166709	1.041929
0.140124	0.245216
0.169917	0.925200
0.137519	0.252347
0.057207	0.098969
0.087094	0.164607
0.149184	0.368484
0.177087	0.446259
0.154842	0.603110
0.079456	0.156926
0.136879	0.583104
0.111182	0.126748
0.208038	0.864399
0.164384	0.738906
0.129126	0.234364
0.122504	0.188044
0.250526	1.749927
0.096236	0.130881
0.114563	0.244592
0.257878	1.065038
0.137412	0.357959
0.096138	0.304758
0.143286	0.365379
0.255197	0.395556
0.092327	0.234048
0.135611	0.558719
0.154186	1.488662
0.071292	0.211026
0.081369	0.167214
0.167778	0.839729
0.142364	0.401468
0.235695	1.237400
0.144506	0.434240
0.101391	0.388326
0.102451	0.187486
0.096238	0.230008
0.319298	0.458193
0.272100	2.881541
0.216944	0.181148
0.243430	0.144841
0.200961	0.127611
0.365240	1.031804
0.458074	0.911568
0.148777	0.156960
0.237218	0.393782
0.164834	0.333788
0.263970	0.537179
0.203897	0.420028
0.102175	0.182894
0.324738	1.751964
0.200332	1.311170
0.096264	0.307082
0.077715	0.190012
0.116038	0.171737
0.109784	0.260736
0.116654	0.488196
0.136432	0.455001
0.144410	0.240442
0.108904	0.248302
0.165287	0.757014
0.100628	0.271695
0.239407	1.663875
0.118054	0.240830
0.152174	1.069784
0.139495	0.834181
0.099514	0.159719
0.093323	0.502080
0.108658	0.311848
0.089705	0.172233
0.237682	2.077343
0.235420	0.982878
0.114728	0.181270
0.095894	0.212405
0.290500	1.875175
0.106721	0.225182
0.130462	0.277231
0.148320	0.298864
0.078662	0.136479
0.220516	1.416812
0.174432	0.729999
0.108850	0.225864
0.131342	0.536532
0.156561	0.672430
0.182877	0.505656
0.107310	0.250032
0.166994	0.521022
0.097602	0.218140
0.088801	0.116774
0.120158	0.252933
0.148580	0.572032
0.152952	0.245487
0.228666	1.213073
0.083268	0.211500
0.138146	0.746680
0.230883	1.149795
0.084815	0.162845
0.091291	0.148349
0.177801	2.434095
0.102549	0.146132
0.169531	0.310242
0.069409	0.140900
0.246492	1.735306
0.125169	0.506310
0.224521	0.609575
0.146465	0.264369
0.159162	0.534786
0.121037	0.142218
0.160405	0.328028
0.315070	2.298437
0.166108	0.475900
0.078275	0.158899
0.095291	0.181052
0.100683	0.253217
0.101882	0.231782
0.052633	0.096844
0.132790	0.342598
0.082309	0.244457
0.138290	0.171479
0.136402	0.304859
0.074101	0.110410
0.188649	0.427289
0.080698	0.156150
0.107336	0.414316
0.205373	0.992980
0.184007	0.915436
0.161046	0.432409
0.148959	0.363459
0.108010	0.200358
0.119031	0.363638
0.150106	0.572656
0.123861	0.172786
0.243567	1.931488
0.194683	0.933506
0.135907	0.387335
0.073588	0.245417
0.225300	0.397654
0.151272	1.099748
0.093000	0.309690
0.245574	1.410823
0.132324	0.303022
0.185173	2.673903
0.051287	0.105652
0.129378	0.542739
0.082497	0.391033
0.094531	0.233493
0.037327	0.155839
0.101993	0.245294
0.048717	0.119600
0.051290	0.147971
0.137947	0.236580
0.089859	0.177922
0.117682	0.573701
0.108190	0.539326
0.082969	0.298688
0.097129	0.457479
0.101927	0.542254
0.071876	0.159565
0.161173	0.573775
0.087022	0.245403
0.105456	0.358025
0.056805	0.232333
0.064624	0.172222
0.064151	0.204641
0.287719	2.402458
0.161693	0.902246
0.050802	0.117862
0.113348	0.586574
0.253957	1.447554
0.127369	0.224169
0.150137	1.578686
0.180176	0.448638
0.067864	0.129280
0.045658	0.097480
0.100611	0.313908
0.137054	0.676363
0.057568	0.089230
0.160473	0.699660
0.116626	0.257743
0.119522	0.261753
0.078191	0.224799
0.277215	1.408253
0.302746	1.079288
0.093452	0.130366
0.210168	0.885857
0.112426	0.232160
0.092575	0.362893
0.078829	0.264077
0.094355	0.195786
0.069017	0.511068
0.051123	0.121673
0.074761	0.254935
0.092411	0.246276
0.069029	0.116313
0.040222	0.105985
0.088242	0.135893
0.099180	0.239521
0.117901	0.227548
0.279489	1.595883
0.132824	1.115059
0.159403	0.592182
0.126316	0.243157
0.085047	0.162865
0.090983	0.403964
0.053586	0.148700
0.131126	1.134896
0.212324	0.254789
0.193269	0.499600
0.085023	0.137312
0.114407	0.364388
0.132135	1.394685
0.099279	0.276989
0.222457	2.128910
0.053724	0.199316
0.085553	0.311842
0.092936	0.191448
0.054406	0.173556
0.149159	0.905394
0.073260	0.235530
0.184496	0.884658
0.064681	0.162997
0.131251	0.547315
0.088157	0.137966
0.096555	0.268906
0.080130	0.177888
0.128757	0.793789
0.061142	0.273609
0.027940	0.132437
0.098933	0.279979
0.076936	0.208111
0.107826	0.345042
0.050433	0.171725
0.059213	0.249581
0.052623	0.162869
0.058363	0.106513
0.118659	0.144170
0.109864	0.206544
0.043851	0.164001
0.085355	0.276549
0.111800	0.174408
0.139726	0.530960
0.055480	0.191405
0.201890	0.271542
0.199125	1.515338
0.051640	0.087789
0.103386	0.241923
0.078582	0.169737
0.087531	0.292352
0.131736	0.321435
0.111902	1.030059
0.063306	0.370340
0.087914	0.198246
0.151014	0.337517
0.144240	0.499792
0.169414	0.385416
0.102766	0.300076
0.145591	0.358153
0.130142	0.202371
0.169405	1.035064
0.209784	0.506628
0.227938	0.590360
0.109104	0.148926
0.079103	0.213182
0.092522	0.196609
0.201779	0.851509
0.146848	0.380335
0.105366	0.153834
0.237529	1.655575
0.151102	0.648982
0.158962	0.404558
0.094742	0.182379
0.118803	0.290472
0.107801	0.190269
0.182641	0.252958
0.235656	0.314601
0.308430	2.456644
0.123542	0.214962
0.167436	0.331524
0.424670	3.202015
0.117313	0.153680
0.097393	0.134402
0.179497	0.482847
0.120416	0.142693
0.092428	0.206577
0.179938	0.371573
0.170425	0.416690
0.158445	0.185381
0.212242	0.301384
0.132328	0.302369
0.118694	0.262313
0.124520	0.591468
0.072912	0.094785
0.174351	0.555308
0.099699	0.246755
0.258817	1.523140
0.090646	0.112855
0.123842	0.359760
0.095059	0.287555
0.059085	0.161301
0.081571	0.179864
0.160248	0.228353
0.121249	0.125493
0.133531	0.392582
0.226004	1.480327
0.091274	0.245984
0.257941	0.691282
0.098507	0.203417
0.215493	0.518261
0.119951	0.374847
0.094263	0.196538
0.105093	0.248545
0.156009	0.858832
0.119890	0.264358
0.108043	0.492134
0.093467	0.137864
0.115720	0.231440
0.118937	0.468015
0.202071	1.571104
0.145387	0.292228
0.099452	0.256089
0.146741	0.292014
0.105367	0.175963
0.126731	0.437855
0.162280	1.196002
0.147744	0.282192
0.052035	0.167032
0.156315	0.644019
0.159021	0.655960
0.234725	0.478840
0.115254	0.334237
0.119032	0.304128
0.094763	0.160150
0.131612	0.244140
0.086653	0.191071
0.170350	0.841530
0.399173	1.642599
0.321694	0.765632
0.092252	0.120389
0.084238	0.104034
0.143550	0.625161
0.236002	0.962888
0.150448	0.288108
0.164078	0.660415
0.142139	0.761157
0.103268	0.641808
0.077347	0.250605
0.107331	0.266181
0.233952	1.999123
0.152151	0.590346
0.090456	0.241970
0.081026	0.181904
0.156004	0.586576
0.064657	0.201406
0.196549	1.311962
0.193058	1.118772
0.154587	0.841728
0.150155	0.601371
0.104991	0.191084
0.218263	0.596948
0.187308	0.866301
0.139178	0.187194
0.108559	0.151982
0.183447	0.586113
0.203425	0.303103
0.206112	0.880100
0.095198	0.174213
0.180747	2.260245
0.055489	0.118747
0.142227	0.507752
0.244673	1.277195
0.127621	0.166546
0.180123	1.067228
0.181912	0.426584
0.113319	0.254402
0.104977	0.342751
0.157220	0.473232
0.107733	0.115813
0.327029	0.990897
0.251181	0.599066
0.152163	0.188682
0.188824	0.893136
0.080859	0.239343
0.182880	0.471831
0.098710	0.753654
0.160600	0.639992
0.168261	1.012931
0.184889	0.418773
0.068940	0.147531
0.235412	1.127625
0.087619	0.150266
0.239635	1.259283
0.165101	0.360746
0.203405	0.399691
0.077631	0.195242
0.241226	0.523460
0.142804	0.164938
0.223548	0.424741
0.156213	0.280403
0.114684	0.263200
0.188557	0.592068
0.155560	0.274563
0.148223	0.429846
0.091091	0.156221
0.167083	0.387633
0.252869	1.383194
0.237239	0.705785
0.270568	0.717005
0.154927	0.222320
0.355600	2.679444
0.189119	0.315829
0.299194	1.274567
0.187567	0.640542
0.197591	0.365544
0.103811	0.174403
0.071060	0.135013
0.129666	0.218487
0.232428	1.200493
0.159563	0.253705
0.233695	0.895050
0.172175	0.459706
0.122949	0.418027
0.302252	1.734927
0.276093	1.954740
0.324339	1.414116
0.204094	0.497990
0.116691	0.227547
0.216822	1.987178
0.103172	0.227494
0.189728	0.445862
0.132606	0.326210
0.145150	0.374486
0.082005	0.152120
0.086098	0.118815
0.179403	0.623424
0.120831	0.328662
0.151700	0.388353
0.072433	0.180358
0.176272	0.652205
0.202433	1.085039
0.222171	1.119743
0.150152	1.040554
0.226478	1.083699
0.080949	0.167160
0.084431	0.541206
0.073578	0.176955
0.277550	0.471835
0.118422	0.480795
0.131898	0.390419
0.079762	0.142375
0.110819	0.327471
0.105881	0.276349
0.089545	0.113722
0.066745	0.102787
0.084984	0.120252
0.099990	0.261973
0.097776	0.149597
0.085227	0.179402
0.147245	0.790703
0.091397	0.132525
0.238783	2.442746
0.130198	0.417936
0.089809	0.200724
0.256647	1.674619
0.156038	0.303493
0.192931	0.319301
0.153456	0.214072
0.117645	0.167645
0.216027	0.438535
0.241325	0.749314
0.162736	0.766488
0.064662	0.158098
0.183572	0.659023
0.107962	0.422672
0.072954	0.132047
0.078429	0.266659
0.082029	0.180463
0.040570	0.296971
0.052843	0.128936
0.158696	1.825803
0.204297	1.890771
0.222801	0.729672
0.221674	0.507634
0.213086	0.171535
0.096404	0.104117
0.165607	0.235989
0.357057	0.621278
0.198484	0.602399
0.261932	0.565773
0.133581	0.136920
0.251716	0.432951
0.152773	0.223049
0.273115	2.268220
0.185071	0.223011
0.212394	0.521427
0.179322	0.176632
0.358361	1.051791
0.140784	0.347737
0.117188	0.227344
0.091623	0.193783
0.245900	1.005730
0.231581	0.342740
0.250897	0.553228
0.243212	0.504666
0.173680	0.282230
0.122349	0.235522
0.164696	0.163872
0.200264	0.526695
0.169546	0.207694
0.220356	1.458759
0.221927	1.755441
0.226066	0.384312
0.172100	0.388086
0.093527	0.280582
0.229503	0.825063
0.140548	0.267744
0.104223	0.144349
0.227701	1.358236
0.223040	0.391436
0.092599	0.659304
0.218616	1.973012
0.189399	2.671467
0.109781	0.501701
0.136658	0.450971
0.090823	0.264748
0.250569	1.432004
0.217832	1.102231
0.136534	0.306519
0.097376	0.143143
0.094027	0.177241
0.202101	0.466854
0.186303	0.290633
0.258649	1.167801
0.157039	0.274033
0.148769	0.177036
0.081869	0.095377
0.162790	0.325580
0.175774	0.253114
0.187219	0.338867
0.082257	0.127498
0.388552	2.230291
0.222380	0.559285
0.132541	0.385032
0.189479	0.468013
0.238599	1.153625
0.079585	0.138876
0.100423	0.194821
0.078271	0.106448
0.139150	0.216378
0.140483	0.331541
0.113171	0.208234
0.063414	0.149658
0.104186	0.456334
0.135804	0.179262
0.293589	1.831996
0.058959	0.102589
0.221799	0.990335
0.139339	0.328144
0.190212	1.065189
0.188469	0.798167
0.100947	0.197856
0.160507	0.490349
0.050694	0.097080
0.363253	3.396412
0.091529	0.157430
0.139152	0.579569
0.211403	1.411115
0.080425	0.183369
0.087594	0.230373
0.108470	0.831965
0.128578	0.372234
0.266961	1.912775
0.282787	1.682582
0.217220	0.537620
0.112862	0.199201
0.202062	0.983034
0.071004	0.123192
0.214642	0.529092
0.143336	0.475160
0.121220	0.266079
0.223727	0.381454
0.074149	0.086383
0.076948	0.125810
0.161416	0.267143
0.158034	0.406147
0.203922	0.899296
0.141328	0.457196
0.196885	1.234472
0.143108	0.329865
0.062530	0.163202
0.064346	0.115179
0.076810	0.294950
0.219876	1.589704
0.094904	0.177945
0.064823	0.216184
0.079019	0.186881
0.126964	0.271068
0.125815	0.242194
0.063636	0.182000
0.141597	1.263047
0.065194	0.145383
0.114768	0.244456
0.119307	0.184330
0.078542	0.187323
0.089828	0.263195
0.082705	0.170372
0.108653	0.371595
0.206023	1.687325
0.064508	0.165785
0.076389	0.194410
0.134372	0.206933
0.081260	0.389642
0.156031	1.082858
0.185795	3.841306
0.065381	0.183721
0.172695	1.700181
0.155793	0.993177
0.068510	0.120920
0.151958	0.355581
0.216345	0.826439
0.111240	0.889916
0.163845	0.258056
0.079432	0.126695
0.172425	1.249221
0.151375	0.382221
0.082575	0.202722
0.089512	0.204983
0.088180	0.160047
0.132055	0.226474
0.131604	0.260575
0.205730	0.578102
0.078433	0.208631
0.149868	0.284749
0.091243	0.111773
0.124114	0.147075
0.119939	0.203296
0.173801	0.481429
0.151189	0.421818
0.349114	0.986248
0.152061	0.234935
0.317246	1.356228
0.143473	0.143473
0.163958	0.206587
0.201455	0.380751
0.146019	0.256994
0.284728	1.022173
0.153349	0.289829
0.312973	0.841897
0.129396	0.296318
0.272116	1.266701
0.142414	0.145975
0.086971	0.246996
0.254416	1.203385
0.174969	0.244956
0.106612	0.220153
0.214022	1.151439
0.132100	0.271465
0.070694	0.084833
0.126097	0.460255
0.198668	0.391375
0.305235	2.092386
0.095861	0.222399
0.106873	0.158172
0.250392	2.090771
0.078187	0.173965
0.122098	0.152012
0.162230	0.353661
0.089753	0.153029
0.161505	0.745345
0.129804	0.255714
0.099806	0.293431
0.073458	0.120103
0.089494	0.169143
0.131178	0.284656
0.068405	0.101924
0.107999	0.156058
0.215587	1.373291
0.223839	0.982652
0.134972	0.207857
0.111147	0.559068
0.090573	0.194731
0.080167	0.189195
0.126410	0.125778
0.095590	0.171585
0.067098	0.176133
0.110855	0.223373
0.096023	0.205010
0.064509	0.082571
0.093946	0.189771
0.096481	0.277384
0.109831	0.216916
0.252870	0.618266
0.068771	0.100750
0.127111	0.375614
0.123344	0.270740
0.079977	0.192344
0.057546	0.164292
0.070547	0.168255
0.089521	0.217088
0.082194	0.246172
0.077094	0.258263
0.086578	0.522068
0.085062	0.177355
0.086292	0.292531
0.113837	0.467301
0.089800	0.361446
0.036954	0.176454
0.063293	0.123106
0.132327	0.234219
0.230266	1.196232
0.206099	0.451358
0.263177	1.511954
0.180809	1.063159
0.081710	0.187117
0.204782	0.327652
0.180138	0.861061
0.245166	0.951246
0.170140	0.836240
0.182348	0.380196
0.099594	0.197196
0.243786	1.426149
0.152779	0.630215
0.263158	2.215795
0.127437	0.440931
0.200112	0.188105
0.197620	1.159042
0.171542	0.373961
0.328921	2.203769
0.134643	0.383060
0.133431	0.132764
0.287185	2.014602
0.101102	0.162774
0.299653	2.746323
0.260151	2.169659
0.173516	0.525754
0.184924	0.568641
0.064317	0.124776
0.135228	0.166331
0.126294	0.282266
0.120365	0.217861
0.181824	0.574563
0.143108	0.414298
0.116983	0.659197
0.105546	0.149875
0.206866	1.956951
0.118688	0.148360
0.160125	0.329056
0.310665	1.472552
0.119281	0.196217
0.147591	0.296658
0.123856	0.402530
0.171305	0.533615
0.132754	0.283430
0.197728	0.393478
0.204898	0.240755
0.217054	0.970230
0.151187	0.269869
0.117061	0.157446
0.150334	0.357043
0.090248	0.113261
0.166049	0.273980
0.134832	0.218428
0.221195	0.867083
0.129832	0.276543
0.213565	0.693019
0.139961	0.207843
0.253871	0.472200
0.204741	0.496496
0.123386	0.367690
0.191189	0.949253
0.117302	0.146041
0.096223	0.170796
0.144598	0.335467
0.123042	0.225167
0.168919	0.299831
0.071217	0.118933
0.146519	0.357507
0.115668	0.175237
0.122505	0.347914
0.078031	0.158793
0.088011	0.275914
0.201389	1.129792
0.168896	0.388460
0.215599	0.473241
0.105601	0.181634
0.167641	0.248109
0.062489	0.224024
0.096095	0.143661
0.250965	0.501930
0.227415	0.890331
0.100961	0.239783
0.249649	0.544234
0.328134	1.048387
0.384359	0.834060
0.155324	0.264828
0.086948	0.221718
0.277839	2.146306
0.123679	0.379077
0.104308	0.279023
0.076827	0.111399
0.088268	0.252445
0.088887	0.255549
0.090337	0.178867
0.213274	1.748851
0.087758	0.144362
0.156011	0.325284
0.079836	0.221146
0.111795	0.121857
0.151642	0.459475
0.178457	0.366730
0.344921	2.819732
0.104644	0.198824
0.272173	2.151528
0.104896	0.218709
0.132481	0.527273
0.183360	1.610818
0.276936	1.258672
0.065184	0.112768
0.137684	0.276744
0.380597	0.529030
0.191821	1.269856
0.122585	0.284396
0.158573	0.985530
0.043438	0.120107
0.136358	0.494981
0.066161	0.137284
0.180847	1.103169
0.053893	0.138506
0.085939	0.398757
0.167252	0.214082
0.110650	0.268325
0.043538	0.168275
0.088570	0.377308
0.063685	0.194557
0.064635	0.123453
0.085440	0.345180
0.081289	0.505615
0.196158	1.022964
0.066129	0.140193
0.146212	0.191537
0.155605	0.848050
0.067350	0.123250
0.176689	0.569823
0.099728	0.212919
0.164699	0.583035
0.090848	0.277993
0.149600	1.375574
0.110811	0.405569
0.112510	1.885676
0.119648	0.242886
0.237627	1.695472
0.163914	1.211321
0.091785	0.240936
0.071254	0.170653
0.086851	0.250999
0.224363	1.423581
0.125308	0.302619
0.164726	0.532065
0.193653	2.228944
0.108587	0.260065
0.089076	0.139849
0.244445	1.488670
0.233890	1.517943
0.107341	0.427216
0.112509	0.376342
