Velocity(m/s)	Chord(mm)
0.124433	0.684384
0.064790	0.120833
0.119778	0.200030
0.176635	0.370934
0.168223	0.734294
0.197198	0.583707
0.085001	0.110926
0.176712	0.941875
0.077793	0.304170
0.137517	0.465493
0.130019	0.542828
0.150374	0.506760
0.164655	1.635844
0.160871	1.256402
0.082438	0.139320
0.140746	0.781140
0.185314	0.361362
0.081021	0.243063
0.128563	0.365119
0.134433	0.127711
0.239006	1.645556
0.247931	2.475592
0.164697	0.380449
0.044602	0.084744
0.068795	0.189875
0.209572	2.276996
0.135776	0.648329
0.118454	0.223285
0.093176	0.171443
0.124724	0.365443
0.073357	0.265185
0.130065	0.506601
0.136762	0.491659
0.080371	0.316261
0.151147	1.052739
0.210951	1.776210
0.327023	1.535371
0.100498	0.163310
0.134610	0.342582
0.351817	2.494385
0.070569	0.108676
0.113755	0.506779
0.196477	0.390989
0.145677	0.562315
0.283113	1.275422
0.178976	0.768704
0.349342	1.063747
0.107980	0.123097
0.204654	0.428750
0.166736	0.360150
0.415097	1.456989
0.171162	0.243906
0.202654	0.648492
0.088901	0.177802
0.464851	2.173177
0.085647	0.130612
0.138411	0.221457
0.139162	0.317986
0.117567	0.167533
0.309199	1.283176
0.278065	0.741044
0.125771	0.258460
0.192627	0.250415
0.369754	1.922718
0.318649	1.312835
0.197044	0.542857
0.436296	1.727732
0.306712	0.805118
0.290239	0.534039
0.230697	0.309133
0.186836	0.285859
0.147466	0.201292
0.163605	0.265858
0.217920	0.584026
0.092383	0.149199
0.180866	0.197144
0.246045	0.686466
0.077991	0.087350
0.090350	0.296801
0.112159	0.163752
0.220612	0.476522
0.300550	0.689762
0.137226	0.250438
0.101710	0.159176
0.166365	0.747813
0.101030	0.151040
0.126508	0.270727
0.118992	0.249883
0.190454	1.599816
0.233417	1.506707
0.052451	0.101231
0.182522	0.363219
0.114494	0.198647
0.119460	0.244295
0.145159	0.730149
0.091358	0.261742
0.195314	0.328128
0.121426	0.202781
0.181882	0.321932
0.284691	1.086097
0.321222	1.326649
0.106280	0.155169
0.222869	0.210611
0.307950	0.802209
0.064373	0.087870
0.318322	0.343788
0.247083	1.515855
0.147727	0.194262
0.207322	0.809594
0.179518	0.312361
0.085367	0.107989
0.223171	0.725307
0.282003	0.303153
0.372952	1.771522
0.219448	0.387325
0.251336	0.183475
0.260771	0.402892
0.328841	0.741536
0.407973	1.336112
0.273061	0.838297
0.324945	0.363938
0.396986	2.320381
0.428574	1.954298
0.203247	0.404461
0.360162	0.839178
0.344702	1.182326
0.104897	0.180422
0.417218	1.343442
0.146332	0.160233
0.168728	0.162823
0.247187	0.594485
0.229106	0.442175
0.186528	0.409429
0.224324	0.714471
0.210402	0.482873
0.161894	0.229079
0.232372	0.853966
0.183927	0.216114
0.168192	0.200148
0.351732	2.222947
0.249088	0.358686
0.212070	1.845006
0.266003	0.932339
0.283056	0.638290
0.180388	0.317482
0.274806	0.875257
0.404026	2.365574
0.192247	0.545982
0.124080	0.125321
0.288499	0.594308
0.300476	0.773727
0.125711	0.228166
0.243615	0.431198
0.101526	0.187824
0.077631	0.110625
0.228439	0.881773
0.306076	1.424783
0.228632	0.723621
0.102483	0.365350
0.186479	0.909084
0.092738	0.138643
0.130458	0.171552
0.243180	0.840186
0.147702	0.170596
0.350992	1.481188
0.180472	0.499004
0.071609	0.684579
0.033431	0.166656
0.107285	0.215642
0.245262	1.331770
0.128171	0.240321
0.076058	0.170751
0.100276	0.132865
0.119321	0.461773
0.108596	0.542437
0.088690	0.224829
0.219083	1.008877
0.067369	0.158655
0.128062	0.450779
0.056800	0.225779
0.168095	1.010252
0.088498	0.325674
0.096903	0.331894
0.131251	0.440348
0.077352	0.210011
0.057222	0.250345
0.096296	0.442478
0.191274	0.832998
0.124204	0.728458
0.091516	0.331746
0.146566	0.279209
0.070103	0.155629
0.076823	0.117923
0.343339	0.897831
0.275600	0.803375
0.287929	1.383497
0.220344	1.190958
0.247444	0.523344
0.271221	0.100352
0.257747	2.792693
0.179585	0.228072
0.293816	1.358897
0.166036	0.471541
0.172025	0.560802
0.125944	0.196472
0.160692	0.345487
0.143569	0.197407
0.124254	0.195078
0.185576	0.569719
0.151974	0.240118
0.270749	0.990940
0.170485	0.348643
0.192699	0.222567
0.098983	0.180644
0.279954	1.672724
0.127894	0.241080
0.130211	0.255865
0.176705	0.730677
0.153444	0.600734
0.126364	0.239459
0.124576	0.319537
0.095304	0.196326
0.111533	0.351885
0.139841	0.762132
0.102105	0.137331
0.072107	0.307896
0.234292	1.100001
0.058911	0.128721
0.111280	0.376125
0.109806	1.816738
0.221062	0.954987
0.167119	0.767913
0.106287	0.288038
0.089089	0.190206
0.108268	0.201920
0.097333	0.221919
0.219941	0.978736
0.116070	0.243747
0.093260	0.185587
0.128878	0.424009
0.181502	0.265901
0.106459	0.203337
0.404908	1.984048
0.207306	0.857209
0.062283	0.213320
0.109407	0.330410
0.095250	0.200502
0.089124	0.168444
0.119363	0.122944
0.162660	0.216337
0.202834	1.037498
0.169056	0.260346
0.273574	0.346071
0.152747	0.365066
0.125555	0.199004
0.116490	0.239969
0.141156	0.485577
0.205083	0.778290
0.067877	0.120482
0.121700	0.178900
0.304112	0.839350
0.164023	0.225531
0.179476	0.269214
0.156249	0.812495
0.244197	0.517698
0.099278	0.158348
0.167616	0.999827
0.186372	0.309378
0.295070	1.675996
0.359326	0.547972
0.114276	0.198268
0.183631	0.231376
0.249938	0.801051
0.095058	0.179184
0.171974	0.596750
0.106929	0.176433
0.125873	0.599784
0.094399	0.155287
0.065896	0.157822
0.173789	0.353661
0.112532	0.209310
0.141831	0.786453
0.207241	2.521086
0.217253	0.448627
0.146362	0.533490
0.254543	0.663086
0.186384	0.395135
0.088281	0.304129
0.077981	0.217956
0.108061	0.263670
0.311445	1.225534
0.286637	1.288435
0.080913	0.239907
0.057345	0.136194
0.134039	0.408819
0.152606	0.315132
0.109338	0.122459
0.159348	0.350566
0.078209	0.152117
0.061335	0.115923
0.107760	0.155174
0.186081	0.439151
0.097862	0.255910
0.160566	0.431922
0.274354	1.786046
0.082195	0.160692
0.253908	1.622474
0.135364	0.227411
0.232479	0.977575
0.115929	0.201717
0.245442	1.279978
0.115132	0.294162
0.086073	0.120071
0.117583	0.185781
0.133590	0.373383
0.104655	0.143378
0.183617	0.864836
0.167249	0.161396
0.075031	0.140308
0.199356	1.131343
0.135335	0.321421
0.095535	0.191071
0.139586	0.374090
0.065381	0.145472
0.086403	0.462688
0.100216	0.403369
0.079796	0.270111
0.132899	0.648546
0.116184	0.295687
0.096061	0.321806
0.318071	1.178455
0.094305	0.182953
0.132394	0.334294
0.160585	0.420732
0.416309	3.809230
0.141997	0.208735
0.097082	0.208727
0.066865	0.114005
0.152739	0.364283
0.156564	0.425072
0.360391	2.088467
0.280843	0.928186
0.104172	0.244805
0.139817	0.293616
0.214457	0.575818
0.242169	0.363253
0.208802	0.881145
0.211573	0.927746
0.067044	0.142134
0.089941	0.178982
0.192641	0.536506
0.097724	0.212061
0.320518	2.625044
0.195639	0.385408
0.205201	0.368335
0.214721	0.521773
0.106847	0.239871
0.091026	0.179777
0.169472	0.369448
0.173381	0.447324
0.291765	1.741838
0.229701	1.074999
0.128824	0.604183
0.094372	0.402026
0.096230	0.190535
0.067395	0.144899
0.107510	0.187605
0.138879	0.463856
0.188244	0.696504
0.125688	0.265830
0.195017	0.808345
0.086391	0.102805
0.153128	0.342242
0.103385	0.175238
0.157604	0.349882
0.115807	0.270989
0.117313	0.242251
0.123449	0.182087
0.086255	0.238064
0.170519	0.567829
0.113787	0.266830
0.093729	0.337893
0.081739	0.199034
0.053510	0.134846
0.064195	0.138662
0.079044	0.218951
0.147435	0.495383
0.224148	0.390018
0.321082	0.529786
0.265661	0.486160
0.233790	0.509663
0.263928	2.042806
0.126910	0.098990
0.131808	0.173986
0.089052	0.477319
0.162700	0.662188
0.383536	1.647286
0.167896	0.789949
0.172320	0.186106
0.216977	0.521829
0.339812	0.779869
0.181465	0.250422
0.216428	0.554056
0.107167	0.189685
0.138905	0.270170
0.076158	0.148128
0.087732	0.154847
0.096160	0.218283
0.151694	0.238919
0.297253	0.818933
0.211287	0.454268
0.199431	0.865530
0.213376	0.649731
0.084127	0.218309
0.316726	3.957493
0.164970	0.277974
0.281123	0.520077
0.322374	0.962286
0.204234	0.671931
0.087519	0.160161
0.085776	0.118800
0.190275	0.695454
0.265801	0.988781
0.200382	0.660258
0.114251	0.325616
0.097076	0.151923
0.312478	0.581209
0.215339	1.496607
0.119479	0.222828
0.154334	0.250793
0.115490	0.306626
0.188578	0.754312
0.245841	0.317135
0.161477	0.385929
0.124627	0.164508
0.429453	2.331930
0.214982	0.659995
0.304172	2.612835
0.329340	1.429334
0.193768	0.322623
0.249659	0.567975
0.146892	0.204180
0.131382	0.189847
0.231417	0.612098
0.248596	0.607817
0.135197	0.187924
0.261099	0.599222
0.240035	0.556880
0.182201	0.357114
0.257841	0.859899
0.243629	0.682162
0.200313	0.410641
0.324813	0.956573
0.193151	0.768743
0.258206	1.201947
0.158967	0.197914
0.190170	0.568609
0.175916	0.299937
0.135867	1.851870
0.201233	0.443720
0.215267	0.988077
0.124381	0.394287
0.159205	0.494332
0.217493	0.690541
0.079591	0.128540
0.136859	0.364046
0.108877	0.209588
0.196584	0.336158
0.176394	0.283112
0.201853	0.622717
0.312290	1.851878
0.315560	1.147062
0.139557	0.476588
0.193970	0.198819
0.184152	0.504576
0.364274	0.954397
0.089485	0.162862
0.065191	0.108870
0.206713	0.371050
0.073128	0.217922
0.116540	0.167818
0.144602	0.154725
0.161108	0.341548
0.110209	0.202784
0.213459	0.908268
0.195321	0.850622
0.098731	0.217702
0.116878	0.247198
0.111768	0.194477
0.137976	0.389783
0.081173	0.167622
0.052346	0.153373
0.076821	0.127139
0.232480	1.408828
0.182764	0.552860
0.071804	0.084728
0.317219	1.860487
0.350153	2.104418
0.319373	3.064381
0.054355	0.079902
0.194009	0.381228
0.168142	0.204292
0.318982	1.030312
0.175080	0.234607
0.107122	0.219065
0.210901	0.575761
0.227598	0.803422
0.111348	0.263339
0.178877	0.324662
0.118228	0.523750
0.103709	0.129637
0.056094	0.124249
0.078154	0.194603
0.077750	0.175327
0.133430	0.345584
0.116141	0.270607
0.102823	0.266825
0.172441	0.456968
0.308012	1.164286
0.124194	0.142202
0.404189	2.742422
0.070086	0.099872
0.282854	1.524585
0.124894	0.216691
0.158082	0.676592
0.082509	0.122938
0.194006	0.511206
0.104513	0.150499
0.076245	0.287064
0.044592	0.223184
0.206292	0.702424
0.198724	0.691559
0.147494	0.252951
0.062031	0.110105
0.086557	0.388210
0.051283	0.093334
0.129485	0.237604
0.192742	0.457763
0.176040	0.305430
0.103255	0.196184
0.281766	0.986181
0.079306	0.136407
0.110672	0.266167
0.138855	0.317283
0.218012	1.610021
0.167653	0.475296
0.229063	1.217472
0.152534	0.215073
0.219851	2.070997
0.215676	0.612518
0.165744	0.396957
0.076600	0.116432
0.109488	0.565507
0.161557	0.739929
0.141969	0.158295
0.228493	0.277619
0.326468	2.357097
0.159521	0.277567
0.091116	0.173576
0.231636	0.407680
0.086974	0.127852
0.153227	0.242099
0.108699	0.210875
0.126843	0.516252
0.172631	0.516166
0.110090	0.110640
0.384959	2.431014
0.247465	0.613714
0.179839	0.374965
0.148254	0.217192
0.217609	0.774690
0.215207	2.304871
0.140402	0.438054
0.067231	0.122360
0.146264	0.167473
0.122670	0.201179
0.139201	0.352876
0.088952	0.204589
0.135496	0.320448
0.231394	0.411881
0.295960	1.469443
0.353749	3.098842
0.283922	0.779365
0.327390	1.499448
0.155238	0.574380
0.089963	0.148439
0.191269	0.897053
0.095717	0.141661
0.123189	0.387428
0.219512	0.962560
0.139885	0.705718
0.185749	0.646405
0.076343	0.106117
0.200040	0.739147
0.216497	1.157175
0.192226	0.628580
0.210517	0.786280
0.228149	0.707261
0.104686	0.241824
0.119089	0.332259
0.187632	0.284263
0.153090	0.330674
0.297469	1.061966
0.135442	0.265466
0.079841	0.179243
0.212266	1.210976
0.150187	0.630035
0.163304	0.720172
0.093436	0.117263
0.264100	1.221461
0.102833	0.448351
0.170626	0.290064
0.121740	0.162523
0.173282	0.326636
0.201160	0.553190
0.249872	0.869556
0.064802	0.250784
0.121592	0.523454
0.066025	0.193122
0.065134	0.126034
0.062267	0.158157
0.193440	0.689613
0.095144	1.105093
0.100357	0.248886
0.082744	0.188656
0.094693	0.227736
0.115491	0.793421
0.067775	0.093191
0.117649	0.204122
0.066558	0.187693
0.140364	0.513029
0.148050	0.439708
0.155140	1.178291
0.118522	0.753204
0.162790	1.865572
0.079205	0.116827
0.049160	0.149202
0.171440	2.010996
0.138652	1.339381
0.059712	0.113752
0.154785	0.790179
0.109511	0.350984
0.097537	0.243843
0.133239	0.542283
0.148093	0.465013
0.066652	0.144635
0.096721	0.285328
0.051587	0.091309
0.172099	0.191030
0.074333	0.225600
0.080907	0.135115
0.095723	0.220641
0.135071	0.217465
0.056090	0.082732
0.157417	0.247932
0.307201	1.815558
0.081793	0.102242
0.366503	1.233282
0.254333	1.780329
0.274319	0.696769
0.139430	0.159647
0.117767	0.232001
0.251906	0.225456
0.148969	0.361995
0.308051	0.662309
0.088120	0.225588
0.244284	0.455590
0.100502	0.271858
0.231140	1.957757
0.102338	0.310084
0.099205	0.216267
0.131874	0.294738
0.150640	0.298266
0.179331	0.661730
0.115518	0.369081
0.121724	0.156415
0.127575	0.212412
0.174416	0.574702
0.142733	0.337564
0.185216	0.384324
0.153139	0.274885
0.191200	0.763843
0.108966	0.257704
0.192603	0.877307
0.131788	0.820382
0.120218	0.136447
0.098601	0.101066
0.110029	0.318535
0.262138	0.715638
0.093122	0.238857
0.322852	2.251894
0.116086	0.179354
0.208068	0.512888
0.066551	0.155063
0.133213	0.196489
0.056019	0.162175
0.082469	0.198339
0.117271	0.364713
0.093154	0.173733
0.234616	1.331444
0.131652	0.437743
0.220784	0.893072
0.191767	0.764192
0.137448	0.734660
0.128804	0.427631
0.087118	0.204728
0.084596	0.272821
0.180698	0.201478
0.121794	0.197916
0.330237	3.649123
0.274905	1.649430
0.179816	1.266802
0.228668	0.952403
0.296928	4.998778
0.255990	0.805089
0.066454	0.101343
0.077608	0.254165
0.209035	1.870867
0.176994	0.499123
0.134192	0.286499
0.157007	0.546385
0.151680	0.439871
0.449788	3.499348
0.333370	1.671852
0.085458	0.320039
0.139466	0.323561
0.071101	0.204771
0.077752	0.197879
0.095188	0.310790
0.119804	0.234218
0.296761	1.891849
0.082613	0.181336
0.104609	0.247924
0.181654	1.093560
0.090659	0.209423
0.149459	0.275751
0.235495	1.848639
0.190371	0.516859
0.292837	1.244557
0.150432	0.389618
0.288131	1.071848
0.079751	0.181832
0.150220	0.196788
0.053978	0.133596
0.086412	0.152086
0.183861	1.253935
0.084816	0.561483
0.081486	0.282350
0.082575	0.251853
0.096608	0.237172
0.101667	0.288226
0.399019	3.623092
0.161427	0.531096
0.119325	0.224928
0.234500	1.374169
0.120074	0.271968
0.109184	0.159954
0.133723	0.171834
0.152325	0.182790
0.213943	0.400074
0.168256	0.252384
0.092251	0.132841
0.128478	0.252459
0.152652	0.538860
0.095203	0.315596
0.073974	0.144619
0.160030	0.269650
0.226000	1.350348
0.230667	0.859234
0.144019	0.195866
0.195663	0.581120
0.066565	0.093857
0.052419	0.100121
0.211511	0.492820
0.108655	0.330854
0.179493	0.326677
0.254846	1.367250
0.171683	0.498738
0.412282	3.013785
0.202904	0.494070
0.077666	0.247754
0.258289	1.735699
0.231636	1.384027
0.178570	0.416068
0.129511	0.409253
0.063279	0.151554
0.221685	0.939944
0.122690	0.260102
0.100614	0.193178
0.152538	0.488122
0.161804	0.465188
0.174011	1.075387
0.382712	2.652194
0.107860	0.290684
0.192938	0.491991
0.172775	0.415523
0.106761	0.171885
0.125483	0.357000
0.061176	0.185365
0.113527	0.312200
0.177930	1.308679
0.129831	0.301208
0.086753	0.169601
0.085456	0.338834
0.074621	0.338405
0.103961	0.225596
0.140051	0.350127
0.095353	0.117761
0.275537	2.579030
0.273359	2.937238
0.080293	0.135295
0.172113	0.611862
0.086219	0.167266
0.176648	3.400464
0.119920	0.218254
0.162729	0.254671
0.093546	0.239478
0.059235	0.114620
0.144684	0.234389
0.065664	0.133626
0.144430	0.395737
0.303452	1.245672
0.288168	0.481241
0.204109	0.331676
0.150848	0.517409
0.090781	0.321817
0.233813	0.473470
0.194471	0.467703
0.100639	0.310974
0.102786	0.256965
0.111509	0.350696
0.266125	0.970025
0.230628	0.486625
0.153355	0.579682
0.088061	0.226316
0.137011	0.348694
0.077597	0.176532
0.177186	0.754812
0.151418	1.686799
0.118696	0.238579
0.048740	0.124530
0.304833	0.781896
0.260148	1.197980
0.066735	0.171508
0.147971	0.204939
0.245838	0.485530
0.127870	0.291544
0.214568	0.643705
0.210252	0.320634
0.259427	1.177799
0.318474	1.442687
0.178238	0.294093
0.155250	0.189405
0.358813	1.270197
0.163191	0.198277
0.396591	1.653786
0.223023	0.467234
0.277215	0.760954
0.309460	0.642129
0.269492	1.060452
0.161694	0.169779
0.121267	0.211005
0.151244	0.471880
0.104206	0.290736
0.129425	0.166311
0.107191	0.182760
0.443853	3.708389
0.241593	0.152204
0.352039	0.575584
0.120478	0.143369
0.136378	0.137742
0.259881	1.486520
0.054597	0.122569
0.223051	1.225666
0.162911	0.351888
0.221558	0.553895
0.164677	0.690819
0.227288	1.818307
0.374961	1.869181
0.097912	0.184074
0.081342	0.230198
0.142116	0.445533
0.072490	0.189923
0.379229	1.382289
0.101656	0.292261
0.117629	0.222319
0.065619	0.090554
0.373610	1.107753
0.251854	0.225409
0.222933	0.188379
0.226966	0.220157
0.086806	0.144965
0.190677	0.255507
0.103673	0.163804
0.108423	0.132819
0.176890	0.229072
0.466548	2.066809
0.384221	0.528304
0.413944	2.212532
0.210900	0.184537
0.300289	1.070529
0.225707	0.261820
0.239835	0.314183
0.217336	0.480313
0.307667	2.129056
0.147059	0.217647
0.318707	1.773603
0.178007	0.206488
0.233954	0.507681
0.288276	2.891409
0.432444	2.261681
0.427365	2.235121
0.278405	0.491386
0.098390	0.111673
0.242095	0.405508
0.126173	0.152039
0.422731	1.293558
0.194455	0.309183
0.552327	2.913525
0.232938	0.278361
0.114978	0.112679
0.438106	1.428226
0.120116	0.296686
0.079803	0.102946
0.232947	0.655746
0.179876	0.442494
0.085217	0.117600
0.095960	0.203435
0.137519	0.521884
0.300751	1.425562
0.104505	0.330757
0.114257	0.254793
0.127602	0.340058
0.102516	0.502326
0.189519	1.948258
0.107932	0.309225
0.155422	0.309290
0.254536	1.041050
0.075316	0.113727
0.076419	0.196779
0.133873	0.522776
0.312427	1.271577
0.090871	0.116315
0.157216	0.284560
0.292756	1.793130
0.096224	0.123647
0.093678	0.223423
0.131306	0.570526
0.186401	0.378394
0.268079	1.836344
0.229136	0.800830
0.149273	0.373182
0.096655	0.259520
0.163670	0.202950
0.263296	1.789097
0.053496	0.112609
0.121123	0.258597
0.358159	3.235967
0.137981	0.307008
0.088342	0.353811
0.155439	0.746883
0.224876	0.266478
0.099975	0.240440
0.079697	0.185695
0.085969	0.324531
0.067749	0.206972
0.051726	0.144057
0.090819	0.302426
0.114552	0.281225
0.266920	1.044991
0.134432	0.433543
0.126519	1.800372
0.317868	3.558531
0.304653	2.447887
0.151265	0.689769
0.102623	0.166763
0.116073	0.239690
0.087134	0.179931
0.069565	0.180869
0.072631	0.257838
0.138180	0.585883
0.138724	0.469579
0.086973	0.211344
0.109915	1.638285
0.054388	0.244473
0.132753	0.300687
0.120756	0.814499
0.043038	0.426509
0.151748	0.706387
0.038044	0.219323
0.040576	0.186650
0.107017	0.296437
0.107590	0.180213
0.077713	0.125507
0.089810	0.157617
0.086871	0.129438
0.154565	0.437418
0.133235	0.291119
0.114640	0.164508
0.089191	0.157869
0.082436	0.182183
0.095177	0.175601
0.087964	0.939453
0.263671	2.471920
0.055413	0.223592
0.166982	0.399922
0.105974	0.122930
0.143773	1.659854
0.104573	0.223263
0.117512	0.405418
0.081990	0.079121
0.109316	0.655349
0.154486	0.141355
0.085577	0.210091
0.102922	0.313397
0.227654	0.521328
0.231560	0.539535
0.073991	0.181647
0.113383	0.227900
0.114578	0.186189
0.093022	0.111161
0.187880	0.680126
0.315608	0.938935
0.254770	0.676413
0.267855	2.256679
0.283435	1.177674
0.161055	0.208566
0.240705	1.612726
0.163009	0.576239
0.062642	0.097095
0.080969	0.122264
0.172397	0.224116
0.076394	0.125286
0.153865	0.440053
0.083945	0.214481
0.060246	0.147301
0.176912	0.858021
0.197841	0.489656
0.155836	0.670876
0.048124	0.122477
0.170518	1.823690
0.053916	0.130748
0.115512	0.360397
0.099174	0.195868
0.178423	0.562925
0.099686	0.464536
0.131257	0.178509
0.165446	0.844602
0.035717	0.078935
0.125071	0.304547
0.069167	0.114126
0.125542	0.438769
0.113033	0.190461
0.099725	0.168036
0.074992	0.297344
0.128357	0.381220
0.121552	0.511126
0.175695	1.015517
0.099401	0.311124
0.117459	0.189109
0.182400	0.351120
0.100200	0.339676
0.195620	0.468511
0.218382	0.328664
0.100241	0.164395
0.325721	0.574897
0.266549	1.059532
0.118122	0.291171
0.376714	0.499147
0.130469	0.420763
0.117571	0.393862
0.097824	0.178529
0.103455	0.133974
0.245533	0.681355
0.135024	0.453681
0.224317	0.610143
0.220513	0.976875
0.111372	0.159819
0.097080	0.160667
0.288812	4.376944
0.103373	0.238792
0.080007	0.132011
0.054208	0.100013
0.094639	0.225715
0.248042	0.209596
0.138351	0.178473
0.198737	0.479951
0.195996	0.382191
0.343207	1.443187
0.162758	0.349929
0.205721	0.523560
0.234455	0.414985
0.236745	0.481777
0.083062	0.111718
0.143337	0.407795
0.176775	0.557726
0.119394	0.194015
0.096589	0.167581
0.253370	1.235179
0.132837	0.146785
0.278505	1.540135
0.235349	0.325958
0.217920	0.484872
0.068526	0.121976
0.102859	0.387263
0.175784	0.576572
0.106912	0.186562
0.274069	0.856467
0.156949	0.244840
0.259387	0.540823
0.184563	0.416191
0.213341	0.374414
0.052824	0.093762
0.186450	0.502483
0.166662	0.295825
0.098526	0.189662
0.077059	0.152191
0.091937	0.299714
0.132512	0.180216
0.113169	0.261421
0.063642	0.146059
0.131812	0.355234
0.095081	0.134540
0.149351	0.964059
0.094690	0.260399
0.125863	0.558830
0.057068	0.238831
0.101861	0.180294
0.102955	0.222382
0.138827	0.614308
0.188286	0.915069
0.207447	0.353696
0.202632	0.833833
0.126188	0.423360
0.155793	0.255500
0.054906	0.138913
0.067600	0.255189
0.081168	0.168424
0.286657	0.763941
0.299232	1.223858
0.117648	0.287649
0.188451	0.559699
0.077312	0.244307
0.148688	0.314476
0.242800	1.385172
0.187024	0.212273
0.154384	0.375924
0.229204	0.344952
0.151604	0.354754
0.130566	0.594728
0.059622	0.142794
0.225227	1.039425
0.078102	0.150738
0.208759	0.642977
0.188489	0.189432
0.216436	1.101660
0.122949	0.253890
0.151308	0.302615
0.084364	0.148903
0.198321	0.904344
0.078475	0.120851
0.113502	0.249137
0.159051	0.335598
0.112890	0.246664
0.111675	0.267461
0.115606	0.174565
0.126555	0.154398
0.111916	0.274753
0.234362	1.061662
0.190334	0.392088
0.135202	0.665194
0.198870	0.985402
0.239576	1.097256
0.102991	0.322362
0.198284	1.741923
0.060393	0.128939
0.199726	0.204719
0.143776	0.404730
0.138327	0.343050
0.112666	0.300819
0.109182	0.578663
0.124399	0.170427
0.282438	0.604417
0.292492	1.576532
0.149834	0.618065
0.340740	1.327182
0.166030	0.542917
0.252860	0.738351
0.192424	0.717742
0.138387	0.819942
0.139672	0.558689
0.216478	0.913539
0.109530	0.319828
0.119089	0.099439
0.322084	2.462336
0.129829	0.286923
0.130555	0.342054
0.151708	0.176740
0.073612	0.139126
0.098251	0.099233
0.189090	0.595633
0.102492	0.338222
0.175285	0.357581
0.170233	0.388982
0.125322	0.516327
0.126690	0.563771
0.083370	0.307219
0.118132	0.207322
0.187786	0.336137
0.157816	0.359820
0.284192	1.231972
0.117257	0.209890
0.192148	0.305516
0.276795	0.478855
0.311797	0.503552
0.362791	1.168188
0.325013	0.960414
0.248144	0.292810
0.156861	0.162351
0.310288	0.702803
0.191479	0.243179
0.315402	1.004554
0.165782	0.203912
0.176284	0.180691
0.254762	1.044523
0.234190	1.396946
0.303293	0.741552
0.213648	0.295902
0.125596	0.256216
0.056673	0.117030
0.150366	0.227805
0.209959	0.359029
0.226348	0.804667
0.206411	0.746176
0.172878	0.165962
0.366092	2.657830
0.471893	1.068837
0.386062	2.418677
0.290921	2.066992
0.206722	0.769006
0.090811	0.148022
0.192862	1.346180
0.137806	0.269410
0.068815	0.164812
0.158743	0.374634
0.172780	0.583132
0.085370	0.102444
0.180629	0.540984
0.111438	0.266893
0.230408	0.329483
0.282759	1.915692
0.129192	0.220273
0.197056	0.261099
0.257666	1.897707
0.193666	0.259512
0.165835	0.287724
0.190086	0.421041
0.102025	0.156609
0.073880	0.093089
0.244819	0.594911
0.182740	0.816850
0.110762	0.132360
0.173483	0.389468
0.129747	0.494338
0.084266	0.251113
0.076764	0.535811
0.105046	0.349804
0.263999	2.696747
0.172242	1.307319
0.100368	0.208263
0.091557	0.501730
0.312304	0.747967
0.127670	0.364499
0.282344	0.961380
0.065563	0.094739
0.177399	0.358345
0.211178	1.229055
0.190961	0.782939
0.154674	0.409886
0.146893	0.169662
0.276904	0.818252
0.125862	0.188793
0.117367	0.171356
0.175451	0.576355
0.226344	0.949512
0.109773	0.270591
0.097463	0.186642
0.186386	0.769773
0.079948	0.463696
0.205785	1.328342
0.080328	0.211665
0.046704	0.089905
0.084781	0.126748
0.279956	0.713888
0.169355	0.264194
0.282169	1.838329
0.096020	0.150272
0.105640	0.307413
0.081790	0.229011
0.143560	0.211751
0.286645	3.002605
0.093470	0.178527
0.261093	0.366836
0.263793	0.451086
0.208571	0.434871
0.286528	2.313714
0.194575	0.610967
0.060073	0.132160
0.145337	0.398950
0.216152	0.732754
0.206078	1.201432
0.113957	0.225634
0.193713	0.635378
0.095230	0.121895
0.149926	0.311096
0.123856	0.243995
0.192688	0.168602
0.157231	0.285373
0.175563	0.226477
0.188463	0.359022
0.287100	1.312048
0.350839	2.483940
0.157543	0.418278
0.191848	0.424944
0.266405	2.280431
0.402500	3.107303
0.162880	0.531804
0.072680	0.113744
0.084511	0.167331
0.114598	0.308843
0.177126	0.744816
0.062391	0.142876
0.090747	0.110258
0.133768	0.320375
0.171235	0.379286
0.151738	0.418797
0.119860	0.178592
0.099029	0.225291
0.212343	1.408898
0.096001	0.130081
0.213475	0.495261
0.261637	1.372286
0.139545	0.196060
0.225332	1.149195
0.220776	0.740703
0.232330	0.439104
0.156368	0.354955
0.071844	0.125369
0.312536	1.431416
0.263463	1.167141
0.265551	1.260041
0.132044	0.406035
0.122599	0.183285
0.110436	0.214245
0.297139	2.368196
0.147933	0.550310
0.323374	0.932935
0.267567	0.953878
0.580434	1.253737
0.249972	0.317464
0.313213	0.461990
0.345480	1.216089
0.351131	1.450171
0.301135	1.237664
0.187763	0.124862
0.338130	0.855470
0.488773	0.938444
0.175780	0.192479
0.320981	1.449228
0.209086	0.497625
0.255110	1.394177
0.173668	0.501033
0.099964	0.221421
0.142681	0.196187
0.138391	0.150154
0.193103	0.407448
0.220292	0.310611
0.169773	0.328511
0.180152	0.928685
0.080141	0.139045
0.115812	0.346279
0.202449	0.540538
0.318565	1.471772
0.117240	0.161792
0.150039	0.195051
0.276920	0.744916
0.315229	1.149011
0.127047	0.148010
0.173763	0.295398
0.245915	1.573855
0.232868	1.901368
0.184427	0.339346
0.307152	0.754058
0.149252	0.124625
0.370141	1.371371
0.184631	0.168014
0.106394	0.106394
0.189287	0.957794
0.121787	0.301424
0.082905	0.118554
0.205820	0.592761
0.178497	0.434641
0.158495	0.773455
0.153788	0.304500
0.135714	0.179821
0.231690	1.738830
0.141617	0.242165
0.126611	0.203211
0.093271	0.105863
0.112357	0.183703
0.170865	0.396406
0.094844	0.119977
0.059111	0.162260
0.134060	0.380060
0.055593	0.171783
0.053071	0.101365
0.157551	0.378910
0.331226	1.141074
0.195984	0.864290
0.172865	0.110633
0.355708	0.889270
0.334755	2.873872
0.074184	0.100890
0.123268	0.236674
0.092342	0.192534
0.143237	0.187641
0.222816	1.862738
0.249007	2.187523
0.256845	0.276108
0.404610	0.714137
0.226224	0.446793
0.316196	0.871120
0.104170	0.153130
0.112278	0.349746
0.132140	0.116943
0.060618	0.140634
0.192550	0.622900
0.087863	0.608011
0.088444	0.157430
0.135634	0.606286
0.093943	0.209492
0.131391	0.384319
0.116163	0.238135
0.217887	0.679809
0.262015	0.602634
0.237117	1.159504
0.052572	0.185579
0.176266	0.586967
0.166395	0.253753
0.114484	0.231829
0.132064	0.143950
0.136024	0.207437
0.128729	0.135166
0.131995	0.384106
0.119648	0.169302
0.257571	1.508079
0.126191	0.156476
0.068313	0.184786
0.079632	0.207044
0.099389	0.162997
0.078326	0.165660
0.080861	0.135038
0.239444	0.451352
0.097684	0.153853
0.090650	0.158184
0.117299	0.217590
0.165888	0.313529
0.323949	1.987425
0.148509	0.328206
0.131947	0.204518
0.131662	0.302164
0.179015	0.329388
0.150381	0.254144
0.076457	0.280980
0.109394	0.162450
0.305114	1.939001
0.081598	0.179515
0.324461	2.941239
0.074169	0.112736
0.194628	0.353249
0.078177	0.166126
0.113258	0.615557
0.113508	0.191262
0.055306	0.126651
0.156009	0.924356
0.087304	0.228299
0.090692	0.521481
0.094144	0.139803
0.085761	0.346473
0.097342	0.159640
0.142976	0.764922
0.053659	0.120466
0.220421	1.797535
0.118713	0.804282
0.089687	0.276686
0.135276	0.257025
0.207601	0.364339
0.235695	0.830824
0.240354	0.635737
0.313395	1.455717
0.105183	0.130427
0.140979	0.661898
0.193688	1.427484
0.171380	0.310197
0.133115	0.696855
0.274822	0.805229
0.079607	0.161204
0.072211	0.241906
0.245905	2.068063
0.163501	0.269777
0.080550	0.193723
0.076268	0.236049
0.079705	0.115173
0.212559	0.373042
0.116559	0.094996
0.103162	0.153711
0.129216	0.166688
0.210545	0.191596
0.122780	0.193992
0.431410	0.685941
0.223897	0.684006
0.266780	1.592674
0.201887	0.190783
0.432337	0.914392
0.286094	0.250332
0.460413	0.817234
0.185752	0.254480
0.204281	0.234923
0.212275	0.162391
0.170756	0.227960
0.446580	1.536235
0.223649	0.277325
0.278209	0.474346
0.213479	0.188929
0.247131	0.488084
0.461786	1.717845
0.232881	0.279457
0.359106	1.179665
0.125212	0.148376
0.383370	0.799326
0.241580	0.552011
0.325907	1.013572
0.261425	0.471871
0.459572	2.104838
0.155083	0.229523
0.177416	0.278543
0.244471	0.569618
0.142313	0.170064
0.229703	0.367525
0.100189	0.171824
0.166312	0.342602
0.221091	0.536147
0.187748	0.288193
0.202359	0.525120
0.457962	0.611380
0.348185	1.545942
0.132085	0.261529
0.207617	0.343607
0.138849	0.210356
0.127571	0.210493
0.220614	0.482042
0.271014	0.487826
0.206358	0.625265
0.235672	0.946225
0.143915	0.291428
0.121146	0.149616
0.196759	0.417128
0.111521	0.172300
0.311511	1.062253
0.209307	0.587106
0.250633	0.557659
0.099249	0.097760
0.268905	0.949234
0.161202	0.192636
0.209841	0.204595
0.184756	0.163509
0.250510	0.635043
0.242205	0.188920
0.173000	0.263825
0.278522	0.738084
0.200685	0.376285
0.201960	0.421087
0.193972	0.223068
0.164588	0.192568
0.102159	0.228326
0.209486	0.352985
0.183911	0.470812
0.206332	0.811917
0.169560	0.256035
0.143925	0.163355
0.144234	0.237986
0.077137	0.090636
0.275716	0.989821
0.226616	0.432836
0.392370	1.800977
0.323932	0.989612
0.478602	2.294897
0.265566	1.046331
0.225348	0.315487
0.223051	0.320078
0.145343	0.156971
0.230557	0.222487
0.161186	0.256286
0.177355	0.443388
0.250357	0.430613
0.101614	0.207292
0.213991	0.252509
0.192037	1.099412
0.163027	0.404306
0.143217	0.388834
0.087267	0.298452
0.091069	0.122488
0.117871	0.119050
0.334359	0.902771
0.302225	1.900993
0.136213	0.274470
0.149225	0.231299
0.092093	0.143666
0.269800	0.973978
0.129228	0.158951
0.134064	0.174283
0.201795	0.375339
0.128822	0.215132
0.163079	0.437053
0.300124	0.714295
0.290733	2.440707
0.179924	0.317567
0.242087	1.124493
0.155910	0.256472
0.334901	0.847298
0.133281	0.813682
0.041695	0.089644
0.180812	0.361624
0.083748	0.113897
0.116934	0.157861
0.158315	0.384706
0.171853	0.372921
0.117682	0.337160
0.077887	0.203285
0.163144	0.285501
0.199090	0.515644
0.194508	0.300516
0.081446	0.134386
0.195009	0.542124
0.166929	0.186126
0.254199	2.275078
0.165267	0.190057
0.193224	0.552620
0.285400	0.458067
0.053172	0.088531
0.175734	0.747747
0.127834	0.163627
0.153654	0.346489
0.173772	0.263265
0.135733	0.299970
0.123627	0.156388
0.318918	1.395268
0.278272	0.905776
0.074370	0.105978
0.157116	0.542834
0.124913	0.233586
0.144521	0.363471
0.102535	0.139447
0.225416	0.761905
0.309857	1.626750
0.193024	0.520201
0.130238	0.345132
0.100145	0.152220
0.144238	0.974329
0.094553	0.212272
0.191296	0.757532
0.127475	0.295741
0.098116	0.186912
0.110799	0.465910
0.233861	1.475662
0.084802	0.189533
0.275217	1.023809
0.217013	0.608722
0.121071	0.231851
0.239963	0.412737
0.229036	0.349280
0.310230	1.417752
0.270150	1.552012
0.217847	0.398659
0.205584	0.388555
0.126082	0.328444
0.155423	0.224586
0.293676	2.277455
0.110202	0.265035
0.182733	0.350848
0.146987	0.396865
0.145882	0.146611
0.212369	0.576581
0.194217	0.345706
0.155586	0.427083
0.110927	0.153634
0.279262	1.308341
0.176514	1.878996
0.120459	0.463166
0.285654	1.728210
0.069241	0.245804
0.219495	1.251123
0.193451	0.649995
0.289118	0.841334
0.189828	1.007037
0.171323	0.380336
0.196800	0.545137
0.104864	0.281035
0.075231	0.121874
0.241425	0.720654
0.120301	0.383759
0.310188	1.012763
0.052449	0.085492
0.131874	0.778714
0.099912	0.415133
0.144128	0.167909
0.149271	0.514985
0.127435	0.345987
0.120406	0.217333
0.154558	0.299071
0.147864	0.632858
0.114967	0.227635
0.130071	0.187953
0.242405	1.347770
0.166105	0.210122
0.069501	0.153598
0.145336	0.215824
0.150935	0.185650
0.106970	0.316097
0.081310	0.233359
0.203994	0.824135
0.236425	1.632514
0.105101	0.271161
0.175261	0.281294
0.065719	0.151811
0.060164	0.115215
0.127657	0.707858
0.090376	0.224133
0.149239	0.707394
0.142406	0.824533
0.287095	2.888179
0.046009	0.190247
0.069739	0.299876
0.067125	0.166134
0.054984	0.237807
0.084107	0.221622
0.059466	0.086226
0.119975	0.655662
0.186929	0.796319
0.223434	0.764143
0.186591	0.321870
0.082054	0.111183
0.117734	0.288449
0.363878	2.379763
0.148602	0.464380
0.129961	0.187794
0.122229	0.231624
0.234054	1.714446
0.170587	0.522849
0.130627	0.190062
0.114729	0.336729
0.155966	0.630884
0.090132	0.199642
0.081256	0.273831
0.203972	0.534407
0.103289	0.199864
0.175994	0.372226
0.083703	0.222650
0.087637	0.125321
0.174490	1.088817
0.147321	0.176049
0.067772	0.177223
0.120321	0.261097
0.237132	0.720883
0.178208	0.505219
0.158286	0.250884
0.226412	0.740368
0.075270	0.151293
0.176178	0.767255
0.096360	0.179230
0.458341	4.182365
0.294853	1.823665
0.133224	0.149877
0.171062	0.456737
0.242747	0.667555
0.276981	1.804530
0.113545	0.215168
0.131482	0.385900
0.134139	0.199196
0.148839	0.137676
0.338300	1.902937
0.185117	0.618291
0.121891	0.321183
0.230099	0.614365
0.076225	0.116624
0.156656	1.127925
0.063567	0.156374
0.371128	2.965314
0.107032	0.307716
0.118938	0.921173
0.165233	0.356903
0.186692	0.387385
0.093086	0.212701
0.205482	0.630831
0.196009	0.973184
0.050893	0.101277
0.157343	0.331993
0.099874	0.223218
0.100855	0.229950
0.168449	0.292259
0.109733	0.308349
0.068093	0.160358
0.153656	0.329591
0.141663	0.538319
0.129080	0.254287
0.105448	0.177153
0.247761	0.568612
0.303690	1.384828
0.112379	0.184302
0.272901	0.686345
0.294788	0.571890
0.202291	1.048881
0.104861	0.185604
0.195345	0.325250
0.347211	1.427036
0.287967	0.915736
0.097996	0.128374
0.067668	0.124509
0.288560	1.591407
0.256028	0.675914
0.134102	0.301058
0.174588	0.234821
0.084940	0.204281
0.088391	0.130818
0.194515	0.585490
0.178976	0.544088
0.104863	0.263732
0.206488	0.542032
0.152647	0.161805
0.189654	0.389739
0.236393	0.563798
0.347750	1.830906
0.266774	0.581567
0.249327	0.280493
0.158532	0.211640
0.322418	1.787807
0.300204	1.801221
0.192333	0.421210
0.474162	1.868199
0.290399	2.607786
0.365102	0.516619
0.116880	0.165385
0.255591	0.368052
0.338121	1.562119
0.072573	0.157484
0.260397	0.623650
0.129805	0.231052
0.144268	0.196204
0.117688	0.212426
0.274530	1.153026
0.261695	1.912991
0.147510	0.367301
0.071002	0.088043
0.165017	0.946370
0.116311	0.155275
0.160910	0.416757
0.202350	0.362206
0.226011	0.316415
0.115712	0.109926
0.333191	1.497694
0.198833	0.235617
0.096238	0.106343
0.194170	0.802892
0.327465	0.697501
0.094218	0.248264
0.210528	0.731586
0.226709	0.566772
0.209837	0.364067
0.091760	0.146816
0.277900	1.050460
0.182106	0.382424
0.112338	0.252200
0.175194	0.618433
0.136290	0.195576
0.138505	0.319947
0.190095	1.224214
0.088318	0.183260
0.154501	0.299732
0.264342	1.564905
0.192837	0.383745
0.414644	2.440180
0.247953	0.688068
0.275910	0.826351
0.097632	0.242126
0.215794	0.445614
0.142938	0.563176
0.113491	0.893744
0.053962	0.161616
0.183621	0.184539
0.089999	0.181797
0.128896	0.205589
0.108026	0.133952
0.174346	0.259775
0.334257	1.014471
0.358738	1.725529
0.094247	0.105085
0.144890	0.260078
0.132896	0.162797
0.239732	0.450695
0.333515	0.830453
0.297401	1.536075
0.284169	0.400678
0.178593	0.516135
0.204629	0.388795
0.133134	0.125146
0.105366	0.158050
0.230653	0.694265
0.146437	0.248211
0.216063	0.555282
0.184977	0.283940
0.386835	1.912899
0.183802	0.378631
0.099529	0.132373
0.159106	0.239454
0.268917	0.789270
0.161241	0.137861
0.125967	0.179503
0.135843	0.203085
0.107283	0.217785
0.068184	0.099207
0.108671	0.445550
0.094284	0.183383
0.415401	2.266010
0.098554	0.133541
0.168263	0.359243
0.200519	0.349905
0.207347	0.312056
0.199903	0.588716
0.146272	0.231841
0.169909	0.305835
0.161371	0.521229
0.185287	0.694827
0.140966	0.109248
0.147775	0.410077
0.072050	0.086820
0.171152	0.283257
0.050389	0.096999
0.187254	0.726545
0.216208	1.081041
0.230115	1.238021
0.074846	0.110773
0.185418	0.400502
0.094310	0.381954
0.068053	0.162646
0.101845	0.245956
0.105176	0.298701
0.117597	0.419233
0.228059	1.456158
0.126183	0.185489
0.127370	0.396756
0.058681	0.131739
0.153699	0.475700
0.099347	0.183295
0.097003	0.625672
0.139160	0.247008
0.096668	0.187536
0.108284	0.152680
0.267007	1.536624
0.098418	0.191422
0.132149	0.539169
0.221696	1.700405
0.331584	2.095611
0.111658	0.157996
0.152595	0.249494
0.132745	0.266818
0.232374	1.782310
0.267715	0.693382
0.099291	0.164823
0.104313	0.228968
0.089074	0.112233
0.378157	2.458020
0.153238	0.315671
0.316720	1.103770
0.077538	0.101187
0.078740	0.109055
0.299396	0.603283
0.224072	0.341710
0.097503	0.126754
0.135928	0.161074
0.180587	0.222122
0.452333	2.306896
0.162873	0.237795
0.377939	2.040873
0.350192	1.563607
0.160786	0.444574
0.090112	0.145532
0.382903	3.964964
0.107448	0.351891
0.093328	0.229587
0.166590	0.269043
0.143795	0.432103
0.091967	0.241873
0.205215	1.320560
0.089136	0.158662
0.272862	1.607157
0.122741	0.244254
0.179800	0.521421
0.182460	0.392289
0.118072	0.319974
0.256815	1.623073
0.163417	0.460019
0.168530	0.640414
0.094125	0.209427
0.311600	0.811717
0.236240	0.492561
0.151850	0.236127
0.204638	0.414392
0.084045	0.114722
0.124338	0.133663
0.123488	0.228452
0.234732	0.507021
0.234768	0.757127
0.152665	0.240447
0.223068	1.016076
0.094135	0.174620
0.086868	0.158100
0.136229	0.149171
0.185507	0.835707
0.214172	1.302168
0.188466	0.233698
0.246219	2.057157
0.261471	0.573930
0.233809	0.353051
0.074360	0.102988
0.115620	0.211007
0.108414	0.142022
0.492725	3.461392
0.121839	0.300333
0.326101	0.438605
0.330131	1.622595
0.152419	0.213387
0.243138	0.381727
0.359719	1.259018
0.121526	0.165275
0.228077	0.228077
0.170642	0.232073
0.300954	0.845680
0.076768	0.323192
0.092938	0.237921
0.201007	1.414083
0.219537	0.713495
0.140014	0.465546
0.206639	0.793494
0.135457	0.489000
0.148666	0.448973
0.073177	0.306612
0.247342	0.615882
0.133782	0.275590
0.124078	0.452265
0.099815	0.194141
0.056757	0.156650
0.147651	0.433356
0.165394	0.324172
0.056357	0.109896
0.366906	3.447085
0.232055	0.903856
0.155374	0.748126
0.084364	0.148059
0.287001	2.410807
0.094056	0.189993
0.111710	0.341834
0.269745	1.739854
0.338025	2.570683
0.141249	0.459765
0.167554	0.227873
0.119453	0.186944
0.188527	0.749397
0.248069	0.548233
0.301829	1.291830
0.163523	0.443965
0.474536	0.628760
0.826520	1.979515
0.539226	1.819889
0.270120	0.551045
0.301582	0.603165
0.335280	0.507950
0.249369	0.320439
0.164038	0.254258
0.126062	0.192244
0.243581	0.377550
0.242661	1.225437
0.198645	0.482708
0.216299	1.069598
0.108209	0.223451
0.273187	1.309933
0.092155	0.138693
0.075561	0.100497
0.399741	2.016693
0.247364	0.654277
0.162356	0.336888
0.135404	1.556470
0.111974	0.208272
0.262033	0.659012
0.104202	0.192774
0.161017	0.495128
0.078247	0.211266
0.080115	0.181860
0.066082	0.089541
0.109655	0.449587
0.107472	0.290173
0.061495	0.096855
0.135526	0.407255
0.109400	0.191997
0.046658	0.104747
0.116452	0.306852
0.177663	0.463702
0.134894	0.170641
0.132719	0.158599
0.116023	0.548207
0.119583	0.340215
0.214255	0.416727
0.055332	0.109557
0.230809	2.100362
0.205696	0.238607
0.180704	0.494224
0.294118	0.817647
0.105301	0.178486
0.251641	1.016629
0.140531	0.327437
0.163337	0.191920
0.338614	2.470189
0.115430	0.178917
0.060219	0.106286
0.085476	0.112401
0.194386	0.189527
0.159028	0.155053
0.256632	0.665961
0.109144	0.141887
0.128183	0.427491
0.142990	0.338172
0.316443	2.161304
0.114132	0.324706
0.183341	0.317180
0.134771	0.256065
0.210974	0.251059
0.103753	0.141623
0.130029	0.152784
0.205834	0.787316
0.120684	0.182232
0.158233	0.242097
0.127772	0.224878
0.078692	0.233320
0.193375	0.755130
0.302111	0.611775
0.174642	0.235767
0.081917	0.126152
0.214135	0.480732
0.280463	1.880506
0.236951	0.881456
0.043420	0.160002
0.136508	0.329668
0.145524	1.048500
0.196914	0.934356
0.161769	0.691564
0.187629	0.197011
0.087384	0.147242
0.130410	0.507945
0.123955	0.352032
0.184995	0.537410
0.128829	0.315632
0.088402	0.174594
0.135314	0.251008
0.204726	0.860874
0.144764	0.382177
0.357256	3.054535
0.238980	0.671533
0.233403	0.508818
0.336788	0.658421
0.387973	0.517944
0.372905	0.374769
0.578854	1.122977
0.465219	0.418697
0.416720	0.485479
0.588705	1.401119
0.539080	0.579511
0.205553	0.478940
0.296561	0.492291
0.170558	0.239634
0.252695	0.510444
0.159157	0.163932
0.273736	2.723670
0.263156	0.776310
0.222399	0.344719
0.101760	0.157219
0.202277	0.305439
0.078798	0.125683
0.265805	0.392062
0.326210	1.361925
0.321295	1.828171
0.221910	0.542569
0.093766	0.252699
0.184816	0.672732
0.140273	0.314912
0.054728	0.109457
0.079678	0.098403
0.114192	0.332298
0.088115	0.262582
0.109033	0.245870
0.149725	0.318165
0.186851	1.694740
0.080219	0.132361
0.225615	0.619313
0.251114	0.448239
0.103190	0.306476
0.154879	0.196697
0.137376	1.140225
0.135144	0.295965
0.121525	0.243049
0.096079	0.435720
0.045088	0.095587
0.222024	1.567493
0.191451	0.292920
0.214459	0.405328
0.186084	0.507078
0.054460	0.104290
0.085863	0.187611
0.126246	0.260067
0.146362	0.319801
0.135575	0.351817
0.081578	0.127670
0.192745	0.549325
0.170930	0.694831
0.291849	1.339586
0.285227	0.847124
0.286189	1.007384
0.060445	0.109406
0.071016	0.104393
0.110745	0.452948
0.145414	0.263198
0.172632	0.371159
0.220547	1.238371
0.083844	0.232668
0.137283	0.408417
0.159513	1.142908
0.150735	0.558471
0.144616	0.315263
0.086110	0.253164
0.047870	0.084250
0.037928	0.168589
0.383111	0.189640
0.101542	0.132512
0.138371	0.388131
0.234055	0.579285
0.144747	0.507337
0.064991	0.144931
0.099843	0.284054
0.126886	0.497394
0.171979	1.043914
0.104505	0.554399
0.178116	0.440838
0.204629	0.566822
0.148036	0.225014
0.071177	0.166910
0.083014	0.097956
0.046911	0.166300
0.149551	0.335742
0.170251	0.383917
0.209216	0.595220
0.270233	0.885012
0.223062	0.434971
0.194737	0.484895
0.086251	0.212608
0.128917	0.478926
0.119767	0.393436
0.078779	0.193797
0.102146	0.449955
0.177029	0.498337
0.114341	0.244118
0.212713	0.741306
0.319718	1.037484
0.123595	0.389324
0.079912	0.184598
0.095934	0.336247
0.123581	0.304009
0.109583	0.271219
0.080367	0.116533
0.076342	0.274451
0.179904	1.039842
0.133720	0.207266
0.238074	0.791597
0.082177	0.212016
0.324477	0.614885
0.123365	0.235010
0.206008	1.275189
0.182694	0.780105
0.311585	1.490934
0.186957	1.247935
0.055728	0.152415
0.251733	0.562624
0.257814	1.513367
0.094179	0.154925
0.186410	0.430607
0.247216	0.552528
0.111484	0.220739
0.146316	0.265563
0.117907	0.328370
0.137402	0.385412
0.145839	0.252302
0.159954	0.453469
0.186875	0.387766
0.089217	0.201184
0.200076	1.282486
0.292582	1.726232
0.083696	0.262388
0.136038	0.248950
0.229177	0.762012
0.107934	0.168917
0.267054	0.551467
0.074283	0.242904
0.220001	0.953705
0.074411	0.110129
0.370865	2.749962
0.147649	0.318923
0.216317	0.912858
0.077074	0.120236
0.126450	0.349634
0.118865	0.324502
0.186049	0.800943
0.195428	0.823728
0.069506	0.129282
0.177555	0.427019
0.178064	0.438929
0.060193	0.116172
0.166592	0.406486
0.075417	0.137259
0.290818	1.836518
0.360056	2.054120
0.289855	1.385506
0.176427	0.207302
0.291648	1.299291
0.165312	0.663726
0.076855	0.170233
0.370421	1.850251
0.191707	0.807087
0.212231	0.476458
0.063243	0.176132
0.154060	0.516870
0.249132	1.868492
0.103652	0.273641
0.113147	0.192916
0.043893	0.089103
0.198025	0.514865
0.086330	0.138129
0.093151	0.259426
0.197612	0.662987
0.192814	0.651712
0.151319	0.436557
0.200014	0.405028
0.285485	0.468195
0.215473	0.747692
0.096669	0.146453
0.277871	0.262588
0.167712	0.269178
0.146321	0.245819
0.113209	0.153965
0.299861	1.058509
0.168050	0.233590
0.111971	0.447883
0.170977	0.877965
0.120139	0.306354
0.295573	1.072930
0.284158	0.713238
0.280065	2.316141
0.283052	3.371147
0.113463	0.371591
0.116598	0.418585
0.097298	0.222327
0.137346	0.314523
0.107308	0.196909
0.204963	0.220336
0.307389	1.636849
0.244795	2.405115
0.085610	0.166083
0.182758	0.385619
0.259051	2.226542
0.188973	0.178579
0.260573	1.235115
0.164539	0.457418
0.169010	0.695476
0.154725	0.502084
0.122269	0.547153
0.103282	0.178161
0.318222	1.704081
0.241378	0.582927
0.164237	0.278382
0.226097	0.486108
0.192930	0.430233
0.315330	0.957025
0.182549	0.211757
0.103792	0.180078
0.351508	0.836590
0.236984	0.250018
0.150148	0.150899
0.292143	1.882858
0.298063	0.473920
0.262224	0.344825
0.312776	0.778813
0.243856	0.398705
0.360759	0.836960
0.154493	0.179211
0.161369	0.375989
0.161741	0.197324
0.232930	0.421603
0.163503	0.960583
0.114051	0.120324
0.297721	1.068820
0.259996	0.285996
0.234806	0.606975
0.152472	0.272925
0.144249	0.340428
0.112439	0.185524
0.142605	0.380756
0.146946	0.130047
0.087164	0.132489
0.177407	0.793008
0.124604	0.309018
0.195523	1.156520
0.148987	0.318833
0.151366	0.298948
0.206634	0.475257
0.170571	0.276324
0.095282	0.146258
0.115762	0.261042
0.205253	0.383824
0.135245	0.198811
0.134623	0.218763
0.116541	0.171898
0.156792	0.351997
0.305395	0.439768
0.176252	0.413310
0.112446	0.293483
0.107740	0.222482
0.233107	3.754181
0.122391	0.222140
0.077916	0.175700
0.149667	0.383147
0.208936	0.974685
0.072394	0.100266
0.176122	0.252735
0.280691	1.068030
0.165562	0.313739
0.084785	0.103014
0.191935	0.321492
0.280518	0.973399
0.313071	1.169320
0.154894	0.275711
0.249641	1.226986
0.210612	0.247469
0.225267	2.129897
0.336209	0.973326
0.121033	0.213624
0.468178	2.816091
0.250208	0.429107
0.304247	0.905134
0.228270	0.642580
0.097692	0.134814
0.329786	1.030581
0.329921	2.307800
0.121055	0.147081
0.228335	0.770631
0.123276	0.173202
0.060272	0.085285
0.143288	0.309501
0.115023	0.207041
0.089095	0.242340
0.165641	0.596307
0.072162	0.134582
0.160383	0.223734
0.336964	2.106025
0.214878	1.665308
0.266833	0.543004
0.239164	0.564427
0.171870	0.311943
0.149607	0.570751
0.118626	0.183278
0.151690	0.229053
0.268299	0.788799
0.346967	0.586374
0.197689	0.208562
0.211011	0.240552
0.298869	1.805166
0.182157	0.393458
0.230596	0.568418
0.343057	1.607221
0.197445	0.409699
0.297025	0.899985
0.409701	1.481071
0.147585	0.186694
0.077499	0.091062
0.137207	0.170136
0.093745	0.152804
0.129250	0.217786
0.106057	0.198856
0.207673	1.832716
0.254401	0.999796
0.138077	0.233350
0.183194	0.512942
0.274270	1.071024
0.269625	0.395000
0.169619	1.730964
0.083022	0.203818
0.097132	0.183093
0.313154	2.506796
0.132137	0.244454
0.274167	0.583975
0.313259	1.065081
0.385942	0.972575
0.169622	0.279028
0.486049	2.189651
0.171505	0.195516
0.237021	2.044307
0.431396	0.506890
0.197289	0.298893
0.264330	0.989916
0.256222	0.991579
0.156795	1.156362
0.168939	0.315070
0.127649	0.304442
0.082614	0.158206
0.100323	1.616713
0.088496	0.181417
0.135045	0.645517
0.140887	0.226124
0.171056	0.644026
0.090861	0.297116
0.181770	1.997650
0.090198	0.509621
0.329407	2.284437
0.092041	0.349755
0.160398	0.261449
0.118559	0.230597
0.114699	0.297071
0.118581	0.377680
0.111179	0.188449
0.115221	0.160157
0.316281	2.256668
0.124865	0.292184
0.194600	0.527366
0.204835	0.357437
0.095640	0.131505
0.066884	0.114371
0.072475	0.093856
0.132992	0.407620
0.118067	0.229640
0.332144	1.728808
0.327064	1.372032
0.192981	0.275963
0.193982	0.326859
0.091989	0.131545
0.218376	0.655127
0.132518	0.147095
0.250343	0.521966
0.269633	0.839908
0.278190	0.395030
0.234981	0.160962
0.334190	0.939074
0.234047	0.822674
0.159097	0.348422
0.240319	0.555137
0.154414	0.213092
0.315732	1.518672
0.098199	0.266610
0.175496	0.329054
0.302247	0.887094
0.233738	0.223220
0.162652	0.181357
0.287780	0.752544
0.222762	1.062575
0.153499	0.310068
0.116172	0.256159
0.071692	0.232639
0.067880	0.134402
0.113337	0.213639
0.116105	0.255431
0.131826	0.433709
0.050308	0.129544
0.098895	0.271962
0.110247	0.897409
0.112380	0.283197
0.090354	0.171672
0.110596	0.149857
0.141238	0.805055
0.150640	0.743406
0.086864	0.135943
0.175710	1.613015
0.134073	0.227254
0.208158	0.398622
0.109748	0.301259
0.311530	1.607494
0.256539	2.507669
0.129578	0.263043
0.086752	0.095861
0.228450	0.304981
0.271470	0.583661
0.149194	0.190223
0.144080	0.108060
0.335345	2.734738
0.204499	0.648262
0.290507	1.448177
0.094273	0.705630
0.248612	0.750809
0.193645	0.459906
0.150541	0.143014
0.195119	0.184387
0.252706	0.537001
0.101578	0.135607
0.224706	1.351607
0.288517	1.419504
0.100586	0.238389
0.172690	1.050817
0.092759	0.209171
0.206689	0.375140
0.290690	1.453450
0.111690	0.196017
0.151132	0.941554
0.096971	0.300611
0.090554	0.270304
0.099381	0.236030
0.144032	0.332715
0.163732	0.997946
0.105268	0.906357
0.131329	0.254121
0.115015	0.334120
0.104577	0.140133
0.145148	0.769284
0.114740	0.521494
0.195258	0.976291
0.126566	0.163903
0.227128	1.127691
0.184253	0.309545
0.300144	0.825396
0.357063	4.440080
0.344656	0.275725
0.373709	0.373709
0.397202	1.459717
0.287495	0.754674
0.367402	1.223448
0.164588	0.547255
0.196770	0.252850
0.281670	0.335188
0.133178	0.582654
0.053604	0.152773
0.092553	0.128186
0.183372	0.827006
0.192538	1.396860
0.121905	0.151772
0.182600	1.761172
0.222506	0.200255
0.154191	0.155733
0.496506	1.916514
0.148748	0.226841
0.197937	0.308782
0.202576	0.215743
0.184480	0.180790
0.136087	0.122478
0.480038	0.921673
0.251572	0.218867
0.237731	0.373238
0.208515	0.246048
0.237618	0.285141
0.287059	0.874094
0.190086	0.130209
0.379801	0.913422
0.133368	0.137369
0.112758	0.171392
0.194799	1.007112
0.322206	0.713687
0.303436	1.115128
0.085168	0.165225
0.143181	0.705881
0.058322	0.132974
0.159907	0.378980
0.216586	0.959474
0.137357	0.478689
0.207725	0.515159
0.332844	2.193443
0.101812	0.242822
0.135886	0.385238
0.183278	1.095083
0.104581	0.188768
0.060053	0.162444
0.072959	0.149931
0.045301	0.155610
0.074117	0.173805
0.062675	0.138825
0.332690	0.881628
0.221338	2.066192
0.182333	0.335492
0.146769	0.332431
0.201848	0.453149
0.183714	0.391312
0.230300	0.640235
0.148516	0.605946
0.074800	0.212807
0.073096	0.153867
0.087432	0.342296
0.199135	0.354460
0.319888	2.306395
0.128971	0.443661
0.103552	0.346380
0.078711	0.165293
0.125390	0.998103
0.157143	0.484001
0.115335	0.117065
0.177260	0.328818
0.150917	0.700254
0.093473	0.241161
0.265326	1.662266
0.215756	0.622455
0.253467	1.100045
0.135248	0.192728
0.250767	2.220538
0.226247	0.434393
0.316841	0.467340
0.101298	0.144350
0.295619	0.889813
0.350504	0.706266
0.244447	0.854341
0.132677	0.192381
0.179617	1.163916
0.157665	0.683480
0.085420	0.137526
0.295867	1.624310
0.062521	0.099408
0.180245	0.514598
0.216602	0.831751
0.140163	0.213047
0.303260	1.789232
0.168122	0.353056
0.082988	0.107469
0.155337	0.511834
0.156022	0.310484
0.195741	0.743816
0.093437	0.255550
0.147746	0.660426
0.352004	1.897300
0.196559	1.297286
0.131228	0.457331
0.102893	0.327198
0.136320	0.585494
0.175950	0.204981
0.070866	0.183189
0.079726	0.127961
0.099527	0.150783
0.314743	0.810464
0.323447	1.751465
0.181477	0.634262
0.250005	0.317507
0.109323	0.225752
0.093397	0.137760
0.244913	1.198849
0.188908	0.386317
0.282964	0.677699
0.168839	0.547883
0.401777	1.856209
0.078854	0.096202
0.129421	0.128774
0.150606	0.141570
0.164392	0.344401
0.185474	0.607427
0.231659	0.296524
0.267570	1.339189
0.307151	1.621757
0.258953	0.537328
0.195696	0.730926
0.430933	1.697875
0.149588	0.152579
0.164712	0.143299
0.122345	0.124792
0.279595	0.926857
0.132313	0.202439
0.181569	0.258736
0.246357	0.667627
0.200411	0.554137
0.161194	0.319164
0.183891	0.338359
0.140015	0.240126
0.219323	0.518699
0.148582	0.329851
0.117851	0.189740
0.173400	2.292343
0.226348	0.712996
0.167070	0.426028
0.216780	0.305660
0.108602	0.375763
0.196439	1.563652
0.079933	0.159866
0.169485	1.580451
0.136517	0.372692
0.256311	0.938099
0.209795	1.036389
0.110118	0.240607
0.109782	0.176749
0.295726	2.179503
0.167947	0.478648
0.221406	1.788958
0.134829	0.275725
0.132292	0.227543
0.068483	0.123270
0.188416	0.388136
0.124498	0.220362
0.302307	1.664202
0.096314	0.204668
0.234168	0.492924
0.095892	0.130412
0.074379	0.104875
0.122942	0.245884
0.098509	0.208840
0.304242	1.755474
0.129460	0.236912
0.129263	0.582330
0.146998	0.404980
0.212081	1.103883
0.311363	2.730657
0.145317	0.282642
0.129561	0.251349
0.061802	0.265438
0.047553	0.086546
0.244293	0.666920
0.252560	3.159521
0.103179	0.158895
0.316228	1.462554
0.200178	0.563500
0.110297	0.359567
0.054530	0.198488
0.073937	0.093161
0.113914	0.230676
0.317205	0.964302
0.278284	0.662316
0.108907	0.111085
0.346715	0.761039
0.272465	0.874612
0.259867	0.653566
0.207222	0.263172
0.219479	0.271056
0.245527	1.559097
0.167660	0.212090
0.230163	0.626044
0.147613	0.439886
0.089100	0.105138
0.141641	0.129602
0.080051	0.172911
0.154241	0.240616
0.271403	0.694791
0.286506	3.036968
0.154890	0.308231
0.121803	0.139465
0.373135	2.005600
0.174792	0.374055
0.183875	0.294199
0.110128	0.205939
0.107713	0.254741
0.068102	0.111347
0.113743	0.400377
0.090488	0.324398
0.047459	0.092783
0.131689	0.271937
0.214703	0.523877
0.221152	0.674515
0.228625	0.241200
0.154635	0.562097
0.096038	0.182953
0.071247	0.151756
0.084328	0.181306
0.191069	0.554101
0.087477	0.102785
0.075152	0.104461
0.132125	0.323046
0.111290	0.232040
0.307249	1.892651
0.115809	0.275625
0.144635	0.487419
0.172539	0.763487
0.118525	0.211566
0.114763	0.337403
0.193457	0.423672
0.180383	0.331905
0.275877	1.442839
0.074935	0.094793
0.157862	0.148390
0.273837	2.352261
0.318084	3.460750
0.199811	0.298717
0.341114	2.421911
0.143307	0.566063
0.254394	0.534228
0.480927	2.375778
0.173848	0.129517
0.106938	0.157199
0.185392	0.509829
0.147777	0.183983
0.081600	0.150960
0.194796	0.294142
0.130436	0.207393
0.073700	0.138187
0.156315	0.186797
0.281020	2.139965
0.124132	0.153924
0.129375	0.331199
0.170652	0.325092
0.198411	0.972214
0.096087	0.330059
0.196784	1.483748
0.202872	1.071162
0.060924	0.149568
0.169074	0.851288
0.150219	0.252368
0.169009	0.572095
0.150245	0.308003
0.153222	0.330960
0.195484	0.857196
0.253617	0.774799
0.112972	0.205610
0.364038	2.231553
0.151992	0.235587
0.145537	0.251778
0.188821	0.627828
0.114118	0.263612
0.132862	0.264396
0.135023	0.261946
0.067151	0.394847
0.172776	0.504506
0.086278	0.371428
0.107373	0.176628
0.133418	0.174777
0.056466	0.111520
0.228853	0.692281
0.129463	1.373601
0.071578	0.119177
0.207783	0.583870
0.290013	1.570423
0.085280	0.163737
0.182427	0.462453
0.185573	0.579916
0.206599	0.882176
0.125443	0.219525
0.061568	0.155458
0.171377	0.412162
0.206001	1.015583
0.287525	0.623929
0.112566	0.334884
0.122818	0.634353
0.185250	0.523332
0.115214	0.264417
0.167544	0.964216
0.145465	0.421847
0.264487	1.130683
0.097143	0.124828
0.069613	0.133310
0.283954	1.222420
0.167496	0.255431
0.255439	0.547916
0.192736	0.345961
0.197019	0.599924
0.126727	0.366242
0.223543	0.975767
0.160383	0.554924
0.089630	0.152372
0.121440	0.179731
0.160639	0.372683
0.150454	0.366355
0.106956	0.195195
0.274118	1.525465
0.148847	0.343092
0.167636	0.295878
0.189368	0.260381
0.352595	1.648383
0.131598	0.203318
0.088053	0.137363
0.145024	0.710615
0.064634	0.167726
0.140201	0.201188
0.156185	0.297532
0.352138	0.690191
0.230690	0.968897
0.128988	0.215410
0.133254	0.246519
0.205470	0.857836
0.274140	1.007466
0.239941	1.789959
0.246242	2.298673
0.228648	1.574242
0.110097	0.168448
0.179873	0.270709
0.289814	0.362268
0.069550	0.110932
0.208793	0.163902
0.170152	0.954550
0.221256	0.459106
0.128972	0.255365
0.126108	0.225102
0.079820	0.168420
0.092127	0.251506
0.133010	0.244738
0.080055	0.138496
0.089711	0.217998
0.335508	2.182482
0.108583	0.241597
0.108166	0.111411
0.159975	0.611103
0.108273	0.192726
0.064594	0.166008
0.105773	0.177699
0.169774	0.460088
0.145591	0.547420
0.121568	0.320333
0.333848	2.775950
0.148054	0.786905
0.307541	0.733485
0.131214	0.256524
0.189904	2.410831
0.137315	0.360451
0.136597	0.898124
0.144461	0.178409
0.216669	0.820090
0.184199	0.556280
0.107710	0.200879
0.267425	1.196725
0.070719	0.338392
0.257512	0.687558
0.276162	1.726012
0.216382	0.763827
0.263602	1.340416
0.231357	1.317577
0.071216	0.120712
0.136569	0.325035
0.288357	1.715725
0.119393	0.189238
0.115747	0.156837
0.211203	0.340037
0.316998	2.312503
0.146318	0.154365
0.309000	1.948243
0.174648	0.390337
0.163238	0.394219
0.104292	0.225271
0.121023	0.265041
0.219267	0.469232
0.313756	1.946859
0.086961	0.220011
0.090808	0.169811
0.162593	0.695083
0.416834	3.370100
0.086307	0.098821
0.150233	0.910411
0.160141	0.291457
0.225771	0.542979
0.113587	0.391877
0.074783	0.195184
0.176516	0.299194
0.213149	0.803572
0.226822	0.942444
0.120631	0.381194
0.241715	1.532475
0.226529	1.222126
0.200789	1.731808
0.087446	0.185822
0.135511	0.205976
0.310989	1.192643
0.316596	2.298487
0.300049	1.549755
0.090821	0.178917
0.222286	0.918042
0.134217	0.479824
0.073036	0.134386
0.260654	1.565229
0.194699	0.378690
0.093804	0.196988
0.145647	0.200265
0.337998	1.407761
0.204494	0.366043
0.220252	0.323770
0.191266	0.651261
0.355804	1.476585
0.389513	1.513259
0.177855	0.333479
0.215267	0.871832
0.225591	0.434263
0.277719	0.304102
0.223350	0.380811
0.267888	0.965736
0.287754	0.562559
0.084839	0.128956
0.168743	0.182243
0.138801	0.269274
0.257991	0.746884
0.186764	0.421153
0.083505	0.116907
0.181726	0.417969
0.243157	0.701509
0.149308	0.384467
0.159608	0.276920
0.115367	0.371482
0.094087	0.194289
0.151760	0.191218
0.101951	0.167200
0.200430	0.546172
0.220143	1.432031
0.154173	0.482562
0.154381	0.579699
0.126982	0.302852
0.078272	0.113885
0.308484	1.983552
0.142595	0.589632
0.236078	0.818011
0.093381	0.297885
0.236646	2.135726
0.259378	1.586094
0.224478	0.566806
0.114796	0.349555
0.080396	0.168429
0.175629	0.464537
0.079231	0.174309
0.206197	0.973248
0.224850	2.391277
0.128318	0.331702
0.133986	0.545321
0.223028	0.622247
0.195492	0.432037
0.295591	2.083917
0.203092	0.631616
0.112012	1.090435
0.303327	1.008561
0.096313	0.264861
0.091823	0.234607
0.128207	0.303210
0.166639	0.558241
0.096228	0.130870
0.130912	1.316977
0.061466	0.173335
0.330524	1.609654
0.099763	0.146154
0.105473	0.278449
0.063555	0.119483
0.168989	0.553439
0.224689	1.172875
0.157135	0.382623
0.108614	0.332358
0.106237	0.189102
0.142351	0.775810
0.155801	1.037634
0.126935	0.257043
0.093518	0.114559
0.161925	0.265557
0.150533	0.398160
0.231313	0.734419
0.092951	0.148721
0.127056	0.259195
0.216136	0.698118
0.109001	0.365697
0.212571	0.378376
0.268848	0.603563
0.059462	0.081463
0.138260	0.317998
0.055011	0.095720
0.179535	0.332139
0.122703	0.305530
0.197504	0.516473
0.047070	0.086373
0.086641	0.121730
0.064105	0.158979
0.219920	0.950054
0.266801	1.347347
0.207753	0.790501
0.072815	0.780217
0.198611	0.719966
0.272170	1.287363
0.058220	0.115276
0.243028	0.580837
0.103962	0.338395
0.088898	0.184463
0.132444	0.294687
0.086469	0.159535
0.101555	0.196509
0.089784	0.388316
0.140652	0.227153
0.157436	0.521115
0.078200	0.223652
0.100088	0.526463
0.047772	0.151916
0.131895	0.611991
0.073905	0.145594
0.070121	0.586914
0.092461	0.335633
0.053953	0.082548
0.171340	2.246272
0.234667	2.669337
0.270925	0.497147
0.170638	1.795969
0.165728	1.183301
0.145393	1.097721
0.158135	0.209529
0.207274	1.015644
0.041091	0.131286
0.200245	0.488598
0.065808	0.263562
0.145958	0.321107
0.133990	0.300808
0.171594	0.152719
0.104984	0.225715
0.268235	1.109152
0.078949	0.129082
0.156816	0.297951
0.132475	0.243755
0.137496	0.273617
0.151042	0.172187
0.177606	0.428919
0.339494	2.352697
0.086666	0.135632
0.110775	0.235951
0.055368	0.127624
0.087029	0.165355
0.119283	0.198607
0.232543	0.780181
0.160000	0.616800
0.083367	0.130052
0.201685	0.998340
0.132511	0.490290
0.091950	0.777894
0.075811	0.136080
0.205362	0.426127
0.126752	0.271249
0.187871	0.402044
0.112041	0.224082
0.099664	0.230223
0.166991	0.690506
0.157623	0.389328
0.160784	0.677704
0.108454	0.131772
0.117920	0.315435
0.191132	2.275428
0.089370	0.172931
0.119449	0.217995
0.128035	0.779091
0.159479	0.291049
0.058805	0.135840
0.120753	0.289205
0.102297	0.589232
0.254034	0.847203
0.075393	0.182073
0.168005	0.315850
0.083922	0.135534
0.317870	2.717789
0.137699	0.287101
0.160717	0.164735
0.222978	0.983334
0.206774	0.345312
0.137807	0.490594
0.152247	0.433143
0.105280	0.491133
0.125728	0.169104
0.155577	0.196805
0.148063	0.322777
0.140793	0.235828
0.157211	0.297916
0.071136	0.168947
0.158927	0.189918
0.073864	0.161763
0.125528	0.399805
0.150130	0.532210
0.150959	0.424195
0.091355	0.177686
0.129330	0.278060
0.336165	2.033799
0.101210	0.128536
0.222583	1.378899
0.115522	0.161731
0.180674	0.460719
0.103962	0.180374
0.109255	0.235991
0.159624	0.162816
0.198715	0.539512
0.082625	0.235893
0.064599	0.138243
0.314260	0.916067
0.336921	2.232104
0.094087	0.624271
0.203802	1.031238
0.180645	0.422708
0.118054	0.164094
0.092338	0.174057
0.135492	0.184269
0.110541	0.109988
0.075534	0.103482
0.165226	0.457675
0.225701	0.401747
0.164116	0.628566
0.123968	0.122728
0.093399	0.110678
0.120998	0.306124
0.258375	0.640770
0.182895	0.453579
0.188248	0.602392
0.309715	1.644588
0.235986	0.880228
0.298308	0.390783
0.445769	2.396008
0.154621	0.357175
0.192509	0.615065
0.149287	0.755394
0.138623	0.619646
0.232174	0.778943
0.092163	0.184326
0.105544	0.213199
0.149970	0.388421
0.110626	0.362299
0.104820	0.267816
0.072051	0.224801
0.097982	0.504608
0.056750	0.194369
0.119403	0.444179
0.054093	0.140100
0.065230	0.171881
0.126051	0.385085
0.146304	0.994867
0.126184	0.583599
0.099296	0.213486
0.114775	0.255948
0.145889	0.377853
0.085508	0.326640
0.134439	0.497424
0.079050	0.181025
0.073011	0.097835
0.057137	0.136273
0.059300	0.127199
0.108363	0.204264
0.108068	0.206950
0.100943	0.420429
0.233922	0.687730
0.198020	1.888119
0.104684	0.229782
0.080626	0.256794
0.228430	0.714985
0.088335	0.185062
0.162695	0.381520
0.086873	0.103813
0.246963	0.381557
0.191805	0.760508
0.246156	0.390158
0.149815	0.246445
0.301703	0.607932
0.152065	0.294246
0.412522	2.673144
0.088850	0.183032
0.239636	0.916607
0.069651	0.239600
0.082887	0.213434
0.164773	0.540455
0.150213	0.488944
0.102385	0.129005
0.191298	0.572936
0.193768	0.568708
0.235007	0.945902
0.586584	1.572046
0.381833	0.441017
0.542776	1.118119
0.409085	1.734521
0.294221	0.735553
0.157061	0.174338
0.337014	0.559444
0.277737	1.176216
0.113298	0.620309
0.177830	0.307645
0.239630	0.825526
0.128945	0.297218
0.220591	1.013616
0.251467	1.836969
0.131240	0.247388
0.189187	1.208905
0.164032	0.342006
0.099835	0.125792
0.320386	0.563879
0.076880	0.165293
0.295042	2.625876
0.144447	0.245561
0.117231	0.228600
0.077965	0.086542
0.271317	1.224995
0.120462	0.190330
0.171699	0.471314
0.157109	0.408484
0.041999	0.149308
0.099332	0.179294
0.176648	0.396574
0.132912	0.273134
0.199697	0.489258
0.249031	1.500410
0.326268	1.066896
0.136094	0.311654
0.206635	0.346114
0.123281	0.252726
0.229778	0.430834
0.135408	0.825989
0.109742	0.164065
0.224845	0.603710
0.137249	0.239499
0.318017	2.122763
0.159916	0.567702
0.205016	1.548895
0.059549	0.107189
0.114377	0.314537
0.148673	0.405134
0.190766	0.694388
0.114701	0.194992
0.204893	0.349342
0.112040	0.171421
0.084686	0.135074
0.098448	0.189513
0.053273	0.093761
0.149557	0.587758
0.097937	0.119484
0.355284	2.485211
0.171732	0.464536
0.093022	0.214415
0.121015	0.159740
0.098295	0.280632
0.188313	0.531043
0.111098	0.227752
0.089989	0.171429
0.134601	0.444184
0.190691	0.481494
0.097313	0.256420
0.292755	0.853380
0.148137	0.662171
0.167997	0.339353
0.158781	0.285806
0.137733	0.911103
0.133781	0.406025
0.308486	0.910035
0.184908	0.604648
0.170494	0.411744
0.068228	0.090743
0.120334	0.204569
0.161564	0.470152
0.254291	3.333750
0.078732	0.119280
0.049696	0.163252
0.091953	0.119998
0.114578	0.410762
0.361192	2.044349
0.309670	0.628630
0.141331	0.276302
0.207788	0.408304
0.229912	0.503508
0.363994	1.845450
0.153667	0.454085
0.142541	0.421922
0.130742	0.186307
0.432453	1.989286
0.238507	0.849085
0.232443	0.782171
0.136146	0.218515
0.184713	0.484873
0.135171	0.293322
0.221774	0.343750
0.092231	0.146647
0.133333	0.218000
0.210172	0.496005
0.264028	1.328059
0.235222	0.891490
0.168062	0.407551
0.132915	0.410709
0.137565	0.269628
0.204308	0.774328
0.111016	0.219813
0.295778	1.248183
0.215207	0.464848
0.102570	0.173343
0.126400	0.209823
0.168244	0.492955
0.105003	0.309758
0.103999	0.234517
0.149257	0.683595
0.071400	0.113884
0.100054	0.915994
0.145717	0.338063
0.216255	0.407640
0.179884	0.926403
0.333888	0.814686
0.154565	0.149928
0.208302	0.971727
0.375404	2.684138
0.141653	0.197605
0.151704	0.271551
0.278413	1.339169
0.277544	0.525947
0.342827	1.102187
0.115812	0.230465
0.062153	0.091054
0.116393	0.240351
0.106177	0.415150
0.056726	0.112884
0.076387	0.122983
0.225978	1.893693
0.125412	0.603856
0.232546	1.083664
0.290184	2.280843
0.083450	0.224898
0.054359	0.162534
0.203823	2.445881
0.083296	0.243640
0.157030	0.413775
0.082087	0.158428
0.174939	1.219322
0.190581	0.465971
0.311460	1.845398
0.225580	0.611322
0.109622	0.237880
0.078782	0.233983
0.091598	0.207469
0.137775	0.180485
0.173866	0.927576
0.082199	0.247419
0.131249	0.271030
0.099180	0.200345
0.156313	0.368899
0.122390	0.530561
0.221899	0.258513
0.143040	0.345442
0.099538	0.129399
0.138154	0.289432
0.201506	0.413087
0.360276	1.248358
0.095235	0.146185
0.239181	0.416175
0.100483	0.328579
0.133311	0.188635
0.187683	0.504866
0.261839	0.291951
0.180867	0.283057
0.179231	0.181919
0.373608	0.566016
0.182354	0.186913
0.489270	0.621373
0.556718	1.138488
0.321910	0.339615
0.264320	0.251104
0.291655	0.211450
0.328918	0.231887
0.430451	0.557435
0.510733	2.239565
0.142542	0.158934
0.375394	1.000426
0.454340	0.497502
0.510974	1.497153
0.356943	0.380144
0.562363	1.779879
0.204369	0.130796
0.093139	0.078237
0.095758	0.157522
0.142732	0.451748
0.176899	0.519200
0.268314	1.617934
0.126473	0.170738
0.365003	1.819538
0.266977	0.396461
0.140392	0.186019
0.155225	0.267764
0.108910	0.111633
0.131339	0.328348
0.354072	1.970411
0.095680	0.340619
0.330753	1.683532
0.085418	0.179805
0.111884	0.182931
0.067376	0.107465
0.086630	0.235201
0.074723	0.128898
0.100867	1.087855
0.195517	0.959987
0.152632	0.757053
0.039620	0.245446
0.080057	0.218554
0.081826	0.176744
0.175986	0.425005
0.067196	0.198563
0.149490	1.234790
0.165943	0.747573
0.268977	2.173335
0.240541	0.774542
0.115886	0.111830
0.128283	0.295693
0.319075	2.431351
0.084544	0.144993
0.120042	0.452558
0.068879	0.089888
0.167024	0.355762
0.202882	0.316496
0.155518	0.654730
0.255711	0.460279
0.134265	0.171188
0.210986	0.391379
0.102156	0.190521
0.144674	0.448488
0.132607	0.490646
0.060028	0.307942
0.169873	0.743192
0.298788	2.581533
0.076505	0.200444
0.083570	0.178421
0.059944	0.147463
0.095438	0.231914
0.145986	0.835042
0.305248	1.257621
0.328789	0.547434
0.368662	2.110589
0.270140	0.813120
0.291097	0.512331
0.152738	0.178704
0.233010	0.596505
0.131184	0.284669
0.120275	0.224915
0.152371	0.501300
0.152452	0.389515
0.129583	0.242968
0.082345	0.368494
0.089723	0.140416
0.084907	0.245381
0.130883	0.342258
0.161759	0.406825
0.093889	0.300446
0.063606	0.160605
0.055578	0.181463
0.042760	0.116307
0.108521	0.232778
0.134357	0.258638
0.123940	0.376776
0.090523	0.396491
0.103030	0.279725
0.185064	0.557043
0.133254	0.425082
0.068801	0.106298
0.103116	0.231496
0.255433	1.176270
0.131695	0.214664
0.353264	3.156412
0.028505	0.079244
0.062309	0.123372
0.158266	0.657594
0.106182	0.207587
0.115692	0.512514
0.178763	0.289596
0.193475	0.702315
0.103603	0.281801
0.069699	0.182960
0.071034	0.366893
0.115260	0.304863
0.213699	0.571644
0.102862	0.212411
0.150659	0.252354
0.076623	0.150564
0.115503	0.585599
0.177798	0.421382
0.173934	1.177533
0.069667	0.273790
0.039197	0.099169
0.187693	1.224698
0.129988	0.493954
0.184747	1.208247
0.103723	0.272274
0.091620	0.196066
0.253650	0.669637
0.167632	0.846544
0.228472	1.403963
0.048821	0.091051
0.168774	0.317295
0.096483	0.866896
0.255924	1.568816
0.150754	0.460554
0.102723	0.131485
0.252733	0.648260
0.061513	0.137175
0.221632	0.298095
0.098050	0.181883
0.256405	1.428178
0.057538	0.094075
0.163921	0.449962
0.164023	0.287039
0.101933	0.209473
0.216869	0.380605
0.089151	0.160918
0.141376	0.308200
0.089783	0.134226
0.169068	0.371949
0.138681	0.255867
0.161477	0.621685
0.061467	0.090664
0.097304	0.286075
0.259416	1.701772
0.191953	1.238096
0.120237	0.776127
0.130957	0.382393
0.175057	0.401757
0.310562	3.538848
0.155711	0.380713
0.266543	0.595723
0.083758	0.092553
0.092744	0.219802
0.063462	0.096145
0.122457	0.432884
0.237285	0.581347
0.187886	0.393622
0.368384	2.422127
0.249615	0.591586
0.161399	0.199328
0.235281	0.629378
0.343252	1.999441
0.097181	0.222059
0.231963	0.483643
0.271583	0.556744
0.114409	0.241402
0.229018	0.447731
0.326391	2.596436
0.238685	0.479757
0.317499	1.427158
0.112195	0.237854
0.211316	0.398331
0.162879	0.405569
0.362055	2.302672
0.167585	0.314222
0.068612	0.103261
0.098544	0.216798
0.233229	0.963234
0.236617	0.528840
0.171180	0.446779
0.107455	0.298188
0.245106	0.442417
0.124525	0.328746
0.169410	0.448936
0.071942	0.098201
0.151715	0.541624
0.243400	0.843381
0.096950	0.155120
0.147555	0.506850
0.166344	0.502359
0.148840	0.363170
0.107183	0.167741
0.120818	0.460919
0.176294	0.471588
0.171420	0.393409
0.099527	0.176162
0.143754	0.558484
0.116210	0.235907
0.298130	3.455327
0.220643	0.441287
0.153201	0.284188
0.240821	0.789894
0.227084	0.769814
0.242064	0.396985
0.248772	0.850800
0.199455	0.708065
0.124301	0.174644
0.100131	0.161711
0.118970	0.277200
0.198197	0.571800
0.230054	2.336196
0.330110	1.445884
0.076215	0.149381
0.203636	1.393886
0.077538	0.159727
0.142195	0.364731
0.167068	0.313252
0.242050	0.469577
0.368391	3.543925
0.242403	0.237555
0.198766	0.214668
0.405894	0.570281
0.275658	0.516858
0.419137	2.206758
0.159937	0.240705
0.227831	0.399843
0.131686	0.156707
0.268822	0.810497
0.307278	1.401187
0.356772	1.004312
0.140370	0.287056
0.112805	0.163003
0.086658	0.206679
0.100488	0.213536
0.103712	0.237500
0.204826	0.453689
0.190014	1.033678
0.190789	1.073191
0.084507	0.189719
0.111899	0.264641
0.182954	0.520503
0.069658	0.148023
0.119065	0.220866
0.136990	0.204114
0.129985	0.581683
0.181917	1.620876
0.250721	2.682713
0.154518	0.601849
0.136571	0.390593
0.187502	1.785957
0.121053	0.171290
0.123869	0.494856
0.160819	0.484064
0.223468	0.897224
0.296885	1.315201
0.143997	0.349194
0.129845	0.610919
0.067891	0.145626
0.242390	0.579312
0.158975	0.225744
0.068092	0.119502
0.176096	0.249176
0.264315	0.989859
0.245342	1.603313
0.160207	0.801834
0.106719	0.191026
0.183818	0.472411
0.081435	0.162869
0.183089	0.554761
0.099153	0.154679
0.102649	0.159105
0.094811	0.109981
0.338720	1.327783
0.109490	0.273724
0.234195	1.257628
0.238708	0.461900
0.234233	1.259005
0.140830	0.283068
0.277114	2.011847
0.383447	1.430257
0.312295	0.941569
0.243135	0.651601
0.211611	1.000921
0.296004	2.159350
0.117543	0.293857
0.106993	0.179214
0.160676	0.347060
0.165864	0.302701
0.322794	3.093983
0.086074	0.163541
0.107198	0.250843
0.093806	0.244833
0.210147	0.465475
0.180970	1.477621
0.268919	1.546285
0.126276	0.213406
0.135667	0.097002
0.214095	0.188404
0.234709	0.364973
0.137521	0.144397
0.221973	0.145393
0.326721	0.932790
0.227609	0.493912
0.422482	0.395021
0.231142	0.197627
0.139346	0.230618
0.211667	0.559860
0.149414	0.661905
0.126338	0.295632
0.199783	0.973942
0.072912	0.113379
0.182071	0.217575
0.096383	0.164333
0.166713	0.454294
0.061834	0.139435
0.142039	0.642728
0.181000	0.455214
0.166325	0.923103
0.075273	0.161085
0.078677	0.209675
0.167538	0.658425
0.072795	0.315567
0.212967	0.774136
0.153685	0.235907
0.045534	0.136376
0.106553	0.319659
0.231200	0.869312
0.222533	0.637558
0.085880	0.304016
0.132970	0.779871
0.170707	0.669173
0.096178	0.331332
0.138337	0.139720
0.118237	0.168488
0.200939	0.304422
0.159566	0.292804
0.077628	0.102469
0.114578	0.126035
0.059692	0.091030
0.237877	0.586366
0.231456	0.951284
0.095913	0.377897
0.137541	0.596928
0.083893	0.174917
0.179349	1.209706
0.216582	0.651910
0.086003	0.150935
0.091178	0.191018
0.216780	1.894656
0.143093	0.245405
0.107771	0.278050
0.143643	0.242757
0.113947	0.527003
0.100870	0.563361
0.032123	0.175233
0.049540	0.095859
0.097840	0.177091
0.116135	0.581254
0.065675	0.159590
0.199217	0.907433
0.108025	0.211188
0.103982	0.289069
0.098268	0.396020
0.106610	0.343817
0.148777	0.130924
0.208757	0.906005
0.159160	0.681206
0.120224	0.328813
0.119032	0.301150
0.102914	0.204799
0.066481	0.088088
0.172655	0.515375
0.167700	0.832632
0.122541	0.368236
0.218701	1.826152
0.041842	0.087660
0.149439	0.315317
0.130883	0.388067
0.165068	0.193955
0.289357	1.568312
0.146448	0.404929
0.155368	0.299860
0.129449	0.227183
0.046969	0.087598
0.232805	1.576087
0.114962	0.316720
0.139462	0.449764
0.062562	0.113550
0.208708	1.877330
0.295954	0.896741
0.218856	1.141332
0.361168	1.410360
0.313719	1.108997
0.101611	0.139208
0.110830	1.142106
0.185086	0.259121
0.060881	0.140330
0.144076	0.210351
0.166807	0.778154
0.138216	0.456804
0.175023	0.495315
0.247099	0.543617
0.105722	0.210387
0.127861	0.691089
0.133343	0.356693
0.114967	0.312710
0.114041	0.253742
0.209668	0.978102
0.254266	0.583540
0.076320	0.116388
0.345200	2.292125
0.093991	0.134407
0.226403	0.335077
0.116779	0.182759
0.148270	0.416640
0.241116	0.821001
0.307228	2.510051
0.074138	0.103793
0.086169	0.149504
0.183550	3.011140
0.082666	0.131026
0.158314	0.263593
0.053102	0.146296
0.176048	0.323049
0.158335	0.216127
0.255020	0.326425
0.197667	0.611780
0.278471	0.405175
0.223317	0.260165
0.378141	0.760064
0.312599	0.257894
0.226587	1.401440
0.125893	0.357537
0.252079	0.641542
0.090906	0.123632
0.130418	0.187150
0.331948	0.985886
0.275415	0.432402
0.170273	0.203476
0.307377	2.618850
0.260468	0.714983
0.203026	0.276116
0.126610	0.208906
0.134571	0.183689
0.215527	0.486014
0.399583	1.104848
0.359612	0.908020
0.332461	0.792920
0.240542	0.441394
0.500072	1.960283
0.377509	1.687465
0.281408	0.295479
0.196100	1.247196
0.232660	0.325724
0.190865	0.339739
0.072604	0.094748
0.151825	0.242160
0.211478	0.757092
0.234575	2.117041
0.065073	0.109973
0.072787	0.105905
0.127552	0.225130
0.169927	0.354298
0.137180	0.183135
0.266495	0.660906
0.273626	0.838662
0.158065	0.133565
0.327297	2.122522
0.106091	0.247191
0.230115	1.110307
0.065689	0.095578
0.195569	0.247395
0.061520	0.106737
0.268761	1.909548
0.142092	0.250793
0.081550	0.129665
0.177677	0.594330
0.133345	0.170681
0.126346	0.231845
0.090391	0.179879
0.103753	0.238113
0.193161	0.652885
0.077220	0.219690
0.122672	0.138006
0.108541	0.183977
0.356202	0.876258
0.290272	0.701006
0.188799	0.389870
0.179805	0.734502
0.198459	1.044884
0.087354	0.195237
0.124663	0.218784
0.310030	1.407536
0.060811	0.117366
0.133848	0.277735
0.220744	0.735078
0.111281	0.254833
0.193687	1.299639
0.080790	0.172891
0.078246	0.201874
0.060334	0.155965
0.070022	0.170504
0.178219	0.984659
0.125103	0.644907
0.130141	0.257679
0.167663	0.720112
0.115532	0.352951
0.083501	0.266785
0.132976	0.870991
0.149613	0.849052
0.112446	0.141120
0.103264	0.286042
0.174047	0.767549
0.095987	0.146380
0.233171	1.048106
0.055079	0.103548
0.100288	0.135389
0.052919	0.108749
0.085789	0.097800
0.202449	0.321893
0.153232	0.184645
0.090123	0.256401
0.163406	0.554762
0.135121	0.291861
0.290842	1.710153
0.136007	0.276093
0.234701	0.509302
0.158643	0.213375
0.120144	0.276933
0.124674	0.382126
0.140494	0.264831
0.109737	0.198624
0.146617	0.763877
0.151824	0.456230
0.260700	2.154687
0.203670	0.539724
0.237283	1.133027
0.119600	0.489164
0.194996	0.253494
0.114960	0.240840
0.323698	1.489012
0.229433	1.453456
0.097531	0.519351
0.275820	1.028808
0.059951	0.102517
0.196424	1.170685
0.032874	0.080213
0.131014	0.189316
0.279627	0.610984
0.163533	0.544566
0.230406	0.499980
0.082133	0.094454
0.054174	0.097513
0.332955	1.278549
0.247952	1.921628
0.149882	0.374706
0.152293	0.473631
0.178746	1.129676
0.210909	1.329782
0.101095	0.257287
0.115934	0.250417
0.055968	0.093747
0.192475	0.958527
0.252042	1.628194
0.094040	0.251558
0.059069	0.098055
0.566235	3.584266
0.270482	0.471992
0.408102	2.407803
0.349410	1.093654
0.168229	0.344870
0.228853	0.441687
0.200885	0.888916
0.084493	0.105193
0.427227	0.672882
0.121419	0.145096
0.304038	0.620237
0.138229	0.246047
0.295979	0.714790
0.216462	0.614753
0.200574	0.354013
0.193407	0.314287
0.262078	0.428498
0.245351	0.810883
0.089676	0.195495
0.152605	0.228145
0.101480	0.179619
0.347157	0.871365
0.146529	0.226388
0.133975	0.354363
0.165919	0.160942
0.142949	0.220141
0.134965	0.277352
0.142749	0.174154
0.365168	1.462498
0.145374	0.468105
0.086512	0.171294
0.060882	0.132113
0.174625	0.227886
0.178211	1.549542
0.378011	2.358792
0.163784	0.916371
0.101146	0.193694
0.100109	0.242765
0.151226	0.613977
0.364335	2.852746
0.212497	0.687428
0.095326	0.120588
0.066479	0.186474
0.173968	1.085559
0.179813	0.586190
0.100817	0.346809
0.223197	0.761102
0.181342	0.481463
0.137567	0.329473
0.054863	0.104240
0.265845	2.049665
0.137525	0.226917
0.116346	0.216984
0.313273	3.273708
0.142100	0.282780
0.208374	0.599077
0.305748	1.586834
0.119538	0.178111
0.255305	0.668898
0.207480	0.430521
0.170694	0.235557
0.188478	0.322298
0.186961	0.286985
0.340340	2.481076
0.088404	0.195814
0.081303	0.205696
0.154517	0.189284
0.127886	0.290942
0.057774	0.101682
0.149004	0.544608
0.147906	0.238129
0.073893	0.186949
0.075541	0.297253
0.127921	1.904743
0.088736	0.090955
0.142023	0.229367
0.132394	0.488533
0.101325	0.174785
0.082115	0.125225
0.188715	0.758632
0.167254	0.283496
0.213551	1.614448
0.113910	0.173712
0.167319	0.533749
0.080245	0.116756
0.154437	0.406942
0.122840	0.420728
0.184061	0.542060
0.211563	0.446398
0.191705	0.863633
0.246269	0.555336
0.122215	0.216321
0.261741	0.372982
0.059721	0.123921
0.083639	0.261789
0.049714	0.172756
0.071001	0.315597
0.143532	1.049939
0.066185	0.197893
0.088584	0.341049
0.217048	0.726024
0.144938	0.408002
0.175768	1.303321
0.079405	0.251715
0.046861	0.152297
0.221349	0.486967
0.174405	0.497053
0.317088	0.743571
0.123272	0.270582
0.358177	2.118615
0.126401	0.151049
0.166103	0.371241
0.208412	0.754451
0.207564	0.365312
0.173702	0.319612
0.331112	0.715202
0.294925	0.731414
0.128121	0.153745
0.221569	1.081255
0.305856	0.602535
0.183902	0.346656
0.351992	1.187973
0.203936	0.534313
0.101362	0.232120
0.209105	0.397300
0.141164	0.583713
0.313228	1.013293
0.111244	0.151848
0.100365	0.206751
0.138604	0.196125
0.393406	4.166173
0.260079	1.149550
0.270014	0.800592
0.468339	3.723293
0.416510	1.405722
0.177051	0.517873
0.243217	1.816832
0.071962	0.110102
0.184672	0.364728
0.067045	0.106267
0.249801	0.600772
0.287991	1.473073
0.348002	0.910025
0.098913	0.211180
0.123662	0.320285
0.180888	0.588791
0.321311	2.351993
0.274295	1.390677
0.085316	0.162101
0.093830	0.155288
0.072720	0.143623
0.217799	0.620729
0.155994	0.393884
0.208324	0.514560
0.206536	0.424432
0.087554	0.172919
0.226450	0.672556
0.273260	1.676451
0.178152	0.322455
0.125864	0.244176
0.074934	0.090295
0.257735	0.719080
0.158505	0.508007
0.089974	0.131362
0.066371	0.096570
0.135878	0.194306
0.100509	0.401532
0.122321	0.186539
0.057861	0.139157
0.105354	0.373478
0.066151	0.085665
0.114990	0.719836
0.241678	2.982310
0.081084	0.392851
0.136353	0.277478
0.115935	0.484029
0.246758	1.595291
0.193977	1.175499
0.083700	0.158192
0.189584	0.494815
0.213991	0.352014
0.173374	0.423899
0.071823	0.421600
0.081437	0.194226
0.202394	1.205255
0.110685	0.208088
0.115445	0.506805
0.052007	0.165641
0.107886	0.421836
0.217902	0.275646
0.101866	0.160948
0.140478	0.212121
0.066267	0.169312
0.067188	0.134376
0.059757	0.122501
0.154627	0.291473
0.049241	0.101683
0.168781	0.380602
0.094081	0.205566
0.124672	0.261188
0.094332	0.217907
0.096610	0.171482
0.167027	0.497739
0.069494	0.207091
0.125136	0.246517
0.159849	0.418804
0.108503	0.322798
0.142467	0.481538
0.077814	0.235386
0.204171	0.733996
0.092863	0.226586
0.109568	0.293095
0.160769	0.540185
0.115998	0.338133
0.054215	0.151259
0.092440	0.256058
0.100146	0.168246
0.138370	0.621971
0.133755	0.601227
0.145937	0.652337
0.175452	0.886032
0.142274	0.227638
0.089412	0.147530
0.119447	0.172601
0.353922	3.618856
0.106453	0.259746
0.200486	0.499209
0.182292	0.672659
0.046692	0.144043
0.145798	0.880621
0.080858	0.123713
0.201127	1.001612
0.254655	1.526659
0.107150	0.172512
0.274145	0.670284
0.212233	0.940191
0.114429	0.635080
0.313535	0.664694
0.126813	0.140763
0.122969	0.507248
0.090597	0.221962
0.244322	0.701205
0.125650	0.750130
0.136325	0.256973
0.244116	1.855285
0.075288	0.099757
0.112313	0.211711
0.261844	1.547498
0.386860	1.162515
0.382240	2.092762
0.222075	0.715083
0.201978	0.749338
0.205579	0.640379
0.256302	0.826575
0.112055	0.221308
0.127777	0.341802
0.156774	0.282977
0.182926	1.522862
0.192544	0.246456
0.234538	0.306072
0.212571	0.285908
0.279671	1.087922
0.314728	1.026013
0.308571	0.351771
0.122394	0.115050
0.181229	0.184853
0.390629	1.132824
0.227159	0.165826
0.258229	0.621042
0.162637	0.370812
0.107707	0.157252
0.130062	0.223707
0.144883	0.388287
0.379288	2.002639
0.172085	0.399237
0.267115	0.607686
0.175143	0.310004
0.160317	0.371936
0.343228	2.853943
0.143320	0.217131
0.320641	1.513425
0.188725	0.603921
0.032511	0.099971
0.251167	0.514892
0.169625	0.366391
0.118941	0.206957
0.158901	0.314624
0.287415	1.212890
0.104563	0.121816
0.158868	0.168400
0.140157	0.219345
0.103457	0.126217
0.297355	0.518885
0.127081	0.252891
0.094010	0.274978
0.248174	0.509997
0.272075	0.446204
0.163655	0.206205
0.336737	0.350207
0.249931	0.406138
0.410302	0.767265
0.436935	0.727497
0.355924	0.658460
0.403837	1.237761
0.164955	0.189699
0.221605	0.464261
0.304881	0.782019
0.276815	1.006224
0.201263	0.312964
0.281676	1.152057
0.379538	1.529537
0.258657	0.531539
0.224235	0.213023
0.215040	0.861234
0.131427	0.355510
0.288391	0.622926
0.297597	2.397143
0.058169	0.114302
0.335921	1.207637
0.184936	0.313466
0.104343	0.224337
0.126793	0.144544
0.210974	0.906135
0.135236	0.133207
0.236625	0.655451
0.063199	0.087214
0.221588	0.395534
0.125418	0.227006
0.398585	2.000897
0.156839	0.299563
0.259352	0.714515
0.238058	0.679657
0.114215	0.206159
0.155540	0.186648
0.181103	0.364017
0.545454	2.999995
0.224576	0.504172
0.235813	0.457476
0.114734	0.148580
0.208455	0.343951
0.102700	0.117592
0.242189	0.422620
0.218365	0.396333
0.305972	0.449778
0.228021	0.269065
0.359593	1.799763
0.240894	0.428792
0.100838	0.148232
0.090200	0.157850
0.227985	0.886862
0.230504	0.584328
0.331127	0.730135
0.217520	0.380659
0.178385	0.237252
0.241217	0.634402
0.269032	0.996763
0.261733	0.991966
0.282674	2.315101
0.116646	0.236792
0.303674	0.684785
0.129443	0.262770
0.393643	2.556713
0.162363	0.232179
0.254978	1.352657
0.513463	3.091047
0.308737	0.461562
0.220564	0.202919
0.467145	3.830588
0.220572	0.283435
0.184117	0.854302
0.157892	0.206838
0.190028	0.412362
0.164393	0.289332
0.148727	0.407513
0.127999	0.304638
0.177218	0.395197
0.101391	0.179968
0.137563	0.442953
0.166127	0.688597
0.179039	0.596199
0.113669	0.306339
0.204717	1.465776
0.179802	1.357503
0.205984	0.472734
0.128074	0.425206
0.166333	0.349300
0.294868	0.654607
0.587775	2.786053
0.457273	1.913686
0.384289	0.639840
0.478487	2.358939
0.370579	1.141382
0.179708	0.227331
0.197019	0.462995
0.367879	1.857789
0.255380	0.764864
0.314726	0.626304
0.235990	1.156353
0.188359	0.735542
0.131098	0.329711
0.317319	1.491400
0.111955	0.239024
0.071296	0.138670
0.141053	0.935888
0.054581	0.137816
0.090080	0.221596
0.111779	0.256533
0.103772	0.311316
0.235076	1.384597
0.111746	0.334680
0.056757	0.168851
0.064082	0.153156
0.100604	0.426561
0.202242	1.705912
0.102523	0.398816
0.089595	0.486503
0.155956	0.895187
0.087082	0.121479
0.185717	1.533097
0.265555	0.632020
0.306686	2.054796
0.234429	0.579041
0.289836	1.383968
0.120033	0.235865
0.087439	0.182310
0.352235	0.998587
0.156896	0.222792
0.221062	0.651027
0.371430	1.691864
0.075557	0.108424
0.205230	0.257563
0.125293	0.192325
0.189113	0.576795
0.196329	1.632476
0.142149	0.326232
0.131402	0.433628
0.077482	0.117772
0.137870	0.728641
0.142603	0.400715
0.084102	0.109333
0.159164	1.317079
0.077274	0.428483
0.069583	0.104722
0.388511	1.260720
0.267854	0.452674
0.319242	1.864374
0.368664	0.457143
0.177703	0.140385
0.368934	1.318941
0.294018	0.751215
0.304658	0.849995
0.430754	0.534134
0.324477	0.399107
0.291352	0.694875
0.221503	0.190493
0.699484	1.426948
0.580115	1.032604
0.341153	0.199575
0.588840	1.327834
0.349261	0.345768
0.252012	0.456141
0.205942	0.136952
0.303892	0.347956
0.235159	0.175194
0.152229	0.285429
0.240629	0.754371
0.145977	0.148897
0.288099	0.685676
0.400501	0.246308
0.641291	2.622882
0.443124	0.821994
0.541601	1.364833
0.397030	0.678922
0.334620	0.344659
0.451050	1.244899
0.482868	1.431702
0.107969	0.190565
0.112870	0.198650
0.212031	0.447385
0.108702	0.210338
0.175514	0.280823
0.110948	0.163094
0.140467	0.370131
0.109235	0.377953
0.303456	3.149877
0.150579	0.514980
0.126392	0.329251
0.117850	0.418368
0.301378	1.974024
0.063276	0.165466
0.118737	0.223820
0.221450	0.669887
0.112298	0.139811
0.154700	0.597914
0.189315	0.512097
0.317489	2.041457
0.282442	1.374080
0.125426	0.188766
0.060899	0.155901
0.290650	2.601314
0.184656	0.338844
0.113537	0.299739
0.103266	0.216858
0.126472	0.235870
0.095010	0.210447
0.126093	0.312711
0.054939	0.110977
0.168912	0.433258
0.102726	0.220860
0.377904	2.019899
0.247846	0.562610
0.226158	0.591404
0.077219	0.119304
0.219323	0.268671
0.244702	1.315272
0.168078	0.281531
0.058413	0.111277
0.306731	1.010677
0.170536	0.629276
0.260806	0.975416
0.213094	0.554045
0.205472	0.511624
0.240538	1.078815
0.096204	0.247727
0.174537	0.390091
0.149970	0.621624
0.150231	0.269664
0.051023	0.128323
0.102342	0.145326
0.235116	0.747668
0.120951	0.217711
0.141028	0.222120
0.106386	0.356926
0.111418	0.483556
0.207738	0.595170
0.223845	1.244580
0.157988	0.384700
0.336884	0.813574
0.118684	0.300864
0.163270	0.392664
0.217404	0.327192
0.091923	0.140643
0.387761	2.479730
0.168998	0.959062
0.147067	0.241926
0.145382	0.247876
0.202976	0.470905
0.149211	0.308122
0.040302	0.118488
0.359331	1.261252
0.077190	0.101891
0.209985	0.341226
0.221277	0.684852
0.110402	0.229084
0.142248	0.317212
0.212513	0.330457
0.311330	0.684927
0.141703	0.262150
0.269275	1.152495
0.366509	0.991406
0.178702	0.654943
0.110346	0.103174
0.258129	0.331696
0.193863	0.488535
0.220537	0.356166
0.341770	1.484991
0.145373	0.196981
0.102189	0.103211
0.112247	0.133574
0.149719	0.214098
0.127248	0.253224
0.115135	0.303380
0.183722	0.765201
0.142023	0.166167
0.174948	0.319280
0.136883	0.357949
0.154354	0.466920
0.053050	0.133421
0.117328	0.135513
0.087921	0.128805
0.178624	0.312591
0.240097	0.488597
0.106364	0.158482
0.147476	0.349518
0.150294	0.147288
0.181808	0.268167
0.067179	0.100768
0.147468	0.188022
0.062332	0.087265
0.208719	1.179265
0.093339	0.204412
0.103472	0.156760
0.266272	0.371449
0.089876	0.163125
0.206209	0.987743
0.159525	0.206585
0.107048	0.264944
0.299965	1.430832
0.178311	0.464499
0.173005	0.371096
0.105190	1.767186
0.182091	2.039416
0.151349	0.471452
0.114413	0.362689
0.046483	0.089248
0.088144	0.174526
0.080906	0.679209
0.162376	0.513109
0.175674	0.433036
0.084994	0.206961
0.092014	0.258559
0.159988	0.479964
0.105407	0.335193
0.067302	0.161189
0.274307	0.998477
0.171050	0.442164
0.134621	0.413959
0.230424	0.547257
0.131050	1.053640
0.081129	0.103845
0.130729	1.047795
0.101103	0.347290
0.281590	1.888058
0.101909	0.156431
0.163517	0.469295
0.146305	0.449887
0.113036	0.275808
0.158816	0.362895
0.148681	0.484699
0.322965	1.335460
0.218831	0.393895
0.440225	1.950198
0.216780	0.293737
0.222751	0.559106
0.221201	0.461204
0.141378	0.279222
0.229020	0.677901
0.315375	0.796322
0.149881	0.284775
0.090788	0.138906
0.091675	0.134762
0.115731	0.282383
0.240102	0.782733
0.223850	0.655879
0.135362	0.353972
0.160625	0.305990
0.156165	0.384165
0.323115	2.079247
0.199426	0.760809
0.179362	0.354241
0.160405	0.342464
0.188391	0.273167
0.136216	0.183891
0.289532	0.981515
0.169583	0.253527
0.276727	1.432061
0.130462	0.621650
0.070938	0.096121
0.156846	0.381919
0.213659	0.635637
0.261958	0.500339
0.104269	0.383189
0.102405	0.142855
0.196405	1.117547
0.220578	0.677176
0.132785	0.165317
0.187273	0.381102
0.252588	1.511737
0.126076	0.467742
0.120341	0.379675
0.112141	0.206900
0.125930	0.321122
0.084748	0.130936
0.084245	0.178600
0.077104	0.142257
0.185499	0.907091
0.125177	0.255988
0.191301	0.531816
0.136418	0.296028
0.121587	0.382391
0.166056	0.691623
0.150979	0.440103
0.238546	0.522417
0.169930	0.200517
0.169047	0.387117
0.137411	0.251463
0.174170	0.154141
0.349824	0.557970
0.126954	0.148536
0.120672	0.132136
0.162929	0.316898
0.229851	0.505672
0.144204	0.332391
0.142843	0.175697
0.173026	0.269055
0.147120	0.312631
0.236624	0.398711
0.306295	2.494775
0.249052	1.211636
0.128326	0.345840
0.149093	0.386150
0.071244	0.133939
0.118141	0.229785
0.089725	0.194703
0.214880	1.280688
0.131976	0.883582
0.077175	0.202971
0.133361	0.355407
0.081489	0.112047
0.273581	0.800225
0.267679	0.983719
0.092223	0.162773
0.102950	0.125084
0.111015	0.126002
0.100707	0.190336
0.201268	0.360270
0.295669	2.341702
0.116560	0.213888
0.244567	0.672560
0.152597	0.338766
0.231246	0.664833
0.101592	0.157976
0.242488	1.093619
0.186765	0.241861
0.190058	0.601534
0.351779	0.330672
0.098300	0.288018
0.224326	1.098075
0.145146	0.278680
0.164571	0.554603
0.281293	0.434597
0.273487	0.484071
0.105629	0.120417
0.258823	0.703997
0.159379	1.200921
0.097169	0.102028
0.271244	2.172668
0.183898	0.213321
0.142259	0.299455
0.094358	0.148142
0.132363	0.735936
0.145171	0.430431
0.135193	0.171695
0.227999	0.546057
0.136790	0.200397
0.093254	0.096517
0.195994	0.462546
0.097044	0.133436
0.155439	0.487300
0.121515	0.161615
0.263896	1.923802
0.248362	0.512867
0.244666	0.557839
0.250273	1.240105
0.149057	0.447171
0.112122	0.236017
0.171660	0.160502
0.157414	0.556459
0.137761	0.349914
0.062490	0.182783
0.255509	0.756306
0.066355	0.106831
0.157144	0.314289
0.060977	0.110368
0.073773	0.088896
0.140968	0.197356
0.237719	0.952065
0.279254	2.415544
0.149390	0.144908
0.289096	1.206975
0.245885	2.259680
0.186907	0.307462
0.095126	0.133177
0.247728	0.879434
0.184949	0.859088
0.192725	0.504939
0.056159	0.100805
0.071910	0.131954
0.140431	1.086232
0.101759	0.150604
0.104787	0.671683
0.182610	0.843656
0.206030	0.816909
0.081285	0.217031
0.200193	1.343297
0.104876	0.262190
0.068350	0.231365
0.228266	1.040891
0.103274	0.421358
0.087966	0.155260
0.050622	0.082767
0.133498	0.525983
0.137217	0.539264
0.075496	0.191381
0.180392	1.955446
0.061962	0.138175
0.097515	0.236473
0.096013	0.133458
0.107763	0.267253
0.242983	0.643904
0.366674	2.748220
0.069385	0.116913
0.132208	0.247890
0.095582	0.414827
0.082003	0.179587
0.176914	0.462631
0.099932	0.279309
0.091814	0.192350
0.141703	0.457700
0.222871	0.517061
0.198720	0.453082
0.191220	1.254405
0.095945	0.176539
0.127118	0.296184
0.131286	0.318369
0.130685	0.364611
0.205583	1.187240
0.038176	0.161866
0.275571	1.911083
0.150075	0.547775
0.068043	0.188819
0.183613	0.409456
0.205553	0.315525
0.186185	0.513872
0.228196	1.021177
0.106006	0.289396
0.119169	0.317586
0.215201	1.339629
0.058277	0.097905
0.097245	0.189142
0.077799	0.102695
0.209735	0.259022
0.074494	0.171337
0.130237	0.180378
0.189828	0.608398
0.151213	0.235136
0.347417	2.774126
0.196660	0.804340
0.149664	0.276878
0.244002	1.322492
0.190103	0.574112
0.194502	0.481392
0.179604	0.218219
0.197034	0.503423
0.265738	1.444288
0.114796	0.186544
0.153998	0.381916
0.135774	0.181258
0.263964	1.639216
0.141815	0.199960
0.172681	0.483506
0.203969	0.250881
0.255712	1.848797
0.184399	0.855612
0.094202	0.118695
0.110650	0.361271
0.139143	0.256023
0.162679	0.235071
0.183568	0.824218
0.194258	0.859590
0.129839	0.459630
0.083905	0.095652
0.190832	0.547687
0.113277	0.253175
0.160043	0.371300
0.162078	0.405195
0.093907	0.161521
0.201609	1.292316
0.150947	0.538882
0.126746	0.384041
0.116613	0.302612
0.097864	0.159029
0.203382	0.460660
0.158917	0.223279
0.260322	0.774459
0.161353	0.959244
0.195936	0.347786
0.169932	0.456268
0.207729	0.446617
0.141849	0.204972
0.244333	0.753768
0.194243	1.109128
0.125493	0.187612
0.162086	0.461945
0.193912	1.864462
0.119123	0.166176
0.069053	0.135343
0.143675	0.415938
0.186746	0.419244
0.108269	0.228447
0.108145	0.411493
0.184292	0.733483
0.137113	0.557366
0.240452	2.576447
0.229660	0.554628
0.144911	0.531824
0.217920	0.337776
0.063331	0.119695
0.107389	0.468216
0.077504	0.144546
0.138707	0.424444
0.088070	0.180104
0.128916	0.189507
0.088032	0.184427
0.051249	0.106853
0.144541	0.419892
0.070017	0.120429
0.085551	0.131321
0.142047	0.209520
0.121329	0.232952
0.241168	0.891117
0.197854	0.613348
0.166251	0.454697
0.084010	0.183563
0.099910	0.347688
0.130128	0.327272
0.109821	0.140022
0.183314	0.448202
0.113861	0.352969
0.341589	1.074299
0.059727	0.154992
0.153271	0.200785
0.185237	1.404096
0.235208	0.388094
0.174686	0.554627
0.127326	0.231734
0.117754	0.197238
0.193600	0.341703
0.281048	1.278766
0.245171	0.639896
0.173968	0.416653
0.251737	0.271876
0.237328	0.524494
0.228005	1.471775
0.069388	0.223777
0.060604	0.129693
0.099533	0.396142
0.136723	0.281650
0.120096	0.175341
0.123248	0.122016
0.102123	0.165439
0.200614	0.516581
0.168388	0.820892
0.219876	1.062001
0.228409	2.517072
0.118895	0.312100
0.140190	0.449308
0.163448	1.338641
0.191353	0.778806
0.118624	0.279359
0.094540	0.251949
0.190866	1.115614
0.107191	0.313532
0.067418	0.120004
0.107585	0.118881
0.106262	0.373511
0.154567	0.204801
0.152930	0.717244
0.106967	0.171681
0.090247	0.207117
0.126658	0.202019
0.171513	0.463942
0.389317	2.505252
0.175423	0.215770
0.174844	0.256146
0.367295	2.113782
0.132807	0.271590
0.221110	0.383626
0.209549	0.542732
0.103306	0.240702
0.172686	0.320332
0.232934	0.723260
0.110675	0.246806
0.110021	0.188137
0.296644	1.882209
0.148399	0.379902
0.233655	0.619187
0.078802	0.097714
0.078782	0.253283
0.213656	0.561914
0.223266	0.517977
0.210162	0.313141
0.167641	0.172670
0.129627	0.386289
0.164739	0.294882
0.103467	0.121574
0.181239	1.109181
0.211665	0.785278
0.165465	0.747074
0.068930	0.188870
0.141612	0.236492
0.135774	0.306171
0.272782	2.105877
0.337580	1.851625
0.250722	0.849947
0.253354	1.165427
0.189777	0.334956
0.088870	0.222175
0.178083	0.320550
0.339583	0.928759
0.082686	0.144287
0.130800	0.187044
0.119845	0.225907
0.207910	0.466757
0.467705	2.046210
0.105648	0.182771
0.120154	0.222885
0.220583	0.677189
0.245712	0.379625
0.318434	2.009320
0.090735	0.175573
0.199876	0.519677
0.088153	0.188647
0.223165	0.648294
0.155645	0.416351
0.158006	0.240959
0.119667	0.230958
0.217204	0.633150
0.101389	0.142452
0.206777	0.622400
0.251551	0.881685
0.098440	0.253483
0.066096	0.096831
0.223608	0.224726
0.154539	0.329941
0.242629	0.528930
0.244241	0.521455
0.165663	0.425755
0.187822	0.308968
0.178556	0.460675
0.112575	0.177868
0.233176	0.543300
0.105265	0.208424
0.096968	0.176482
0.313394	0.985623
0.229748	0.738641
0.108677	0.125522
0.193132	0.953107
0.129601	0.235226
0.354455	0.416485
0.137403	0.263813
0.188859	0.319172
0.257060	0.338034
0.307055	0.380748
0.371269	0.889189
0.079339	0.076959
0.080744	0.115464
0.161444	0.869376
0.202242	1.546141
0.146566	0.626568
0.236199	1.635677
0.189019	0.206031
0.171551	0.320800
0.293093	1.198750
0.196789	1.418846
0.276128	0.397624
0.191750	0.165864
0.067884	0.075012
0.221592	0.430996
0.438019	1.664473
0.111236	0.149612
0.343638	1.042941
0.323432	0.713168
0.094206	0.122939
0.401301	1.113612
0.106134	0.168753
0.182743	0.780314
0.144323	0.172465
0.134844	0.358010
0.166596	1.151179
0.279481	3.014199
0.241557	0.307985
0.160874	0.270269
0.147887	0.153802
0.147055	0.613955
0.073010	0.101119
0.072636	0.101690
0.098785	0.141757
0.130855	0.282648
0.119576	0.314485
0.067932	0.133486
0.070430	0.228193
0.070233	0.167155
0.100704	0.174219
0.155359	0.223716
0.069602	0.173310
0.081447	0.108325
0.180152	0.890853
0.139374	0.296866
0.231131	0.844784
0.204539	0.392714
0.088878	0.177756
0.115042	0.196721
0.174716	1.561087
0.079227	0.270164
0.252093	1.977670
0.269366	1.866706
0.081847	0.193568
0.165307	0.498400
0.064864	0.174160
0.123548	0.235976
0.092790	0.127586
0.178771	0.424581
0.210200	0.348932
0.340160	1.483098
0.269971	1.185173
0.236090	1.356334
0.210398	0.436577
0.061010	0.147950
0.156435	0.218227
0.149820	0.326609
0.153213	0.355455
0.098760	0.149128
0.213055	0.381369
0.386240	1.921543
