Velocity(m/s)	Chord(mm)
0.343859	0.979997
0.104452	0.698783
0.144235	0.620930
0.228475	0.723122
0.171561	0.804620
0.230291	0.780687
0.122464	0.243703
0.133170	1.106645
0.162561	0.881891
0.163644	1.028504
0.147687	0.460783
0.075843	0.135379
0.077045	0.182211
0.128690	0.330734
0.171016	1.558809
0.048378	0.164728
0.149844	0.498980
0.098436	0.174725
0.169499	2.833175
0.046361	0.106398
0.074967	0.961453
0.036412	0.308770
0.093203	0.135144
0.098943	0.200854
0.136970	0.503365
0.164266	0.328533
0.261764	0.738174
0.233590	1.178462
0.317972	0.949145
0.201054	0.348828
0.286401	0.723163
0.073314	0.079180
0.162857	0.306172
0.094961	0.145764
0.191848	0.387533
0.197353	0.535813
0.131416	0.253634
0.111060	0.197686
0.155138	0.269941
0.322967	1.991091
0.206035	0.736577
0.115445	0.382122
0.170548	0.567072
0.201354	1.945079
0.231322	1.246827
0.234837	0.243056
0.138584	0.458712
0.194126	0.798829
0.304410	3.021269
0.143213	0.217683
0.095761	0.228389
0.137522	0.386437
0.156483	0.492921
0.092816	0.213476
0.198932	2.263842
0.198302	0.347029
0.247779	1.171994
0.111566	0.136111
0.211880	0.462958
0.331556	0.840494
0.487087	4.978029
0.439377	0.423999
0.367475	0.446482
0.525618	0.801568
0.513161	1.103296
0.258769	0.163024
0.076773	0.076390
0.303787	0.604537
0.271521	3.198513
0.075562	0.504752
0.139945	0.336567
0.139756	0.161418
0.102109	0.232297
0.137548	0.224890
0.323859	2.059741
0.313219	0.532472
0.278334	2.610776
0.206439	1.151928
0.108505	0.251730
0.093733	0.169188
0.147934	0.596173
0.088695	0.169408
0.187457	0.341171
0.157222	0.282214
0.178596	0.511678
0.223642	0.744729
0.107785	0.184852
0.127931	0.351810
0.106914	0.212760
0.114191	0.278627
0.171402	0.546774
0.169180	0.443252
0.120695	0.209406
0.139708	0.416329
0.196787	0.371927
0.255666	2.463342
0.091075	0.198999
0.064270	0.151999
0.212762	2.299958
0.154718	0.538419
0.135645	0.296384
0.062248	0.151885
0.185397	0.481105
0.079505	0.110909
0.177613	0.472451
0.210183	0.705164
0.159644	0.445408
0.101558	0.138626
0.133464	0.315644
0.130972	0.749160
0.134326	0.789838
0.125852	0.286943
0.068026	0.140134
0.096625	0.157982
0.119813	0.236032
0.106674	0.149343
0.145421	0.194137
0.081611	0.229326
0.075948	0.149998
0.064590	0.088811
0.142559	0.327172
0.119490	0.281398
0.117388	0.147321
0.120182	0.314275
0.138081	0.315516
0.152794	0.293365
0.103821	0.204527
0.107402	0.208361
0.296081	1.031843
0.076787	0.147431
0.072431	0.132548
0.229025	0.818764
0.214186	1.075214
0.232881	0.374939
0.196203	0.339431
0.083687	0.115070
0.126310	0.343563
0.147440	0.339112
0.172921	1.207856
0.157813	0.509737
0.123862	0.374683
0.170739	0.636002
0.179351	1.006161
0.209316	1.096818
0.119930	0.185892
0.273316	3.186866
0.192008	0.666269
0.075573	0.115249
0.134560	0.309488
0.090205	0.138465
0.095203	0.134712
0.235450	0.681629
0.228493	1.216723
0.157701	0.920973
0.050424	0.120262
0.115738	0.192126
0.073629	0.130323
0.176844	1.601323
0.187440	0.399247
0.152304	0.510218
0.134856	0.382992
0.138915	0.689711
0.028808	0.097514
0.124794	0.358782
0.095406	0.189858
0.231057	0.146721
0.160335	0.355142
0.213593	0.880001
0.084363	0.165351
0.084287	0.128538
0.086064	0.253888
0.095544	0.314819
0.049993	0.107485
0.169654	0.793980
0.052281	0.112928
0.175550	0.571416
0.087392	0.128030
0.075503	0.143834
0.121115	0.239807
0.111710	0.213366
0.097464	0.136449
0.180147	0.461175
0.120993	0.202059
0.198035	0.604007
0.084100	0.160211
0.124695	0.344158
0.063159	0.173370
0.174658	0.625276
0.226908	1.749462
0.138045	0.594284
0.086312	0.137237
0.228324	0.891605
0.117594	0.322208
0.139880	1.048403
0.131279	0.426000
0.187783	1.031866
0.290437	2.841924
0.150877	0.267052
0.244225	1.262646
0.102747	0.193678
0.081472	0.446876
0.071110	0.145064
0.135108	0.222928
0.093214	0.226044
0.188965	1.407790
0.071550	0.219301
0.074397	0.186737
0.124579	0.401768
0.084350	0.112607
0.125183	0.168371
0.150018	0.366794
0.328107	1.898100
0.062929	0.229061
0.155695	2.325309
0.076978	0.178590
0.098818	0.145757
0.171200	0.525584
0.179116	0.670789
0.146015	0.811842
0.085478	0.197027
0.062592	0.147091
0.126513	0.318179
0.069113	0.171401
0.091712	0.202684
0.143446	0.235252
0.080100	0.404103
0.065165	0.231989
0.064184	0.159177
0.094431	0.370171
0.076070	0.173439
0.137025	0.446702
0.128865	0.320875
0.237752	1.490705
0.118448	0.406278
0.087038	0.188873
0.060924	0.241563
0.067997	0.259747
0.190049	0.212854
0.050394	0.113638
0.107924	0.233115
0.134031	0.639999
0.067585	0.120301
0.116455	0.301618
0.073572	0.105576
0.059604	0.137685
0.261305	0.747332
0.223802	1.302528
0.230008	1.283445
0.099886	0.181793
0.105373	0.442567
0.093607	0.151644
0.162549	1.497078
0.230991	0.470066
0.047447	0.142342
0.081161	0.211426
0.081909	0.328045
0.107150	0.346094
0.092240	0.642454
0.040348	0.094012
0.066352	0.293277
0.047338	0.104618
0.090455	0.297598
0.250978	3.053153
0.194185	1.115590
0.124886	0.480185
0.068704	0.104773
0.072861	0.125685
0.045035	0.140283
0.118084	1.318403
0.123439	0.759150
0.082347	0.193105
0.201242	0.441727
0.124139	0.341381
0.200689	1.659694
0.125099	0.445353
0.121677	0.591349
0.152600	0.336484
0.065726	0.105818
0.087065	0.235074
0.122855	0.273967
0.119370	0.513290
0.063712	0.222994
0.101993	0.530365
0.112774	0.407678
0.065169	0.108506
0.066435	0.146822
0.478047	1.866773
0.097662	0.697310
0.170702	0.673421
0.216472	1.351870
0.137432	0.140868
0.115959	0.193071
0.211007	0.589764
0.216691	0.985943
0.052090	0.148457
0.087759	0.248359
0.261116	1.989704
0.222429	1.082117
0.070503	0.112099
0.056442	0.210247
0.219110	1.227015
0.086933	0.213421
0.288733	1.960498
0.155339	0.281163
0.192917	1.208625
0.137747	0.396022
0.072721	0.148352
0.182908	1.765973
0.066246	0.144415
0.081114	0.254697
0.183599	0.782134
0.068823	0.163454
0.112457	0.305321
0.203757	0.695831
0.237940	1.444297
0.082411	0.146691
0.041083	0.109486
0.084489	0.166866
0.115292	0.205220
0.159717	0.744281
0.115751	0.424807
0.076264	0.175407
0.124524	0.146315
0.114847	0.161934
0.053635	0.123361
0.158916	0.744522
0.108006	0.221953
0.132753	0.971092
0.103129	0.211413
0.035750	0.141034
0.080261	0.156509
0.063798	0.126959
0.193705	1.173850
0.109280	0.916316
0.104581	0.308515
0.133818	0.309119
0.081298	0.181700
0.059716	0.126598
0.172583	0.718809
0.183604	0.386486
0.164794	0.528164
0.273491	1.111741
0.107458	0.280466
0.039474	0.109934
0.119488	1.049109
0.086815	0.463156
0.115055	0.150147
0.046987	0.113944
0.081604	0.265622
0.094826	0.367450
0.026176	0.084940
0.052067	0.126263
0.105264	0.186317
0.181225	1.722539
0.079547	0.191310
0.090155	0.287143
0.072280	0.305746
0.132826	0.377227
0.075293	0.342584
0.131962	1.068893
0.099378	0.219129
0.093273	0.167425
0.082494	0.129515
0.067358	0.232384
0.115889	1.167579
0.150953	0.652873
0.088864	0.219050
0.072531	0.194382
0.101522	0.260403
0.075816	0.148600
0.256385	1.247313
0.046826	0.145161
0.171872	1.266698
0.071267	0.103694
0.095337	0.109161
0.092699	0.249360
0.075949	0.109747
0.098749	0.556448
0.092011	0.388286
0.206879	1.585725
0.091813	0.106503
0.095913	0.231631
0.050584	0.468156
0.059991	0.163776
0.135726	0.605337
0.100339	0.217735
0.103732	0.140038
0.120546	0.215777
0.247453	0.880933
0.130999	0.176849
0.156726	0.391815
0.214803	1.508990
0.130101	0.567891
0.161793	0.580837
0.165300	0.460360
0.147810	1.580831
0.066274	0.186562
0.126289	0.344139
0.110146	0.479685
0.131583	0.311851
0.083130	0.362031
0.140679	0.431883
0.282170	2.769500
0.188235	0.968471
0.078762	0.165399
0.056152	0.182495
0.068049	0.126231
0.142864	0.404306
0.100089	0.157140
0.076923	0.269614
0.032315	0.202780
0.070068	0.799826
0.054473	0.337186
0.052016	0.162291
0.063320	0.119992
0.156399	0.437134
0.081832	0.183713
0.090572	0.244544
0.198192	0.680791
0.126798	0.202877
0.054239	0.102512
0.158243	0.704972
0.059634	0.163695
0.075464	0.232051
0.107141	0.237316
0.052324	0.099678
0.047963	0.121825
0.104215	0.497626
0.074143	0.176461
0.157464	0.835348
0.072665	0.150054
0.122829	0.421302
0.192526	0.740264
0.162872	0.342032
0.176839	0.445634
0.132909	0.233255
0.111969	0.277122
0.216402	1.532124
0.123034	0.250989
0.137488	1.207145
0.078795	0.130406
0.196712	0.741604
0.113617	0.240868
0.086176	0.405888
0.108289	0.151604
0.132234	0.465463
0.068430	0.101619
0.129681	0.185444
0.102924	0.312376
0.130530	0.231691
0.108044	0.274971
0.111229	0.239142
0.191761	0.656781
0.218339	0.919205
0.054050	0.114316
0.080483	0.203622
0.067244	0.132807
0.224051	0.881639
0.087253	0.238200
0.083686	0.411736
0.190153	1.751309
0.127646	0.951604
0.093014	0.494369
0.070153	0.509307
0.090894	0.728516
0.076062	0.169618
0.053917	0.243166
0.096742	0.161076
0.095557	0.313903
0.039254	0.082237
0.240369	1.898915
0.086618	0.333911
0.074778	0.145818
0.060865	0.094949
0.156718	0.789073
0.075698	0.168806
0.217665	0.594224
0.102684	0.141191
0.092920	0.112898
0.301897	0.665684
0.226554	1.144096
0.225709	0.577816
0.154447	0.363724
0.065069	0.155189
0.218088	0.634637
0.093893	0.292008
0.114759	0.240994
0.113632	0.293738
0.177507	0.633700
0.216315	0.834976
0.143748	0.583615
0.195528	1.900533
0.068922	0.145081
0.130767	0.351109
0.171734	0.551265
0.081752	0.302892
0.110655	0.312047
0.057550	0.114524
0.071358	0.230130
0.111299	0.195330
0.079721	0.197309
0.062676	0.147603
0.197039	1.712272
0.087803	0.161119
0.201892	1.915954
0.127519	0.167051
0.093240	0.173893
0.094714	0.195584
0.083472	0.188230
0.212727	1.476325
0.125307	0.248108
0.069667	0.139334
0.053158	0.100735
0.159847	0.338875
0.263647	2.993707
0.057288	0.344588
0.085961	0.269917
0.053102	0.088149
0.276475	3.106199
0.139493	0.348734
0.067599	0.112890
0.150839	0.407266
0.074037	0.130675
0.189141	0.440698
0.170878	1.091059
0.173149	0.745404
0.170657	0.731266
0.097150	0.165155
0.142902	0.195061
0.377342	1.777280
0.120615	0.203236
0.079020	0.114579
0.211818	0.908699
0.085166	0.463303
0.157782	0.193283
0.119826	0.327125
0.084809	0.239585
0.164243	0.267716
0.273954	1.335527
0.153045	0.351239
0.064625	0.212939
0.143392	0.475345
0.255720	2.507333
0.098800	0.279110
0.120312	0.265889
0.200734	0.504845
0.070086	0.253010
0.292159	2.835407
0.117339	0.214730
0.160049	0.332101
0.092823	0.183790
0.284938	1.561463
0.083210	0.166420
0.054906	0.105419
0.190881	0.371263
0.090307	0.284919
0.145396	0.555414
0.273422	2.691840
0.056978	0.198852
0.063938	0.213553
0.139287	0.407413
0.062191	0.164494
0.110535	0.361448
0.093492	0.237470
0.072035	0.224749
0.061792	0.291968
0.068641	0.251914
0.101473	0.231866
0.053698	0.144178
0.147232	0.608070
0.215555	0.757677
0.073352	0.152205
0.167059	0.444377
0.132147	1.003657
0.152247	1.580323
0.068949	0.221671
0.220087	0.874845
0.080009	0.324036
0.039035	0.101687
0.096202	0.393467
0.118602	0.967793
0.083316	0.365758
0.076426	0.210555
0.067076	0.202905
0.239407	1.785974
0.069214	0.131160
0.177973	1.247589
0.093889	0.289649
0.104077	0.434003
0.207156	1.059602
0.096685	0.190952
0.380463	1.685449
0.359161	4.715783
0.193238	0.488893
0.111392	0.407694
0.067995	0.288978
0.075771	0.201172
0.055599	0.128990
0.068043	0.175551
0.109063	0.510958
0.094383	0.172721
0.102729	0.492583
0.070552	0.165091
0.112582	0.260064
0.054491	0.401328
0.079641	0.569430
0.178361	2.320482
0.041722	0.154162
0.071145	0.192448
0.056985	0.104567
0.121478	0.235060
0.118908	0.760416
0.128558	0.436455
0.065626	0.178501
0.068189	0.120013
0.052686	0.145677
0.082551	0.157260
0.083160	0.219543
0.100346	0.189654
0.189136	1.169807
0.133687	0.225262
0.087750	0.272024
0.066585	0.255686
0.087158	0.268010
0.052167	0.125983
0.225749	1.760842
0.078719	0.124770
0.043844	0.181076
0.145954	0.312342
0.271382	2.765378
0.166735	0.771149
0.057861	0.145810
0.080545	0.264189
0.069879	0.207191
0.036781	0.106665
0.066462	0.168481
0.086606	0.134239
0.039020	0.139693
0.073733	0.425808
0.251759	2.117294
0.076814	0.320700
0.086881	0.160296
0.161718	0.270877
0.073360	0.337455
0.080499	0.211713
0.100759	0.277088
0.144190	0.228541
0.150076	0.750382
0.178181	0.483760
0.233054	1.943671
0.160781	0.731552
0.236231	2.133169
0.170918	0.593084
0.048293	0.142463
0.098522	0.245320
0.072167	0.221913
0.066372	0.292038
0.075399	0.198299
0.132681	0.169832
0.103734	0.214210
0.192427	1.462448
0.149989	1.457893
0.145659	0.196640
0.208875	1.111217
0.050244	0.112799
0.204053	1.604876
0.198469	0.746242
0.151861	0.552775
0.179590	0.372650
0.179642	0.318864
0.120688	0.182239
0.120709	0.677780
0.226141	0.680683
0.117312	0.252221
0.140308	0.221686
0.167492	0.606321
0.254393	0.917087
0.150622	0.201080
0.081650	0.123291
0.200874	0.448955
0.131913	0.254591
0.184672	0.242844
0.229424	0.407227
0.094057	0.148610
0.230348	0.556291
0.189515	0.431146
0.211526	0.727651
0.189298	0.453369
0.166330	0.600450
0.132036	0.368382
0.093503	0.133709
0.128722	0.174419
0.171214	0.663454
0.218726	1.438120
0.163105	0.528459
0.114713	0.487530
0.085157	0.418548
0.124306	0.271609
0.071860	0.189711
0.181079	0.904489
0.250628	1.263163
0.135626	0.229207
0.062585	0.095756
0.159344	0.477235
0.085736	0.196765
0.161738	0.685768
0.118170	0.768693
0.075712	0.139310
0.157689	0.298821
0.131611	0.153327
0.194087	0.349357
0.119597	0.205109
0.368293	3.250187
0.451285	0.476105
0.397255	0.278078
0.358102	0.680394
0.265220	0.303677
0.284706	1.654141
0.157715	0.454219
0.122242	0.272599
0.227556	0.507450
0.229892	0.629904
0.178123	1.559468
0.195426	1.833096
0.126043	0.301873
0.223882	1.648891
0.082234	0.157889
0.141752	0.323904
0.124529	1.092119
0.099118	0.241847
0.051929	0.124889
0.071743	0.142051
0.059957	0.153191
0.156098	1.512585
0.022369	0.146295
0.040276	0.090016
0.244409	0.955640
0.216861	0.371917
0.146451	0.723467
0.086567	0.244984
0.136470	0.369151
0.191993	0.467502
0.089997	0.175944
0.055119	0.188506
0.057884	0.456129
0.047707	0.111157
0.081510	0.207443
0.089802	0.347533
0.176311	0.318241
0.155438	1.496087
0.124782	0.832297
0.096091	0.433368
0.126684	0.547908
0.089309	0.243815
0.144184	0.441925
0.078671	0.153801
0.240511	0.717924
0.359035	3.006916
0.142481	0.361189
0.303245	2.209140
0.173761	0.365766
0.218224	1.227507
0.099857	0.178743
0.136447	0.221726
0.139075	0.353249
0.080215	0.201339
0.147275	0.223859
0.227580	1.348414
0.316816	0.999555
0.107018	0.208685
0.199800	1.269730
0.160155	0.321911
0.101475	0.313559
0.176258	0.402750
0.074344	0.134562
0.144317	1.258446
0.115352	0.278574
0.103142	0.207315
0.128246	0.491180
0.154414	0.419235
0.058737	0.102496
0.071752	0.101171
0.087881	0.157307
0.201291	0.466995
0.182485	0.495446
0.186223	1.080092
0.314365	0.636589
0.248895	0.433078
0.143069	0.201728
0.163055	0.401116
0.212425	0.446093
0.165538	0.192852
0.139931	0.212695
0.208688	0.335987
0.226026	0.385375
0.159572	0.252124
0.185306	0.757903
0.190962	0.275940
0.238199	0.911112
0.200249	0.781971
0.339448	1.237287
0.300341	0.594675
0.274479	0.461125
0.130526	0.140968
0.142610	0.201794
0.196219	0.329649
0.350061	1.174454
0.137104	0.099400
0.277078	0.300629
0.222608	0.597703
0.414049	0.538264
0.345183	0.198480
0.187724	0.146424
0.105961	0.118146
0.303863	0.785487
0.103329	0.164294
0.413151	2.489235
0.219348	0.505597
0.073464	0.113869
0.213118	0.246151
0.090486	0.132109
0.138869	0.215941
0.295351	1.382241
0.375518	3.116796
0.203225	0.208306
0.128088	0.193412
0.130299	0.327051
0.245953	0.563232
0.126656	0.177951
0.077008	0.160561
0.154689	0.660524
0.180033	0.162930
0.305538	1.203820
0.114762	0.245017
0.323449	2.736375
0.059144	0.089604
0.171456	0.425210
0.217139	0.311594
0.124983	0.191224
0.066399	0.100595
0.273174	1.076308
0.072343	0.206178
0.258465	0.585423
0.202661	0.434707
0.133385	0.204746
0.118968	0.248049
0.301944	1.041707
0.148175	0.536392
0.238109	1.083396
0.188854	0.355990
0.153867	0.345430
0.184995	0.180370
0.264244	0.902392
0.078560	0.133160
0.108695	0.126630
0.100580	0.164951
0.267214	1.412224
0.171032	0.250562
0.079354	0.144028
0.165373	0.411779
0.099447	0.246628
0.073958	0.128317
0.135987	0.192421
0.199728	0.952702
0.191732	0.318276
0.135750	0.974682
0.079044	0.194449
0.228126	0.799583
0.154009	1.280581
0.116642	0.103228
0.091545	0.140522
0.123044	0.171031
0.066772	0.121526
0.177719	0.509166
0.299126	2.660725
0.199106	0.711803
0.146232	0.326829
0.128535	0.517352
0.174605	0.751676
0.203257	1.174828
0.085310	0.168062
0.150199	0.387513
0.073431	0.245259
0.104612	0.289775
0.104521	0.516854
0.084788	0.182294
0.066952	0.239353
0.106029	0.261360
0.103626	0.353366
0.132736	0.268127
0.105981	0.155792
0.114381	0.400333
0.083923	0.202674
0.126927	0.837085
0.135152	0.437216
0.084336	0.148853
0.134697	1.039857
0.102455	0.318636
0.123997	0.357730
0.226580	1.452379
0.208324	1.904081
0.103812	0.181153
0.147061	0.969865
0.127522	0.294576
0.132569	0.233322
0.116421	0.311426
0.256578	1.953840
0.092103	0.276771
0.089969	0.178138
0.170368	1.464311
0.180428	1.071744
0.157879	0.775975
0.149749	1.197243
0.069833	0.295745
0.054488	0.140580
0.177232	1.860048
0.078295	0.201218
0.193037	1.199727
0.088356	0.641021
0.100800	0.375985
0.049344	0.127306
0.093921	0.281295
0.129061	0.613040
0.096840	0.229510
0.089050	0.342398
0.097098	0.304403
0.099808	0.304415
0.081372	0.168034
0.102486	0.432492
0.097438	0.512522
0.049936	0.129083
0.114354	0.161812
0.285768	0.764430
0.105880	0.427224
0.071052	0.172300
0.057785	0.142729
0.149880	0.675207
0.326385	1.411613
0.173819	0.189463
0.190943	0.685487
0.152619	0.453277
0.148288	0.238744
0.163622	0.240525
0.138266	0.141032
0.228169	0.579549
0.105201	0.205667
0.213902	0.348660
0.076196	0.144391
0.188010	0.692815
0.072950	0.120732
0.137064	0.548256
0.163179	0.220292
0.187946	0.388108
0.174228	0.483482
0.159654	0.340064
0.162870	0.314339
0.203593	0.500838
0.065808	0.103977
0.090317	0.197794
0.180151	1.812317
0.246757	0.590984
0.096870	0.132228
0.119430	0.244832
0.372042	0.535740
0.130206	0.311844
0.170832	0.689307
0.259092	1.225505
0.107145	0.154288
0.124116	0.345663
0.089664	0.230437
0.110301	0.204608
0.072854	0.178129
0.092630	0.627565
0.047459	0.143800
0.041461	0.137236
0.117030	0.701598
0.054398	0.127290
0.055718	0.719592
0.072129	0.241270
0.087596	0.252715
0.103565	0.323640
0.073826	0.192316
0.229029	1.692528
0.129848	0.194122
0.078888	0.210236
0.122974	0.385523
0.124431	0.429911
0.128501	0.396424
0.316973	2.028629
0.079451	0.154135
0.161885	0.547979
0.077378	0.133477
0.068982	0.120718
0.147261	0.294523
0.126283	0.352962
0.099303	0.286986
0.269976	2.279949
0.070010	0.220180
0.117456	0.257230
0.059721	0.101525
0.034376	0.108973
0.107836	0.383356
0.060534	0.144677
0.093563	0.457991
0.129103	0.382144
0.179095	0.323267
0.122076	0.175180
0.229796	0.721560
0.093573	0.246564
0.091142	0.207348
0.137955	0.374547
0.071540	0.180282
0.049453	0.172097
0.112130	0.290978
0.099667	0.171427
0.157609	1.158424
0.063201	0.124506
0.138578	0.381782
0.140972	0.210753
0.184490	0.314556
0.185576	0.414763
0.192474	0.318544
0.218289	0.309971
0.109055	0.241011
0.180823	0.433072
0.192720	0.158030
0.085133	0.111524
0.161504	0.300397
0.193304	0.417537
0.217322	0.398786
0.097601	0.114681
0.330847	0.469802
0.376751	2.407436
0.244043	0.689422
0.297085	1.440861
0.098541	0.114800
0.102145	0.155260
0.192147	0.423684
0.221670	0.943207
0.272854	1.467952
0.078050	0.117465
0.151177	0.863979
0.178478	0.469397
0.177657	0.277144
0.149642	0.470623
0.145304	0.270266
0.218831	0.478145
0.147432	0.216725
0.159373	0.281294
0.255823	1.098760
0.161572	0.180153
0.176878	1.070995
0.122655	0.289466
0.130517	0.266254
0.118314	0.167414
0.184558	0.403258
0.230307	0.776135
0.268047	0.687540
0.191777	0.529304
0.052503	0.098443
0.129178	0.297110
0.065645	0.104048
0.226322	0.852101
0.429239	3.734375
0.338297	1.069020
0.272128	0.974219
0.140855	0.301430
0.069531	0.162703
0.136469	0.173316
0.267862	1.284398
0.262892	1.406470
0.125006	0.251262
0.124403	0.169188
0.299862	0.593726
0.094414	0.138789
0.191304	0.387390
0.155240	0.180078
0.118238	0.380136
0.209761	2.365057
0.136971	0.327361
0.248122	0.606658
0.153243	0.208410
0.223086	0.777453
0.069704	0.116754
0.344765	1.549717
0.208487	1.570948
0.199010	0.890570
0.117902	0.567700
0.061186	0.190594
0.182618	0.462024
0.091032	0.247607
0.043685	0.108340
0.223343	0.575109
0.108913	0.438917
0.075427	0.210817
0.100132	0.244322
0.163413	0.301496
0.255849	1.868977
0.085284	0.440920
0.072333	0.126222
0.216972	0.680209
0.139923	0.649940
0.129149	0.530804
0.188658	0.366939
0.120921	0.604000
0.111067	0.217692
0.269686	1.487318
0.185376	0.516272
0.197588	0.368502
0.135076	0.339041
0.193147	0.437477
0.145377	0.440493
0.094059	0.332027
0.206930	0.237970
0.128950	0.201808
0.085881	0.217280
0.151775	0.313415
0.122494	0.232126
0.171605	1.150613
0.118765	0.303444
0.147669	0.316012
0.137139	0.302392
0.068127	0.172361
0.122068	0.310053
0.086228	0.224192
0.437930	2.601304
0.126201	0.158383
0.137861	0.569367
0.091973	0.179808
0.215086	1.353964
0.069324	0.088735
0.151472	0.261289
0.277498	1.033680
0.127913	0.755967
0.103475	0.161939
0.131607	1.223290
0.081607	0.177087
0.080592	0.226463
0.156850	0.206258
0.066899	0.104697
0.190755	0.379602
0.100053	0.396212
0.108950	0.120934
0.161827	0.633553
0.084451	0.216616
0.095675	0.118637
0.123826	0.387577
0.063374	0.167309
0.154162	0.491006
0.100609	0.436139
0.089374	0.181430
0.129762	0.356196
0.095436	0.460480
0.056541	0.443563
0.160902	0.355594
0.134127	0.718252
0.074114	0.286821
0.287302	2.361624
0.191375	0.375095
0.060411	0.090918
0.194737	1.163554
0.230374	1.311977
0.186179	0.508270
0.107276	0.183979
0.166779	0.461979
0.153508	0.205701
0.168910	1.758356
0.098360	0.348193
0.081760	0.355245
0.047591	0.238193
0.106378	0.319133
0.153006	0.406231
0.081113	0.148843
0.250752	1.068203
0.073246	0.142831
0.097447	0.206587
0.184006	1.301841
0.127470	0.491398
0.102494	0.223950
0.073501	0.875027
0.200024	1.045126
0.345497	2.356288
0.242763	1.723615
0.131210	0.269636
0.254001	0.914402
0.183679	0.634612
0.135013	0.224122
0.121560	0.136755
0.194097	0.723011
0.125115	0.195180
0.092406	0.259662
0.105291	0.199001
0.099523	0.217956
0.106091	0.162849
0.217873	2.177642
0.081202	0.129112
0.139050	0.212746
0.143205	0.317916
0.359602	2.752756
0.140401	0.287822
0.286431	2.119587
0.376867	3.062043
0.113291	0.270766
0.170645	0.329344
0.331397	2.376115
0.182341	0.629989
0.130292	0.357651
0.253836	0.771661
0.095832	0.274079
0.146313	0.321889
0.146846	0.254777
0.089748	0.187124
0.070355	0.126288
0.147435	0.566889
0.068889	0.181522
0.129859	0.614234
0.102126	0.917089
0.049142	0.167821
0.068466	0.277288
0.268965	1.214377
0.053022	0.107104
0.115161	0.201532
0.262345	0.834256
0.062825	0.302190
0.065784	0.380886
0.061764	0.181276
0.075360	0.243790
0.051364	0.382152
0.152249	0.513079
0.129771	0.616414
0.144882	0.417261
0.296931	2.157202
0.173989	0.455850
0.150015	0.629314
0.117377	0.222429
0.206647	0.759426
0.160852	0.423041
0.086743	0.161776
0.225385	2.438665
0.221657	1.662431
0.225033	0.527702
0.198321	1.083825
0.133388	0.482197
0.067893	0.150722
0.108744	0.234886
0.103350	0.927562
0.118274	0.320522
0.083326	0.204566
0.119964	0.323902
0.339401	0.570193
0.262791	1.440093
0.635402	1.474133
0.323464	0.666335
0.344584	0.120605
0.485008	1.139768
0.501600	0.614460
0.230648	0.388643
0.170430	0.115893
0.435203	0.350338
0.473239	0.657802
0.549252	0.848594
0.318745	0.245434
0.564147	0.631845
0.663155	2.082305
0.641440	1.379097
0.326713	0.285874
0.207384	0.123393
0.575918	1.140318
0.311515	0.334878
0.309555	0.247644
0.512808	0.689727
0.548821	1.372054
0.556170	0.870405
0.245834	0.318355
0.387434	0.497852
0.434214	0.690400
0.281171	0.156050
0.571146	1.522104
0.336768	0.717316
0.342469	0.373291
0.402938	1.629884
0.376910	0.407063
0.189430	0.149649
0.435314	0.981632
0.175081	0.190838
0.407729	0.723719
0.386107	1.554083
0.197511	0.436499
0.215112	0.413014
0.097587	0.202494
0.105065	0.397145
0.117353	1.388874
0.091902	0.106147
0.259378	0.776838
0.087647	0.201150
0.162511	0.453404
0.071203	0.235681
0.086959	0.114786
0.082628	0.156580
0.057138	0.175126
0.212196	0.454099
0.212499	0.741621
0.170080	0.414996
0.081876	0.200595
0.106336	0.859192
0.165603	0.283181
0.137363	0.298077
0.142720	0.453850
0.146607	0.329133
0.104969	0.213612
0.176477	0.736791
0.091626	0.497073
0.137274	0.513405
0.289105	0.740108
0.064941	0.114295
0.119659	0.747268
0.117761	0.189595
0.072031	0.162429
0.141653	0.354134
0.058465	0.117807
0.071026	0.115417
0.218765	1.086167
0.084588	0.223737
0.108785	0.260541
0.209702	2.981967
0.134710	0.280870
0.103346	0.290403
0.129882	0.212358
0.085018	0.120725
0.241364	1.443359
0.081931	0.129451
0.102525	0.222480
0.063794	0.113872
0.129885	0.224702
0.180777	0.515214
0.105815	0.117455
0.071562	0.169244
0.078965	0.122396
0.117023	0.184312
0.087436	0.167439
0.129944	0.521726
0.136302	0.527490
0.228394	0.250091
0.350292	3.066805
0.113739	0.192219
0.171060	0.447322
0.096385	0.258794
0.187784	0.973662
0.244580	1.871035
0.099862	0.331543
0.172375	0.945479
0.147806	0.341433
0.127570	0.197733
0.139941	0.935506
0.145092	0.280029
0.130177	0.386625
0.071002	0.232533
0.149160	0.466124
0.121269	0.260122
0.141039	0.269385
0.111080	0.188280
0.041660	0.144351
0.091151	0.298065
0.111085	0.196065
0.094350	0.245783
0.143778	0.358007
0.137264	0.323257
0.119133	0.367524
0.138924	0.210470
0.053681	0.156211
0.115406	0.295440
0.206726	2.303958
0.142898	0.608748
0.111429	1.138249
0.065073	0.163333
0.080646	0.141937
0.065978	0.143172
0.107348	0.152434
0.108150	0.287139
0.114200	0.272938
0.215643	1.066357
0.125121	0.404140
0.244528	1.024574
0.050934	0.121988
0.107374	0.947572
0.053091	0.112287
0.099766	0.173093
0.066188	0.099944
0.166131	0.253349
0.142870	0.160729
0.142600	0.193936
0.101307	0.194002
0.150060	0.288115
0.080570	0.503157
0.163278	0.544532
0.098135	0.232580
0.047312	0.222838
0.138719	0.453610
0.147744	0.290318
0.152136	0.266999
0.125526	0.362769
0.267803	2.075477
0.229272	4.367625
0.197479	0.357437
0.277155	0.404646
0.199054	0.196069
0.274433	0.392439
0.189550	1.231129
0.309648	0.729222
0.329500	0.813864
0.472627	0.706578
0.113393	1.047180
0.081814	0.335848
0.056210	0.168910
0.161027	0.973410
0.116124	0.176508
0.072455	0.102886
0.177929	0.742854
0.148942	0.251713
0.194955	0.282684
0.287039	1.999225
0.161663	0.423558
0.171357	0.934751
0.174469	0.850536
0.085165	0.323627
0.211228	1.059308
0.155945	0.400780
0.190072	0.356385
0.100105	0.228741
0.100624	0.229926
0.057297	0.137798
0.064036	0.367566
0.045375	0.148831
0.088653	0.563393
0.075061	0.234941
0.138150	0.697655
0.106305	0.405554
0.158524	0.553249
0.117787	0.402833
0.092917	0.238333
0.175553	0.563524
0.070642	0.122917
0.136688	0.782542
0.264513	0.577961
0.068623	0.088180
0.222367	0.839436
0.122515	0.356518
0.080622	0.222920
0.125806	0.912093
0.078593	0.176440
0.115110	0.392524
0.224235	0.849850
0.097559	0.200971
0.063386	0.274143
0.133527	0.321132
0.113376	0.422325
0.149682	0.931772
0.130889	0.818058
0.069052	0.207500
0.150196	0.815563
0.117709	0.608556
0.093874	0.446840
0.132665	0.459683
0.098404	0.198285
0.128729	0.225275
0.325925	2.061476
0.080178	0.146325
0.073968	0.211179
0.253489	0.484165
0.175970	0.724995
0.217133	1.151890
0.203798	1.369525
0.067086	0.139874
0.134116	0.581391
0.137873	0.246792
0.058844	0.153289
0.106055	0.194080
0.108938	0.389997
0.195245	1.276903
0.079184	0.191229
0.156663	0.561635
0.075130	0.236282
0.354515	2.587960
0.110247	0.289398
0.259780	3.655106
0.205021	0.211172
0.301711	0.104090
0.423338	0.368304
0.544096	0.900480
0.217514	0.120720
0.351009	0.768711
0.474266	1.859123
0.164767	0.205135
0.099533	0.310046
0.074144	0.203154
0.134961	1.182255
0.101860	0.496057
0.230814	1.185228
0.110875	1.424741
0.079766	0.191039
0.079945	0.330572
0.144744	0.880767
0.091789	0.419475
0.410122	3.178442
0.057728	0.104488
0.145739	0.414627
0.082451	0.146351
0.099715	0.284688
0.249236	1.231225
0.152081	2.005192
0.055256	0.241469
0.042603	0.168919
0.098254	0.600822
0.120620	0.197214
0.067901	0.233579
0.060183	0.219067
0.127219	0.262708
0.125104	0.240199
0.067759	0.196163
0.169357	0.298068
0.160233	0.199490
0.106259	0.261929
0.224332	0.810961
0.236846	0.730669
0.092655	0.113503
0.081397	0.206748
0.184624	0.452328
0.215070	0.363468
0.245393	1.045372
0.107865	0.165573
0.163485	0.288551
0.209411	1.311959
0.071305	0.142610
0.129673	0.189972
0.102555	0.211263
0.117932	0.166873
0.086311	0.192906
0.208356	2.445055
0.095812	0.697035
0.070540	0.118155
0.092730	0.210960
0.275131	0.623171
0.143508	0.246833
0.227001	0.390442
0.135948	0.135268
0.078931	0.127869
0.109877	0.142290
0.128089	0.252335
0.113930	0.291661
0.338274	2.525214
0.250655	2.570464
0.065654	0.121460
0.096636	0.215983
0.045547	0.085172
0.070512	0.271119
0.075929	0.172359
0.083045	0.259101
0.069050	0.219924
0.135952	0.265107
0.205341	0.226901
0.334373	0.229046
0.553212	1.092594
0.162147	0.175119
0.374093	0.798688
0.334645	0.359743
0.440536	0.383266
0.292375	0.260214
0.492619	0.633016
0.401102	0.746050
0.296748	0.330874
0.326486	0.958237
0.132428	0.172818
0.255219	0.681436
0.266756	0.444148
0.336123	1.939431
0.247787	0.484424
0.189951	0.437836
0.163787	0.584721
0.290746	1.495891
0.081189	0.237885
0.072361	0.204781
0.056718	0.098974
0.162492	0.759651
0.154893	0.347734
0.091834	0.177699
0.089794	0.161630
0.197831	0.715158
0.093513	0.283344
0.147399	0.941142
0.196714	0.943241
0.087174	0.187424
0.093444	0.152782
0.091621	0.248750
0.148705	0.579204
0.113199	0.413176
0.063947	0.202712
0.268610	1.497502
0.133572	0.502899
0.127331	0.435473
0.159807	1.736304
0.105094	0.248548
0.101770	0.276814
0.165435	0.607975
0.104318	0.328603
0.295936	1.111240
0.110466	0.335816
0.250291	1.002416
0.061113	0.155532
0.141629	0.556603
0.170008	0.506624
0.155176	0.526045
0.239098	2.072981
0.063040	0.269811
0.188707	0.621789
0.148417	0.261214
0.065093	0.105125
0.428281	3.908067
0.223135	0.844565
0.353416	2.297205
0.143643	0.263584
0.126931	0.605459
0.118665	0.284203
0.144910	1.916439
0.069015	0.249491
0.124228	0.403742
0.165352	1.265767
0.079554	0.202465
0.060593	0.200866
0.157486	0.517340
0.047592	0.101134
0.290981	0.920955
0.086963	0.182622
0.168597	1.028444
0.123975	0.427715
0.088163	0.132245
0.058057	0.135272
0.332597	3.005018
0.074818	0.205376
0.175240	1.449233
0.081980	0.163141
0.074461	0.189131
0.077875	0.159254
0.139492	0.632595
0.062348	0.182679
0.038194	0.113435
0.082561	0.101137
0.095245	1.177225
0.081275	0.345417
0.229942	0.979553
0.055062	0.108747
0.035309	0.118107
0.316724	0.986597
0.108615	0.140656
0.112265	0.281785
0.120629	0.278050
0.136392	0.644452
0.351297	0.841356
0.320487	1.297973
0.141489	0.145734
0.093941	0.196807
0.207256	0.258033
0.217544	0.397018
0.184363	0.839771
0.117243	0.313624
0.102805	0.184534
0.090782	0.123010
0.243340	0.767738
0.233209	0.551539
0.125627	0.211053
0.273832	1.889443
0.091623	0.260667
0.103362	0.249620
0.051793	0.135440
0.115168	1.062424
0.230127	1.230028
0.063459	0.397569
0.194123	0.663900
0.123461	0.448162
0.126142	0.421314
0.128754	0.188625
0.079127	0.238965
0.058175	0.167252
0.109209	0.220057
0.127572	0.153086
0.161645	1.040188
0.180056	0.281787
0.073340	0.314996
0.090545	0.197841
0.082218	0.262277
0.069409	0.400835
0.119641	1.002589
0.114114	0.340061
0.192632	1.697086
0.070445	0.151456
0.064475	0.293683
0.190564	1.584538
0.111145	0.451249
0.189829	0.511590
0.226346	0.782025
0.122694	0.447220
0.075276	0.167490
0.122434	0.356283
0.111608	0.141184
0.102850	0.181015
0.163075	0.411764
0.117604	0.204043
0.102693	0.691635
0.112838	0.318768
0.131017	0.982629
0.139720	0.286427
0.073031	0.146792
0.167392	0.732339
0.260858	1.232555
0.094901	0.321239
0.176431	0.566344
0.223088	1.017280
0.133215	0.902535
0.121712	0.357833
0.184593	1.821932
0.106030	0.156394
0.097583	0.393746
0.143013	0.244552
0.215814	1.094177
0.188046	0.828343
0.081356	0.170848
0.158514	0.244905
0.128184	0.393525
0.073710	0.408725
0.063547	0.115020
0.069775	0.195719
0.190022	0.528262
0.178552	1.116844
0.131649	0.444974
0.150431	0.968773
0.132620	0.320277
0.074150	0.123459
0.156134	0.533199
0.200257	0.882133
0.095663	0.393655
0.159731	0.425684
0.112093	0.337960
0.182074	0.434246
0.177065	1.325335
0.068505	0.186333
0.146831	0.427278
0.144547	0.162616
0.161110	0.450302
0.155308	0.177827
0.112964	0.148548
0.122544	0.178302
0.116565	0.217394
0.098069	0.165246
0.094033	0.169729
0.083550	0.240623
0.292451	1.225370
0.131228	0.444208
0.079042	0.142276
0.115112	0.227922
0.076572	0.149698
0.130827	0.244646
0.214321	0.773698
0.095911	0.256081
0.069891	0.108680
0.315088	1.282409
0.286138	0.917073
0.189507	0.259624
0.275968	2.700351
0.190265	0.928495
0.137218	0.504276
0.148337	0.234372
0.082113	0.216368
0.059292	0.123624
0.060502	0.128264
0.087210	0.379799
0.073952	0.173786
0.115927	0.375603
0.396834	4.033820
0.210988	0.468393
0.125309	0.466150
0.240330	1.264134
0.273019	1.119378
0.272840	0.953577
0.072883	0.094019
0.113703	0.183061
0.128928	0.519578
0.120063	0.399810
0.093826	0.214863
0.106665	0.498660
0.074310	0.217728
0.124665	0.348440
0.097242	0.265956
0.115503	0.169212
0.249207	1.992408
0.123095	0.190797
0.135936	0.409848
0.100612	0.804895
0.187280	0.533747
0.290810	0.860797
0.269920	1.218689
0.043444	0.123381
0.172524	0.486518
0.116693	0.282981
0.113837	0.528202
0.095002	0.310656
0.143974	1.002780
0.080469	0.250662
0.068088	0.114047
0.077759	0.311037
0.107549	0.381800
0.287017	2.202857
0.080290	0.233244
0.132514	0.231899
0.137022	0.881051
0.143316	0.316728
0.132426	0.302594
0.180144	0.546736
0.226791	0.241532
0.078853	0.191613
0.186425	1.144648
0.134860	0.353334
0.069887	0.154800
0.100911	0.263883
0.133626	1.425121
0.067731	0.092791
0.129342	0.356338
0.080261	0.126812
0.081273	0.253572
0.111081	0.799230
0.169185	0.821393
0.108645	0.249341
0.106789	0.199161
0.089069	0.150972
0.165518	0.638072
0.143716	0.393064
0.183504	0.415636
0.166764	0.351038
0.298271	2.551706
0.084754	0.185188
0.149732	0.329409
0.130162	0.415866
0.126381	0.449284
0.088065	0.267717
0.102745	0.293852
0.087399	0.205389
0.085041	0.119057
0.102689	0.231564
0.121382	0.729506
0.057268	0.283479
0.095068	0.325608
0.168889	1.894939
0.231129	0.673740
0.119604	0.437154
0.057757	0.134573
0.222972	0.799354
0.121559	0.306936
0.095851	0.257840
0.162848	0.538213
0.150715	0.886204
0.201410	1.645519
0.227397	1.550851
0.120292	0.203895
0.103437	0.510462
0.076784	0.170843
0.133098	0.394637
0.267781	1.700407
0.155048	0.816328
0.103618	0.263190
0.088930	0.193868
0.342846	2.141072
0.140323	0.316428
0.096519	0.215721
0.099132	0.262205
0.203216	0.475526
0.082502	0.183980
0.361499	1.867143
0.124320	0.399689
0.137662	0.229895
0.282226	0.740843
0.333110	0.792803
0.273683	1.034522
0.224499	0.677988
0.198408	0.295627
0.295994	0.534270
0.195275	0.358329
0.150966	0.223430
0.309512	1.258166
0.158056	0.240246
0.220868	0.694631
0.122401	0.282746
0.143736	0.199793
0.230118	0.572993
0.089816	0.242503
0.148509	0.319293
0.066085	0.155961
0.095031	0.266562
0.053899	0.126394
0.081387	0.326767
0.069692	0.158550
0.058657	0.126113
0.145185	0.365141
0.084063	0.386692
0.084560	0.288773
0.125141	0.285321
0.180652	1.435277
0.213697	1.508700
0.081044	0.194911
0.078405	0.374775
0.047659	0.198977
0.141223	1.331028
0.098736	0.212282
0.108431	0.341558
0.075446	0.267455
0.056752	0.103288
0.124421	0.564248
0.057512	0.122501
0.318083	0.605948
0.104265	0.170995
0.131077	0.544626
0.163329	0.746411
0.042634	0.187165
0.067097	0.616961
0.070020	0.202006
0.053315	0.157280
0.151935	0.888059
0.168261	0.684822
0.144101	0.276674
0.124825	0.280232
0.171736	0.385548
0.066223	0.189729
0.104959	0.283914
0.036787	0.108153
0.121880	0.229135
0.141883	0.716509
0.123795	0.305156
0.083442	1.167347
0.060626	0.837245
0.096928	0.257827
0.079915	0.341635
0.100689	0.189799
0.136873	0.835611
0.122982	1.073021
0.101930	0.471427
0.074942	0.171992
0.043484	0.112189
0.183523	0.879073
0.123830	0.462507
0.122949	1.184000
0.046837	0.213342
0.066379	0.197478
0.070886	0.151696
0.090866	0.376640
0.077578	0.372763
0.189575	0.722281
0.067061	0.125403
0.076015	0.186998
0.139864	0.826598
0.087862	0.294779
0.048438	0.125697
0.054110	0.159353
0.076600	0.168519
0.084126	0.196014
0.086789	0.180088
0.057197	0.136129
0.160240	0.602502
0.132697	0.533440
0.046254	0.126968
0.199414	0.671027
0.123074	0.294763
0.207315	0.545238
0.347325	4.725359
0.163258	0.178768
0.179354	0.586488
0.095140	0.221675
0.084604	0.137059
0.058266	0.185579
0.117399	0.215428
0.134325	0.452674
0.066839	0.302446
0.108139	0.137336
0.069107	0.135104
0.170954	0.806903
0.044884	0.205569
0.090619	0.169910
0.133405	1.176629
0.195151	1.265557
0.202969	0.368389
0.173577	0.327193
0.190821	0.549564
0.078871	0.081632
0.346570	0.774584
0.095222	0.116171
0.112954	0.105047
0.057802	0.166758
0.147481	0.238182
0.154091	0.466897
0.180435	0.338316
0.206905	0.230699
0.166792	0.175966
0.317655	1.181678
0.194134	0.275670
0.179313	0.281521
0.243200	0.587328
0.075339	0.117529
0.198091	0.797316
0.164140	0.150188
0.196652	0.281212
0.160832	0.406905
0.098667	0.189934
0.290009	0.587268
0.119110	0.290033
0.194824	0.353605
0.153043	0.400974
0.115730	0.267337
0.132332	0.324874
0.193251	0.446410
0.154535	0.232575
0.231352	1.046869
0.313586	1.318627
0.276315	2.511705
0.135327	0.207726
0.187731	0.433659
0.149417	0.333947
0.238890	0.656948
0.214368	0.511268
0.174384	0.388004
0.215748	0.747566
0.231276	0.970203
0.131111	0.260911
0.080093	0.158584
0.156797	0.647572
0.198707	1.119712
0.069258	0.161371
0.075795	0.103839
0.116361	0.166397
0.146241	0.270546
0.271447	1.999207
0.147604	0.386723
0.153666	0.787537
0.146095	0.382768
0.068966	0.162414
0.043583	0.178692
0.118421	0.345790
0.137289	0.511400
0.051151	0.165730
0.141237	0.298010
0.299297	0.963737
0.252466	1.262331
0.071321	0.267812
0.077780	0.263673
0.297580	0.735024
0.226582	0.257171
0.232825	0.590212
0.291698	0.993232
0.339381	0.841664
0.196527	0.388141
0.348959	2.564851
0.151307	0.331362
0.359957	1.279646
0.064721	0.128794
0.281413	1.732097
0.195096	1.393959
0.125688	1.233628
0.062965	0.155524
0.159211	0.647987
0.066514	0.181584
0.173960	0.477520
0.116129	0.203806
0.118935	0.440653
0.062948	0.124007
0.082633	0.172291
0.142341	0.921657
0.130326	0.506969
0.243060	1.884934
0.117414	0.390989
0.104448	0.213074
0.125463	0.252808
0.210387	0.426034
0.207295	0.876856
0.216632	0.271873
0.301793	1.919406
0.140373	0.575529
0.228068	0.986395
0.149331	0.235196
0.172103	0.426815
0.264434	1.566771
0.194615	0.567301
0.235620	0.488912
0.280904	1.122211
0.273017	1.206735
0.248784	0.349541
0.149430	0.231616
0.231355	0.961278
0.184332	0.434101
0.227239	1.815642
0.200368	0.801472
0.093517	0.180021
0.131710	0.877850
0.154757	0.485938
0.118293	0.111195
0.289030	1.219705
0.291616	1.060023
0.145698	0.308879
0.205907	0.306802
0.301085	1.699624
0.085003	0.169157
0.132097	0.302501
0.173767	0.527383
0.088052	0.293652
0.230977	0.580907
0.218158	0.519216
0.062066	0.116374
0.270430	1.077662
0.106320	0.134495
0.359227	2.263127
0.119930	0.188890
0.142627	0.405774
0.248510	1.550701
0.098974	0.278118
0.073591	0.232915
0.078086	0.101121
0.136484	0.554126
0.108016	0.149062
0.114441	0.193406
0.091539	0.357916
0.193193	0.273368
0.071018	0.136709
0.080687	0.162181
0.118733	1.585089
0.172701	0.991305
0.060329	0.203611
0.066247	0.212983
0.125327	0.355302
0.087110	0.441646
0.066908	0.184999
0.044194	0.172357
0.064170	0.151441
0.114377	0.786342
0.066406	0.184276
0.161260	0.778080
0.086229	0.252221
0.059150	0.209389
0.068933	0.216103
0.031610	0.097674
0.047023	0.211132
0.179504	1.992495
0.063076	0.136245
0.172014	0.731058
0.078269	0.166321
0.034821	0.131622
0.041422	0.166310
0.077146	0.337127
0.036935	0.146818
0.098406	0.182544
0.079548	0.355978
0.133901	0.341448
0.184052	0.646944
0.074280	0.170472
0.071551	0.243991
0.205951	0.550920
0.126272	0.650302
0.046061	0.137952
0.062096	0.223233
0.132168	0.605330
0.175646	0.543624
0.081958	0.261036
0.171497	0.217802
0.078501	0.165637
0.115162	0.184834
0.303418	2.509266
0.188850	0.360703
0.207385	0.495651
0.239186	0.713970
0.124207	0.706117
0.056652	0.088094
0.123084	0.211705
0.073199	0.191414
0.180791	0.432090
0.090128	0.213153
0.207380	0.890697
0.151548	0.629681
0.071295	0.194636
0.091815	0.227243
0.323603	2.436730
0.111176	0.314072
0.078438	0.147855
0.268186	0.450552
0.320015	2.900932
0.136966	0.349948
0.127234	0.415419
0.136211	0.287405
0.097570	0.666406
0.131829	0.375714
0.060296	0.153453
0.050496	0.102254
0.294717	1.696094
0.076359	0.191660
0.068652	0.165109
0.099172	0.179005
0.057064	0.109564
0.092462	0.285706
0.042365	0.248049
0.117533	0.280903
0.146679	0.261089
0.194896	0.840975
0.186749	0.604133
0.123038	0.475543
0.099030	0.198060
0.136420	1.169120
0.131096	0.544702
0.146109	0.371846
0.107690	0.235302
0.145752	0.377496
0.174682	0.392160
0.098832	0.358761
0.213921	0.731612
0.118491	0.468633
0.095754	0.416050
0.057748	0.338983
0.103552	0.230402
0.174329	0.729565
0.268613	0.413664
0.339195	2.230208
0.275852	1.622009
0.128924	0.367433
0.144483	1.128409
0.097742	0.137817
0.138662	0.205913
0.349243	1.711293
0.167788	0.296145
0.212478	1.766751
0.118968	0.246858
0.299456	1.033123
0.072701	0.123955
0.227750	1.915379
0.136582	0.374918
0.122309	0.434807
0.085066	0.144188
0.426777	2.712165
0.195842	0.604172
0.205364	0.607878
0.118573	0.228253
0.100767	0.138554
0.101996	0.170334
0.133304	0.203955
0.253017	0.498444
0.162608	0.513030
0.165858	0.127710
0.214727	0.386509
0.133514	0.466633
0.143114	0.406443
0.113818	0.191214
0.218682	1.435649
0.308125	1.076899
0.175885	0.341218
0.307158	2.031852
0.199797	0.604385
0.253799	2.048156
0.264626	1.407809
0.261068	1.274009
0.126963	0.399934
0.156102	0.156882
0.185634	0.416749
0.280270	1.251406
0.152062	0.812013
0.145795	0.361573
0.122875	0.168339
0.156895	1.142977
0.076817	0.255031
0.097976	0.317933
0.085294	0.535645
0.185385	0.360574
0.174436	0.683789
0.301819	0.510074
0.508576	0.312774
0.321551	1.032177
0.027151	0.150278
0.293552	1.335660
0.095959	0.142979
0.101413	0.112061
0.340724	0.994914
0.227273	2.303409
0.271074	0.834907
0.087203	0.147372
0.198712	0.711388
0.261032	1.040214
0.213402	1.038201
0.052620	0.105767
0.200974	0.307490
0.169381	0.967168
0.114514	0.275405
0.090200	0.159654
0.094513	0.188080
0.127256	0.202973
0.115557	0.219559
0.097100	0.159729
0.243233	2.551519
0.178123	1.052708
0.284648	0.754317
0.065836	0.156690
0.163821	0.262933
0.083468	0.179456
0.149924	0.862813
0.226939	0.717128
0.091087	0.199480
0.199072	0.626080
0.061478	0.153081
0.134557	0.442692
0.247032	1.931793
0.109559	0.319912
0.061517	0.159328
0.092527	0.332171
0.075115	0.246752
0.111908	0.395034
0.091333	0.280848
0.194131	1.088104
0.283293	0.277628
0.128098	0.488692
0.067661	0.247638
0.158663	0.401417
0.058297	0.612413
0.064280	0.250371
0.071433	0.209300
0.169396	0.503107
0.044281	0.142141
0.071177	0.289334
0.123163	0.433532
0.102900	0.289664
0.174411	1.196461
0.075292	0.149830
0.122564	0.317441
0.089109	0.265101
0.162701	0.782591
0.124913	0.281678
0.193519	0.800200
0.158737	0.659551
0.091014	0.375889
0.077889	0.214973
0.215147	1.539380
0.163296	0.746264
0.222320	0.506890
0.170072	0.483004
0.063373	0.318134
0.067282	0.149031
0.134417	0.276227
0.059297	0.167809
0.105328	0.253314
0.151746	0.330806
0.055498	0.112384
0.158236	0.530883
0.093014	0.226954
0.090540	0.234046
0.053276	0.131324
0.243327	1.077937
0.091365	0.133849
0.217340	0.442288
0.333296	3.696247
0.102004	0.157086
0.057027	0.088677
0.197068	1.091755
0.157963	0.253530
0.093990	0.130176
0.063704	0.171363
0.190343	0.536768
0.175122	0.518361
0.150498	0.289708
0.100052	0.184596
0.079666	0.156544
0.190523	1.936667
0.090806	0.213393
0.132599	0.197572
0.145236	0.431351
0.103969	0.311386
0.106814	0.237128
0.149405	0.435515
0.108092	0.424802
0.112504	0.182257
0.192131	0.496658
0.059154	0.115055
0.199537	0.271371
0.517075	4.612305
0.201943	0.300895
0.205097	0.385583
0.213557	0.572333
0.136485	0.348037
0.135799	0.499740
0.155636	0.564958
0.084090	0.152203
0.174424	0.753513
0.107969	0.438353
0.175826	0.200441
0.152060	0.854579
0.147898	0.471055
0.158820	0.887012
0.185219	0.923318
0.093815	0.193727
0.129322	0.276103
0.104179	0.156268
0.256224	1.185037
0.120028	0.351081
0.109376	0.208908
0.192657	0.641549
0.085385	0.217732
0.125276	0.327597
0.065360	0.159153
0.108058	0.298781
0.219901	0.391424
0.153728	1.170638
0.169042	0.576433
0.089597	0.273271
0.114373	0.502098
0.050914	0.097501
0.188270	1.202107
0.075237	0.349478
0.099111	0.193761
0.152355	0.241483
0.090467	0.313468
0.090285	0.390483
0.100702	0.146522
0.078660	0.590346
0.065915	0.203017
0.134393	0.230484
0.113401	0.454173
0.300503	1.977307
0.101072	0.579649
0.349593	1.426339
0.177887	1.579635
0.063127	0.130041
0.188489	0.660655
0.176311	1.916496
0.127424	0.349779
0.113088	0.215433
0.073319	0.101914
0.035496	0.102229
0.124759	0.343712
0.094773	0.356346
0.106370	0.296241
0.110824	0.170670
0.169993	0.629825
0.122651	0.361820
0.210395	0.872086
0.168628	0.951905
0.133916	0.370947
0.073226	0.372721
0.114559	0.272651
0.100030	0.211564
0.109359	0.365806
0.057260	0.180656
0.083021	0.214194
0.073766	0.173720
0.062938	0.172764
0.109424	0.228149
0.068874	0.225906
0.147361	0.674179
0.063667	0.179223
0.082904	0.289334
0.172113	2.024912
0.076736	0.197595
0.066983	0.151046
0.149150	0.557821
0.076686	0.151839
0.100670	0.230030
0.105400	0.355199
0.104373	0.206137
0.107199	0.309269
0.248486	0.856034
0.126563	0.386017
0.245534	0.777115
0.151771	0.236004
0.090923	0.331413
0.070822	0.328260
0.076316	0.551761
0.066784	0.211371
0.039057	0.132987
0.247336	1.339325
0.094047	0.400642
0.083459	0.163996
0.203587	1.050511
0.062843	0.133856
0.087690	0.230187
0.056018	0.272530
0.096092	0.212843
0.218843	1.456401
0.204987	1.083355
0.099390	0.228597
0.158372	0.544006
0.143565	0.317279
0.054153	0.213092
0.088540	0.123070
0.074828	0.216628
0.059829	0.169914
0.052141	0.146516
0.109842	0.191675
0.045456	0.197051
0.116383	0.555149
0.135356	0.755963
0.096798	0.316529
0.090649	0.226623
0.134917	0.240152
0.118680	0.469972
0.133177	0.388877
0.074675	0.156817
0.072877	0.173082
0.204667	0.542367
0.072250	0.128604
0.127943	0.544397
0.080227	0.225439
0.097367	0.332996
0.115397	0.854515
0.102579	0.232853
0.055668	0.106047
0.099894	0.327152
0.064601	0.162148
0.101474	0.307465
0.087350	0.371673
0.077482	0.117773
0.102548	0.159975
0.098023	0.188694
0.184405	0.461013
0.155475	0.347487
0.102593	0.154916
0.110076	0.347289
0.082523	0.283467
0.052860	0.133736
0.176754	1.038429
0.226313	0.534098
0.167605	0.419012
0.197259	0.550352
0.139808	0.418026
0.108486	0.297793
0.098315	0.270859
0.066741	0.176197
0.099334	0.232939
0.100916	0.165502
0.164779	0.397940
0.235940	0.717258
0.199785	1.298601
0.139264	0.240231
0.155294	0.405317
0.247991	0.675775
0.116620	0.303796
0.205809	0.633891
0.085477	0.126933
0.085338	0.228278
0.112578	0.612988
0.235909	0.401045
0.101873	0.320899
0.103483	0.303723
0.223414	1.824177
0.187625	0.885589
0.054644	0.130871
0.145952	0.302851
0.148636	0.260113
0.258405	1.458694
0.084833	0.274858
0.287529	3.076557
0.120353	0.195574
0.099509	0.390075
0.127647	0.389962
0.085663	0.297251
0.109243	0.249621
0.125150	0.245920
0.210141	0.529556
0.031155	0.082715
0.120654	0.406605
0.105467	0.245739
0.100034	0.182061
0.120381	0.338270
0.106044	0.341460
0.142380	0.953947
0.063730	0.177808
0.289514	2.132270
0.115954	0.447003
0.240238	0.595790
0.107482	0.331582
0.114899	0.396401
0.053280	0.296501
0.082059	0.782026
0.064162	0.202112
0.108667	0.848686
0.121646	0.389874
0.058080	0.123130
0.133472	1.117829
0.080626	0.132226
0.058591	0.154974
0.092409	0.156633
0.060414	0.175201
0.225499	1.310148
0.101075	0.324955
0.134886	0.343285
0.048317	0.170317
0.076198	0.124965
0.084236	0.160048
0.083926	0.215269
0.109698	0.324159
0.071616	0.521361
0.178416	0.405005
0.216184	0.514518
0.070276	0.119470
0.062912	0.167346
0.067899	0.120181
0.146300	0.297721
0.155294	0.388235
0.137672	0.357948
0.139015	0.211998
0.156719	0.843930
0.062375	0.163422
0.090471	0.331125
0.304417	2.066993
0.267546	1.193257
0.117938	0.209339
0.110002	0.341007
0.187160	0.467900
0.106425	0.219235
0.121854	0.308900
0.151146	0.332521
0.269178	0.944815
0.137374	0.232162
0.242172	1.558378
0.132223	0.404603
0.148621	0.364864
0.231866	0.667773
0.253298	1.602110
0.243289	0.874623
0.078381	0.168519
0.176809	0.655962
0.115888	0.654765
0.333066	2.458026
0.219054	1.010934
0.133104	0.461205
0.189315	0.387149
0.056331	0.283062
0.072466	0.316312
0.080397	0.264506
0.052551	0.129802
0.146214	0.647730
0.075622	0.154268
0.225105	0.357917
0.157797	0.260366
0.086835	0.206668
0.122379	0.338378
0.090973	0.289293
0.128892	0.484633
0.256822	0.993903
0.303629	1.987253
0.110015	0.391104
0.139664	0.358936
0.330981	1.029352
0.338538	2.442551
0.123299	0.487030
0.290476	1.190953
0.141766	0.411121
0.188619	0.425337
0.273694	1.170040
0.147704	0.517702
0.081732	0.159786
0.146498	0.895102
0.066159	0.179952
0.064627	0.164798
0.287436	2.454704
0.135500	0.437664
0.174058	0.271530
0.063094	0.130921
0.076089	0.221798
0.109655	0.625035
0.093836	0.216762
0.163947	1.970645
0.104459	0.226676
0.119871	0.233748
0.341925	1.051420
0.113559	0.206110
0.142998	0.163018
0.191027	0.537740
0.203616	0.206670
0.196997	0.266932
0.420242	0.399230
0.268214	0.738929
0.239893	0.199111
0.099947	0.099947
0.250396	0.333027
0.278450	1.212651
0.260913	2.213848
0.217924	0.562245
0.093714	0.260993
0.182315	0.461258
0.138624	0.224571
0.222178	1.385277
0.172276	0.276502
0.097367	0.404074
0.135401	0.242368
0.139774	0.522057
0.143960	0.555685
0.256195	2.359557
0.205081	1.638598
0.084097	0.145488
0.207519	0.318542
0.055584	0.123118
0.126896	0.567859
0.222440	2.052005
0.090527	0.147106
0.083799	0.268996
0.174758	1.088742
0.082821	0.568983
0.169653	0.737141
0.140386	0.289195
0.085363	0.282553
0.080705	0.278835
0.069699	0.199338
0.098887	0.939922
0.097556	0.181943
0.126499	0.304231
0.142469	0.447354
0.127526	0.241024
0.112719	0.444112
0.119281	0.168782
0.108267	0.326424
0.064072	0.149288
0.165757	0.329856
0.216196	0.478874
0.192378	1.525556
0.195908	0.946235
0.222568	2.528368
0.115805	0.248982
0.107121	0.472403
0.129282	0.228184
0.093556	0.163256
0.111089	0.299384
0.249506	0.763489
0.075233	0.145199
0.284850	1.523947
0.139222	1.133965
0.147302	0.517029
0.090775	0.147963
0.056645	0.089782
0.062505	0.106884
0.191728	0.931796
0.106293	0.252445
0.130509	0.283204
0.176797	0.358014
0.233715	0.737370
0.125254	0.170345
0.112315	0.226315
0.254931	1.692744
0.261544	1.346953
0.058771	0.240372
0.143079	0.318351
0.115934	0.234187
0.215361	0.765609
0.111452	0.777379
0.131193	0.302399
0.107133	0.211588
0.103341	0.345675
0.084528	0.243442
0.204362	1.285437
0.077047	0.132906
0.096054	0.213719
0.078031	0.190785
0.180364	0.791797
0.069879	0.111457
0.088064	0.493160
0.116626	0.576131
0.096330	0.180138
0.050132	0.121068
0.075366	0.186907
0.053746	0.113135
0.123501	0.489683
0.112776	0.235137
0.136465	0.447605
0.041299	0.140212
0.036637	0.155339
0.066465	0.220997
0.116027	0.645692
0.063622	0.215680
0.112212	0.256404
0.084135	0.220435
0.075778	0.118593
0.213508	2.132946
0.049986	0.182200
0.096224	0.520572
0.067356	0.127302
0.101658	0.582498
0.082015	0.300996
0.079523	0.124453
0.139258	0.445626
0.039160	0.160554
0.175020	2.108120
0.095698	0.331593
0.056884	0.135383
0.061549	0.108635
0.094486	0.418573
0.271451	3.447429
0.124464	1.100886
0.052309	0.107233
0.112021	0.799830
0.079120	0.195822
0.126917	0.221471
0.032276	0.127975
0.058394	0.091679
0.141034	0.208731
0.267826	0.674922
0.128949	0.387492
0.171342	0.794168
0.122329	0.192668
0.162530	0.505468
0.113826	0.346602
0.098337	0.353029
0.097099	0.130112
0.094675	0.348877
0.188636	0.838488
0.116377	0.275814
0.097951	0.299242
0.139885	0.556744
0.040846	0.132341
0.068925	0.187475
0.072507	0.329906
0.197472	1.476103
0.068647	0.265665
0.041665	0.098120
0.113205	0.632250
0.093720	0.202434
0.095224	0.236155
0.049460	0.315306
0.052861	0.165982
0.188243	1.254639
0.092106	0.122962
0.137298	0.275968
0.127699	0.575285
0.087118	0.191225
0.215090	2.232631
0.136221	0.420922
0.146292	0.830207
0.107538	0.176900
0.135960	0.464305
0.048212	0.331216
0.140452	0.421356
0.089588	0.415690
0.101621	0.171231
0.089331	0.230027
0.038346	0.101425
0.166725	0.498509
0.280572	3.863473
0.213681	0.559845
0.251280	1.615732
0.080778	0.255258
0.218756	1.421917
0.086033	0.339399
0.065336	0.117278
0.120302	0.340455
0.050066	0.152701
0.144112	0.405675
0.086495	0.220561
0.110076	0.401226
0.142649	0.441499
0.116287	0.344790
0.103589	0.153312
0.056903	0.149086
0.145285	1.676590
0.065731	0.164985
0.084460	0.514364
0.067786	0.167771
0.060080	0.187748
0.096264	0.204080
0.093018	0.261382
0.070129	0.156387
0.069965	0.145877
0.146547	0.459425
0.049746	0.092777
0.092218	1.220048
0.231428	1.558670
0.161406	0.489060
0.149333	1.535148
0.090228	0.186321
0.119192	0.243748
0.062988	0.104245
0.100749	0.233738
0.070445	0.133845
0.058780	0.158119
0.055473	0.170025
0.128454	0.422615
0.203220	1.427620
0.082577	0.164329
0.139391	1.101888
0.106986	0.769232
0.077780	0.250451
0.105008	0.546566
0.272746	1.388278
0.089859	0.317651
0.068282	0.270057
0.241648	1.167161
0.117481	0.516916
0.206879	0.619602
0.134291	0.186665
0.100054	0.171092
0.075213	0.113571
0.111567	0.246006
0.232769	1.547913
0.190775	0.227977
0.203791	0.733648
0.196208	0.959456
0.090057	0.163004
0.153731	0.308999
0.112384	0.247245
0.086253	0.177681
0.122020	0.169608
0.252811	0.534696
0.143930	0.528944
0.123484	0.300067
0.198886	0.459426
0.144609	0.411412
0.213939	0.684606
0.072111	0.148188
0.087195	0.178750
0.118697	0.155493
0.080301	0.144944
0.122942	1.019188
0.183589	0.527819
0.158558	0.313944
0.354794	1.373052
0.237073	0.819087
0.097217	0.103536
0.144870	0.309297
0.144569	0.951987
0.106289	0.220551
0.231110	0.603198
0.125397	0.131667
0.077629	0.128088
0.093926	0.116938
0.123811	0.357815
0.176676	1.812693
0.095469	0.237717
0.219139	1.292919
0.066234	0.127169
0.209231	0.678956
0.126406	0.408293
0.171440	1.044929
0.112843	0.332322
0.214287	0.853934
0.101364	0.318791
0.076849	0.209030
0.194237	1.162506
0.165414	0.849402
0.126395	0.413943
0.178478	0.768348
0.109167	0.393546
0.141846	0.437594
0.132210	0.725830
0.068182	0.133977
0.080390	0.159172
0.054260	0.119372
0.109448	0.252825
0.170393	0.586151
0.281779	1.489204
0.250444	1.388715
0.067965	0.144766
0.175250	0.637911
0.127933	0.440729
0.085770	0.094347
0.145217	0.479216
0.066690	0.169058
0.148333	0.384924
0.085929	0.267241
0.169391	0.348099
0.097011	0.229916
0.049219	0.150609
0.136203	0.469219
0.062714	0.192531
0.069838	0.186816
0.072425	0.159697
0.094506	0.174364
0.138384	0.246324
0.053269	0.124117
0.136145	0.260717
0.101640	0.363871
0.193888	0.772642
0.195691	0.507819
0.115701	0.118016
0.213526	0.982218
0.241845	0.912964
0.288713	0.323359
0.188708	0.423650
0.205637	0.499699
0.276344	0.711586
0.232044	0.800551
0.099582	0.327625
0.084100	0.115217
0.086687	0.192012
0.128095	0.270922
0.173940	0.327008
0.121471	0.534473
0.077051	0.148708
0.101126	0.272030
0.127541	0.285055
0.211746	1.046027
0.131818	0.313068
0.153482	0.389844
0.098418	0.249490
0.086703	0.193782
0.093275	0.107733
0.267280	2.643404
0.139573	1.000740
0.153177	0.446510
0.100528	0.196029
0.071652	0.118943
0.297626	1.556584
0.282873	1.301217
0.106284	0.187059
0.092038	0.582140
0.074473	0.173521
0.076455	0.125768
0.113373	0.185364
0.082391	0.109168
0.132852	0.514800
0.313165	1.208818
0.155914	0.343011
0.162143	0.484806
0.174612	0.285491
0.165354	0.330708
0.129685	0.389703
0.275433	1.856421
0.102268	0.197377
0.150945	0.220380
0.103608	0.141425
0.265650	0.377222
0.137877	0.182687
0.091561	0.153822
0.220593	0.511776
0.291613	0.605098
0.273913	0.750523
0.186627	0.245415
0.158040	0.180166
0.205299	0.397253
0.160709	0.241868
0.145353	0.385913
0.193457	0.290186
0.331614	2.236735
0.083359	0.105866
0.103603	0.140901
0.157377	0.147147
0.158523	0.337654
0.128724	0.169916
0.147562	0.238313
0.123414	0.165375
0.412412	0.765025
0.363460	0.545190
0.589849	0.872977
0.289623	0.315690
0.417627	0.513682
0.320646	0.251707
0.576683	1.311953
0.493118	0.453668
0.409062	0.454059
0.534669	1.430241
0.305909	0.468041
0.172642	0.217529
0.136854	0.203912
0.096310	0.117980
0.115593	0.868100
0.050022	0.168072
0.114379	0.198447
0.158405	0.403933
0.124874	0.307190
0.228133	1.528492
0.097738	0.205738
0.106186	0.361032
0.097861	0.291136
0.097505	0.610383
0.091169	0.192822
0.064023	0.114600
0.069355	0.164025
0.131723	0.609219
0.211631	2.164981
0.177176	1.793024
0.122833	0.187935
0.137199	0.190706
0.100512	0.354806
0.117372	0.306928
0.072051	0.136898
0.060211	0.132464
0.129762	0.451571
0.175378	0.913717
0.155425	0.382346
0.245258	0.605787
0.070467	0.102530
0.087947	0.137197
0.092296	0.204896
0.067829	0.125822
0.264774	1.031296
0.079726	0.116799
0.149800	0.716045
0.187917	0.605092
0.234700	2.386894
0.068245	0.118747
0.127522	0.294575
0.080869	0.203385
0.127348	0.445718
0.123053	0.262719
0.062797	0.387769
0.132958	0.294502
0.148775	0.542285
0.133757	1.437887
0.113085	0.305330
0.045716	0.142406
0.168546	0.421365
0.101199	0.208975
0.126003	0.286028
0.063797	0.192347
0.107406	0.270126
0.156952	0.681956
0.147217	0.373930
0.156143	0.335707
0.086004	0.170288
0.088964	0.187268
0.162381	0.236264
0.084600	0.135360
0.129433	0.227155
0.198087	0.564549
0.106890	0.323878
0.291873	1.163114
0.365641	0.720312
0.318191	1.780281
0.070278	0.151097
0.054222	0.139081
0.256639	0.545359
0.196477	0.873340
0.287662	0.713402
0.170871	0.341742
0.243523	1.304066
0.191623	1.115246
0.092392	0.328914
0.080836	0.153992
0.154467	0.612461
0.221478	0.734198
0.116464	0.591638
0.059090	0.099272
0.115666	0.399047
0.130027	0.460294
0.060012	0.149431
0.073950	0.149009
0.064928	0.144140
0.230223	1.845235
0.066162	0.140926
0.129120	0.147842
0.094758	0.169142
0.161841	0.547021
0.157982	1.148530
0.081347	0.274138
0.093925	0.169535
0.124904	0.319131
0.284000	1.655719
0.044582	0.131517
0.180897	1.544858
0.150348	0.422477
0.081696	0.113558
0.211561	0.812395
0.058121	0.109849
0.149693	1.273138
0.241684	1.738913
0.139750	0.276006
0.074639	0.154875
0.148911	0.332816
0.066080	0.121257
0.312819	1.947295
0.080969	0.137242
0.215118	1.021808
0.112381	0.160705
0.108366	0.175011
0.098228	0.208244
0.098770	0.154575
0.048329	0.111397
0.222435	0.349223
0.132437	0.386715
0.211239	0.293623
0.143291	1.069669
0.108267	0.142912
0.065663	0.101121
0.212279	0.478690
0.116216	0.206283
0.107222	0.149039
0.101530	0.194430
0.123432	0.178360
0.224274	0.494524
0.113546	0.165210
0.069866	0.088730
0.123575	0.201428
0.125478	0.139281
0.103860	0.272113
0.114799	0.280110
0.102678	0.246941
0.180031	0.375364
0.130926	0.297856
0.223034	0.819650
0.113355	0.264118
0.054392	0.115039
0.161298	0.471797
0.099168	0.349072
0.059067	0.143237
0.108106	0.283238
0.080344	0.252682
0.052444	0.189586
0.091601	0.206560
0.096316	0.178665
0.118329	0.378652
0.115618	0.253204
0.117814	0.755775
0.168436	0.417721
0.136546	0.177510
0.092674	0.191371
0.205933	0.692965
0.114444	0.214582
0.124154	0.276242
0.143476	0.477777
0.068678	0.206379
0.173575	1.077031
0.081543	0.267054
0.099018	0.172786
0.066336	0.318079
0.086563	0.761751
0.100332	0.354172
0.069452	0.282671
0.163885	1.577390
0.112089	0.268452
0.089708	0.389783
0.118788	0.188279
0.231475	0.984924
0.103052	0.252477
0.186653	0.462899
0.091917	0.370425
0.200847	0.945988
0.071522	0.162712
0.178622	1.412009
0.090446	0.259580
0.083869	0.179898
0.222963	1.605336
0.085003	0.341288
0.113223	0.421756
0.094730	0.272822
0.232302	1.721356
0.128037	0.688841
0.198603	0.536228
0.098790	0.395655
0.120409	0.224562
0.119289	0.623884
0.049505	0.215098
0.149555	0.694682
0.055044	0.262836
0.089702	0.299157
0.114097	0.421590
0.098697	0.621297
0.075775	0.374329
0.109774	0.270043
0.090017	0.275002
0.087556	0.217138
0.075576	0.177226
0.238771	2.045074
0.121234	0.093956
0.099826	1.020219
0.170217	0.794060
0.074998	0.156372
0.117160	0.340937
0.088336	0.239391
0.125606	0.547013
0.125745	0.398612
0.051590	0.084608
0.199219	1.009042
0.103009	0.144213
0.077912	0.144527
0.100867	0.431712
0.112706	0.356150
0.080474	0.179055
0.432495	1.120161
0.273940	1.549128
0.248195	0.348714
0.411604	0.932284
0.409360	0.413454
0.474801	0.842771
0.609807	0.933005
0.472584	0.607270
0.532634	0.985373
0.423133	0.617774
0.446093	0.392562
0.346697	0.847674
0.126833	0.117320
0.186377	0.219925
0.406393	0.904224
0.291458	0.228795
0.346224	0.985008
0.351411	2.097926
0.215084	0.857108
0.207006	0.274283
0.277340	0.751591
0.190164	0.348951
0.248050	0.951272
0.176899	0.669564
0.102212	0.204424
0.160154	0.281870
0.088614	0.212229
0.221233	0.561931
0.057030	0.151698
0.084538	0.176262
0.056823	0.144331
0.076460	0.178916
0.073693	0.247608
0.075070	0.219581
0.087938	0.186868
0.069463	0.171921
0.146130	1.745520
0.075681	0.179742
0.068711	0.289962
0.091042	0.224874
0.063839	0.175877
0.065131	0.207118
0.152753	0.511723
0.108394	0.397806
0.218248	1.526646
0.069997	0.115145
0.204864	0.420995
0.331201	2.598275
0.098056	0.301522
0.104134	0.380091
0.156488	0.205782
0.120358	0.265990
0.084841	0.217617
0.065400	0.147477
0.159692	0.194824
0.122360	0.358514
0.069418	0.145432
0.163000	0.284436
0.197511	0.395021
0.126677	0.595382
0.073905	0.272339
0.147781	0.563785
0.171052	0.367763
0.244550	1.848795
0.073633	0.279805
0.080408	0.199009
0.257797	0.549107
0.097156	0.179252
0.331740	1.910825
0.223367	1.313397
0.217406	0.259800
0.129108	0.326644
0.199972	0.426941
0.162862	0.312695
0.127473	0.372220
0.147710	0.498520
0.043356	0.096901
0.114805	0.283568
0.183819	0.410836
0.101604	0.188475
0.114497	0.358376
0.106553	0.184337
0.072199	0.161364
0.089212	0.255147
0.064489	0.143811
0.212666	0.493386
0.128675	0.175642
0.155665	0.786108
0.102306	0.175455
0.182094	0.603640
0.228095	0.805175
0.112561	0.208237
0.098044	0.247071
0.079336	0.253874
0.101911	0.446881
0.094689	0.214470
0.062322	0.095353
0.084942	0.441699
0.067706	0.162156
0.109365	0.121942
0.156229	0.612418
0.096781	0.341636
0.053006	0.087194
0.093721	0.169636
0.132071	0.385648
0.184383	0.788238
0.090663	0.134634
0.118752	0.162097
0.164441	0.589521
0.074771	0.104305
0.193722	0.817508
0.279423	2.344357
0.171812	0.217343
0.115017	0.180577
0.047993	0.110864
0.093965	0.200146
0.142857	0.583571
0.211814	0.531653
0.211505	0.558374
0.255983	1.068729
0.115985	0.164119
0.220260	0.689414
0.184165	0.370172
0.095094	0.173072
0.360028	2.316781
0.254653	0.984232
0.274909	0.710639
0.181395	0.451672
0.094020	0.121755
0.145932	0.167092
0.185679	0.545895
0.127757	0.252959
0.128154	0.181338
0.275679	0.591332
0.064584	0.131429
0.164747	0.357501
0.121550	0.292328
0.115124	0.378758
0.259625	1.350052
0.169301	0.617102
0.114304	0.175456
0.166838	0.330339
0.200475	0.715697
0.225971	0.536681
0.283003	1.202765
0.215904	0.450161
0.163921	0.819603
0.132002	0.167642
0.246962	0.397609
0.236820	0.549423
0.292510	0.795626
0.136309	0.205144
0.092657	0.237201
0.098646	0.172137
0.057839	0.177276
0.201410	1.594159
0.105728	0.222558
0.094344	0.183027
0.175712	0.284654
0.198184	0.423123
0.314369	2.210015
0.079211	0.263773
0.076805	0.591012
0.067958	0.162760
0.117268	0.177661
0.142726	0.545928
0.142248	0.997872
0.109789	0.292587
0.194453	0.398629
0.149809	0.575266
0.205108	0.479953
0.234759	1.004767
0.135946	0.371812
0.109458	0.169660
0.140259	0.385713
0.148946	0.549611
0.158712	0.158712
0.237329	2.294971
0.146079	0.735509
0.286384	1.177038
0.092179	0.118911
0.127828	0.132941
0.200152	0.318241
0.083449	0.160640
0.182333	0.534235
0.115002	0.540511
0.311467	2.231659
0.063543	0.190630
0.137100	1.151644
0.098362	0.219839
0.203108	0.542298
0.057645	0.119613
0.119843	0.974921
0.375241	1.189513
0.110425	0.189378
0.088931	0.192980
0.186732	0.459362
0.107167	0.163966
0.083948	1.103491
0.161747	0.193288
0.078350	0.100680
0.182646	0.784463
0.092106	0.116053
0.168446	0.231613
0.086041	0.142398
0.339715	0.740578
0.167017	0.177873
0.167275	0.600516
0.142211	0.344861
0.126665	0.212796
0.198921	0.405800
0.166418	0.205526
0.273185	1.987424
0.115139	0.409320
0.149284	0.269457
0.277865	4.627846
0.087873	0.257909
0.159106	0.281617
0.121637	0.591157
0.115770	0.144712
0.264824	0.741508
0.092846	0.160624
0.184864	0.520391
0.162809	0.171764
0.155610	0.245085
0.112003	0.301849
0.053914	0.092193
0.091296	0.266585
0.109049	0.278619
0.115627	0.198299
0.214493	2.208206
0.066955	0.252422
0.097014	0.490892
0.053958	0.220686
0.051087	0.092978
0.115815	0.329494
0.073274	0.135190
0.104962	0.633969
0.078432	0.141963
0.060437	0.310042
0.057791	0.131185
0.080357	0.228213
0.126842	1.447907
0.216812	1.297622
0.201219	0.861219
0.120901	0.212181
0.184411	0.340238
0.185905	0.392259
0.068888	0.231118
0.073057	0.224284
0.129707	0.492240
0.119191	0.293209
0.147517	0.353303
0.143436	0.443216
0.206652	1.202715
0.077243	0.143672
0.143555	0.668251
0.064120	0.302005
0.114387	0.284824
0.227665	1.046122
0.103495	0.391728
0.122046	0.163541
0.172936	0.285344
0.199580	0.752417
0.163342	0.178043
0.178661	0.410027
0.107614	0.198010
0.089793	0.196647
0.145758	0.648623
0.305887	2.549568
0.116389	0.256057
0.117653	0.297074
0.140341	0.228755
0.097149	0.257445
0.097424	0.281556
0.070521	0.153737
0.062987	0.122510
0.244223	1.591115
0.078309	0.460846
0.060241	0.122590
0.122670	1.162300
0.151591	0.491156
0.078756	0.166962
0.099966	0.367376
0.038433	0.138168
0.048551	0.106327
0.094736	0.159157
0.096807	1.143775
0.152903	0.279813
0.240038	0.495679
0.111593	0.175201
0.101339	0.395730
0.077076	0.196544
0.077356	0.171729
0.089331	0.157223
0.069699	0.165535
0.104257	0.298696
0.134910	0.551780
0.132884	0.174078
0.076080	0.255627
0.129692	0.739242
0.123326	0.180673
0.091741	0.221554
0.130181	0.411371
0.274984	0.739706
0.240963	2.002403
0.265587	0.772858
0.113909	0.205606
0.274983	0.629711
0.100363	0.171118
0.171461	0.176604
0.147501	0.368753
0.100811	0.219768
0.214950	0.709336
0.160136	0.257819
0.197984	0.654338
0.141432	0.275793
0.214859	0.684325
0.170179	0.480756
0.183117	0.239883
0.082092	0.126832
0.108622	0.270470
0.114312	0.150320
0.146040	0.313255
0.096541	0.126952
0.111150	0.135047
0.167046	0.207972
0.108167	0.182802
0.082422	0.157014
0.216509	0.704736
0.117743	0.126573
0.080499	0.162206
0.181137	0.474578
0.087362	0.176471
0.076423	0.200611
0.067426	0.216436
0.076390	0.152016
0.084732	0.139385
0.087599	0.158555
0.098108	0.424315
0.062129	0.159051
0.216970	0.289656
0.099291	0.145958
0.132437	0.178127
0.076475	0.173597
0.137925	0.193785
0.179057	0.407354
0.105963	0.283450
0.156633	0.378269
0.179449	0.323905
0.251303	1.314314
0.146352	0.224650
0.097863	0.116946
0.106583	0.260596
0.162002	0.724959
0.248595	0.924773
0.076704	0.105852
0.064817	0.081021
0.141423	0.270825
0.218452	0.690307
0.126685	0.331280
0.209517	0.833877
0.204526	1.287491
0.112454	0.183863
0.107807	0.248494
0.106270	0.213603
0.148531	0.314144
0.057054	0.095566
0.267584	1.493118
0.085496	0.189373
0.075327	0.111861
0.195835	0.573797
0.094061	0.219163
0.100593	0.223819
0.138697	0.169210
0.102399	0.145918
0.088976	0.337663
0.076766	0.130887
0.203974	0.924002
0.180683	0.664912
0.124584	0.334509
0.144181	1.078473
0.099502	0.252239
0.082476	0.151755
0.074642	0.235122
0.180011	2.340143
0.090094	0.213523
0.184188	0.502834
0.100692	0.218502
0.130899	0.339028
0.072952	0.147727
0.129748	0.152454
0.094676	0.198346
0.290358	0.531355
0.141998	0.600650
0.123231	0.215655
0.061338	0.158253
0.095283	0.095759
0.218876	0.911619
0.147183	0.229605
0.168651	0.296826
0.171927	0.314626
0.256614	0.529908
0.110202	0.226466
0.184995	0.379239
0.150042	0.516896
0.161344	0.641343
0.131538	0.159819
0.265723	1.109392
0.125986	0.179530
0.140269	0.365400
0.305353	1.578674
0.123892	0.357428
0.064357	0.246809
0.125768	0.311904
0.131834	0.330903
0.141869	0.346870
0.133835	0.317189
0.183891	0.626147
0.164460	0.721978
0.101702	0.256290
0.151584	0.773839
0.184317	2.013665
0.137089	0.329699
0.195032	0.761599
0.087822	0.272247
0.072566	0.258698
0.167264	1.134049
0.085445	0.183280
0.127234	1.595516
0.059670	0.149175
0.073635	0.236368
0.072151	0.226553
0.139977	0.397534
0.157153	0.999492
0.189307	3.035544
0.441985	3.111573
0.365722	0.941735
0.215977	0.683566
0.155389	0.233083
0.079613	0.221723
0.143251	0.608815
0.122149	0.454394
0.095959	0.211109
0.106268	0.401695
0.056303	0.107539
0.212953	1.696174
0.096137	0.156223
0.053675	0.131772
0.099048	0.314477
0.142316	0.276092
0.125657	0.452992
0.093848	0.271220
0.104109	0.330026
0.136142	0.403662
0.087264	0.314150
0.114428	0.474878
0.091046	0.193472
0.071262	0.204878
0.143149	0.531082
0.084177	0.200762
0.117301	0.141348
0.134733	0.581371
0.048527	0.131264
0.068613	0.145459
0.120236	0.313816
0.126077	0.545285
0.107038	0.260102
0.233226	0.649535
0.096302	0.111229
0.267080	0.471397
0.104291	0.266463
0.137171	0.233191
0.058795	0.102598
0.181454	0.524402
0.165451	0.628713
0.056796	0.130914
0.140305	0.627865
0.045148	0.104744
0.120519	0.565836
0.113792	0.472239
0.090100	0.550512
0.066084	0.126221
0.073842	0.261030
0.073165	0.198644
0.054369	0.108194
0.058323	0.188383
0.053394	0.128413
0.072356	0.121921
0.098835	0.280197
0.046990	0.091866
0.073483	0.160193
0.145793	0.231082
0.314662	2.935801
0.073521	0.149984
0.056161	0.183926
0.060321	0.211727
0.075827	0.153171
0.040292	0.081389
0.150376	1.229323
0.062240	0.170538
0.288586	2.445769
0.183205	0.721828
0.068594	0.225332
0.072973	0.189000
0.077703	0.254866
0.109232	0.228841
0.101989	0.259052
0.123191	0.476132
0.042022	0.092239
0.081551	0.457502
0.099041	0.621483
0.086064	0.136842
0.128511	0.632275
0.109066	0.274300
0.189673	0.673338
0.078229	0.163106
0.237761	2.112504
0.083841	0.138757
0.238224	0.469302
0.115736	0.358202
0.105457	0.484050
0.137391	0.162122
0.128639	0.326744
0.103510	0.354003
0.061383	0.136271
0.155104	0.164410
0.156849	1.011676
0.081688	0.287132
0.096587	0.478590
0.035829	0.105336
0.126950	0.585875
0.086679	0.169890
0.057524	0.114472
0.068000	0.134640
0.049581	0.293521
0.200659	0.845778
0.075065	0.184285
0.205101	0.977306
0.159305	0.297900
0.110215	0.413859
0.116204	0.495029
0.066123	0.106789
0.089816	0.190858
0.118298	0.324728
0.068555	0.172073
0.091818	0.136809
0.120777	0.183581
0.194590	0.579878
0.224981	0.326222
0.052243	0.098479
0.157912	0.183178
0.261730	1.188256
0.253440	0.761587
0.121840	0.221139
0.206061	0.403880
0.110105	0.194335
0.292773	0.477219
0.197271	0.642116
0.117175	0.101942
0.115488	0.133388
0.309246	1.730233
0.111013	0.129885
0.071175	0.088969
0.204503	2.467324
0.089947	0.217223
0.068386	0.139850
0.121974	0.747093
0.072984	0.174797
0.163129	1.003241
0.129265	0.471818
0.162944	1.322292
0.143992	0.466534
0.057726	0.098999
0.165173	0.443489
0.247730	1.321639
0.153149	0.151618
0.094959	0.302446
0.178789	1.944329
0.266694	0.849420
0.085708	0.353118
0.286921	1.332748
0.224191	1.271165
0.151375	0.413253
0.186635	0.480584
0.129104	0.338253
0.213481	1.090886
0.167994	0.350268
0.211005	0.518017
0.165811	0.315042
0.100859	0.219872
0.109594	0.334809
0.096122	0.284521
0.160635	0.179108
0.103218	0.397904
0.143116	0.661197
0.194512	0.724556
0.081883	0.347183
0.085216	0.148275
0.314804	2.441303
0.080127	0.165462
0.081441	0.209711
0.075089	0.121269
0.096571	0.128440
0.175630	0.721839
0.125639	0.182177
0.101958	0.319129
0.233129	1.368467
0.099611	0.282895
0.132672	0.467004
0.205688	0.662316
0.199227	0.331713
0.220459	0.255732
0.137860	0.510770
0.203288	1.572430
0.064951	0.138995
0.157143	1.914005
0.108601	0.286705
0.048148	0.520965
0.107791	0.169231
