Velocity(m/s)	Chord(mm)
0.149333	0.360638
0.178765	0.575625
0.112380	0.425919
0.135910	0.399576
0.203578	2.785971
0.137898	0.625369
0.073770	0.178155
0.072713	0.211232
0.122152	0.182618
0.116251	0.318526
0.271382	1.746344
0.162906	0.203633
0.236973	1.098368
0.142934	0.425228
0.124611	0.234269
0.102442	0.301691
0.156311	0.991794
0.144017	0.441412
0.141910	0.366837
0.071090	0.237795
0.096924	0.416773
0.067183	0.174675
0.107699	0.147548
0.189851	0.553416
0.102541	0.192264
0.106725	0.169159
0.203414	1.272356
0.094600	0.162239
0.183087	0.482433
0.185299	1.011733
0.112223	0.153184
0.077463	0.269959
0.146640	1.021345
0.083373	0.105049
0.165055	0.365597
0.178486	0.829069
0.135676	0.355470
0.089488	0.109622
0.169132	0.654541
0.116785	0.363203
0.157455	0.418829
0.140934	0.305827
0.126997	0.248280
0.168821	0.273489
0.146371	0.194674
0.071840	0.109914
0.181356	0.431628
0.153828	0.150751
0.176761	0.323472
0.130116	0.148333
0.173970	0.207025
0.116773	0.227707
0.064386	0.090140
0.165687	0.722396
0.134185	0.202619
0.089179	0.158738
0.102939	0.152350
0.134632	0.303596
0.135675	0.577975
0.166333	0.750163
0.116620	0.197088
0.202061	0.564760
0.100580	0.121198
0.156461	0.711896
0.101193	0.206940
0.093033	0.233977
0.125483	0.315591
0.215445	0.538613
0.071734	0.104732
0.067854	0.114673
0.182977	0.251593
0.240403	0.586583
0.176607	0.459179
0.094165	0.142190
0.149450	0.437888
0.115720	0.236069
0.123499	0.349502
0.187804	0.337108
0.290397	2.644069
0.158786	0.177046
0.146893	0.180678
0.135042	0.322751
0.091051	0.154787
0.128679	1.004981
0.076206	0.204612
0.129904	0.383865
0.090174	0.285851
0.106616	0.234023
0.105035	0.389681
0.138166	0.468383
0.089985	0.235761
0.091347	0.179497
0.122167	0.525318
0.052467	0.108870
0.221287	2.729581
0.118013	0.545812
0.148567	0.188681
0.161841	0.470956
0.178209	1.100442
0.141614	0.536716
0.149842	0.190299
0.131290	0.634787
0.169218	0.459428
0.151757	0.200319
0.082018	0.108674
0.131871	0.332975
0.129214	0.190591
0.090617	0.135019
0.146193	0.342823
0.090200	0.202498
0.104695	0.206249
0.095598	0.172554
0.199512	0.464862
0.159407	0.775517
0.110205	0.333370
0.160874	0.644301
0.123003	0.166053
0.260585	1.282076
0.142144	0.345409
0.074657	0.147821
0.132535	0.385677
0.111965	0.208814
0.109234	0.242500
0.153761	0.291376
0.179782	0.415297
0.090476	0.165119
0.071855	0.188259
0.197289	1.121588
0.244014	1.672714
0.138947	0.362652
0.074570	0.107008
0.066896	0.146168
0.224597	1.403733
0.087496	0.125556
0.084269	0.162217
0.188098	0.634831
0.082888	0.187741
0.114268	0.153119
0.108244	0.415658
0.128368	0.280483
0.071999	0.157679
0.146065	0.413365
0.208309	0.893646
0.189409	0.439430
0.236481	0.850150
0.185954	0.449079
0.173101	0.272634
0.134770	0.716303
0.072729	0.233825
0.072336	0.209775
0.218353	0.413779
0.230024	0.823486
0.230088	0.270353
0.214878	0.311574
0.284060	0.793949
0.207682	0.410173
0.167601	0.269000
0.351796	1.685103
0.187246	0.183501
0.314724	0.717571
0.181014	0.162912
0.365579	0.948677
0.266734	0.778863
0.286397	1.046783
0.153042	0.248694
0.257521	0.218893
0.234597	0.710829
0.202845	0.674460
0.256337	1.707206
0.175358	0.254269
0.168416	0.895132
0.136735	0.240654
0.150425	0.211347
0.203181	0.496777
0.126595	0.284207
0.114077	0.641681
0.102804	0.316121
0.174087	1.393563
0.116605	0.142258
0.153424	0.449532
0.132151	0.529264
0.128146	1.247505
0.121603	0.236518
0.168501	0.181981
0.205435	1.169953
0.111259	0.213061
0.140579	0.380266
0.098955	0.216216
0.068785	0.110401
0.174068	0.557889
0.134811	0.150314
0.133660	0.268656
0.317466	1.346054
0.090134	0.108612
0.145328	0.111902
0.181068	0.283371
0.159332	0.168892
0.179989	0.281682
0.131145	0.243273
0.186946	0.844061
0.212948	0.664396
0.187859	1.282136
0.088015	0.178231
0.183759	0.580680
0.169306	0.174385
0.222811	0.768699
0.078942	0.119991
0.182111	0.364222
0.151897	0.507336
0.199683	1.269986
0.111551	0.138881
0.144481	0.421161
0.075400	0.150045
0.191785	1.267697
0.219406	3.040968
0.130641	0.267161
0.092366	0.166720
0.259776	1.314467
0.124353	0.267360
0.094727	0.129776
0.091030	0.147013
0.126683	0.221694
0.162147	0.348616
0.081390	0.184755
0.120139	0.616312
0.135169	0.233842
0.103466	0.232280
0.092211	0.316285
0.118785	0.298150
0.085301	0.127525
0.128153	0.383817
0.161860	0.763978
0.127109	0.355271
0.127633	0.498407
0.211436	0.495817
0.183524	0.380812
0.112309	0.157794
0.146267	0.394190
0.128837	0.234483
0.100007	0.186013
0.139434	0.522180
0.192257	0.474874
0.111301	0.180308
0.086970	0.159155
0.164466	0.169399
0.152544	0.388988
0.075669	0.110099
0.129400	0.386906
0.094638	0.139591
0.129312	0.554102
0.093332	0.355130
0.212353	1.122286
0.142681	0.486541
0.212048	2.050508
0.073625	0.085773
0.257651	1.549769
0.145688	1.105775
0.108197	0.124968
0.134030	0.263368
0.220631	1.140662
0.081271	0.194645
0.224202	1.280195
0.296707	1.520626
0.218771	0.322687
0.220001	0.295902
0.208461	0.227222
0.187667	0.164209
0.174449	0.292202
0.171192	0.196871
0.227630	0.297057
0.150662	0.223733
0.129587	0.124404
0.251178	0.591525
0.264915	0.935148
0.178311	0.400307
0.227940	0.925438
0.228059	1.150558
0.214998	0.605219
0.200319	1.891016
0.147251	0.316590
0.255574	0.837004
0.278300	1.100676
0.090919	0.216388
0.238136	0.742985
0.155754	0.211046
0.196357	1.682782
0.103992	0.194985
0.141451	0.177521
0.077515	0.101932
0.111280	0.349419
0.192517	0.672846
0.142527	0.151791
0.145460	0.221099
0.083051	0.096339
0.137765	0.377475
0.166050	0.366970
0.066190	0.118149
0.083595	0.183492
0.191839	0.891090
0.130716	0.222217
0.062605	0.106742
0.144328	0.267728
0.263211	1.720086
0.096533	1.318154
0.114034	0.161928
0.070802	0.123550
0.178297	1.202613
0.114549	0.264035
0.131911	0.137188
0.119930	0.239860
0.127687	0.219622
0.085501	0.161597
0.077856	0.139751
0.180605	0.273617
0.124508	0.126375
0.250187	0.572927
0.237779	0.515981
0.179580	0.311572
0.204943	0.657868
0.119458	0.159476
0.141069	0.387941
0.147905	0.540594
0.080952	0.125881
0.154475	0.396229
0.074039	0.142156
0.151331	0.550846
0.106482	0.183682
0.162906	1.149305
0.230825	1.514213
0.102076	0.465468
0.157317	0.566341
0.105814	0.259773
0.148730	0.638053
0.062111	0.105278
0.098746	0.262171
0.105936	0.343231
0.093940	0.271017
0.142919	0.626699
0.189553	2.011161
0.041460	0.119196
0.139099	0.179437
0.114032	0.575863
0.158155	0.539307
0.081305	0.394330
0.066381	0.117163
0.062203	0.145554
0.094465	0.144059
0.153246	0.862773
0.259687	0.244106
0.128768	0.706292
0.080235	0.291253
0.069071	0.169568
0.091549	0.147394
0.183518	1.375469
0.084267	0.147468
0.157641	0.755888
0.068589	0.173529
0.130249	0.343207
0.108816	0.324273
0.110960	0.145912
0.106410	0.138865
0.129904	0.296831
0.163385	0.490155
0.068674	0.183703
0.170568	0.875868
0.074535	0.105839
0.166392	1.009998
0.078704	0.174330
0.176825	0.365144
0.181881	0.239173
0.146632	0.609257
0.172017	0.250285
0.105929	0.202854
0.125498	0.163775
0.154777	0.334318
0.163552	0.562619
0.117230	0.300696
0.149460	0.129283
0.079071	0.291377
0.200822	0.465908
0.056032	0.160812
0.131416	0.412648
0.077779	0.280004
0.118007	0.410073
0.185357	1.440222
0.121440	0.320601
0.060404	0.166110
0.065570	0.116386
0.122482	0.190459
0.188443	1.727082
0.111731	0.203909
0.088227	0.186601
0.136523	0.223897
0.149056	0.182594
0.083580	0.170504
0.198920	0.622619
0.125666	0.142630
0.138127	0.399188
0.095142	0.130821
0.122871	0.206423
0.092371	0.217072
0.120683	0.147837
0.135057	0.385588
0.120180	0.485529
0.132725	0.348404
0.081736	0.136498
0.168969	0.871882
0.146056	1.210806
0.052714	0.212436
0.122226	0.228562
0.179920	0.383230
0.200826	1.001117
0.178149	0.527321
0.084179	0.154469
0.113352	0.414867
0.122139	0.266874
0.157509	0.490641
0.113737	0.225199
0.164754	0.782582
0.162791	1.312096
0.084774	0.299675
0.109622	0.293786
0.183523	0.674445
0.162583	0.253630
0.140636	0.374091
0.261305	1.917982
0.143459	0.241011
0.117068	0.263989
0.105027	0.560843
0.110017	0.162826
0.153611	0.343320
0.132320	0.180616
0.172563	0.819672
0.110726	0.197646
0.115390	0.431559
0.172409	0.406022
0.099656	0.339828
0.133574	0.427438
0.092368	0.174115
0.056114	0.186578
0.184827	1.048891
0.146351	0.195379
0.089109	0.171089
0.113024	0.307424
0.080221	0.194537
0.123316	0.212721
0.099839	0.311497
0.081801	0.159102
0.056067	0.128393
0.084915	0.121854
0.073520	0.194459
0.091933	0.448632
0.240479	2.170321
0.204357	0.411779
0.078676	0.162073
0.053087	0.148378
0.079556	1.000820
0.063963	0.205002
0.134159	0.177090
0.050606	0.107790
0.102715	0.217756
0.113897	0.279049
0.127056	0.900830
0.082867	0.214210
0.174679	0.360712
0.146442	0.568197
0.140680	0.542322
0.085088	0.174430
0.128812	0.436671
0.080814	0.147081
0.137350	0.311785
0.146882	0.450193
0.131493	0.201842
0.183933	0.182094
0.168769	0.162862
0.145755	0.303900
0.137765	0.360255
0.072334	0.158773
0.149659	0.646527
0.083157	0.216207
0.104685	0.158074
0.189572	0.328907
0.085407	0.103769
0.100614	0.093068
0.223040	1.360547
0.232056	0.146195
0.170289	0.407842
0.148748	1.129745
0.194445	0.520140
0.073275	0.196011
0.112672	0.268159
0.190810	0.818574
0.113824	0.176427
0.187935	0.483932
0.254046	1.882482
0.146624	0.524913
0.177354	0.648228
0.081168	0.168423
0.138008	0.171820
0.100777	0.473146
0.154277	0.590880
0.086913	0.315928
0.116987	0.308260
0.114976	0.437484
0.069594	0.191384
0.115523	0.217183
0.078912	0.265146
0.080612	0.159613
0.137662	0.395778
0.196337	0.158052
0.213198	0.650254
0.241994	1.408403
0.180521	0.365555
0.179400	1.227993
0.145907	0.474928
0.122117	0.522052
0.178360	1.084429
0.097586	0.183950
0.115274	0.338329
0.141646	0.338533
0.117558	0.240405
0.213392	0.485467
0.081471	0.181273
0.135062	0.433549
0.129713	0.460482
0.161027	0.719792
0.101084	0.256248
0.235778	1.929844
0.143224	0.249210
0.077997	0.134544
0.198343	1.103780
0.111650	0.184780
0.184251	0.475368
0.158807	0.534387
0.034315	0.194053
0.118450	0.318629
0.156071	0.517376
0.140280	0.911823
0.245998	0.873292
0.173946	1.068026
0.118414	0.362346
0.178536	0.334754
0.209241	0.418482
0.253992	1.408388
0.210923	0.892202
0.107885	0.237347
0.154038	0.287281
0.162352	0.305223
0.162764	0.314134
0.160528	0.441452
0.152813	0.725860
0.150111	0.171127
0.200923	0.338556
0.131373	0.394777
0.153303	0.157902
0.222327	0.895976
0.201141	0.277575
0.176151	0.435974
0.179256	0.415873
0.160396	0.311168
0.193285	0.622378
0.196892	0.807258
0.302459	0.963333
0.141005	0.182602
0.203641	0.967295
0.247297	0.571256
0.180194	0.886555
0.244074	0.972635
0.182039	0.839201
0.179894	0.419152
0.119359	0.162328
0.116054	0.167118
0.155788	0.314692
0.138574	0.292392
0.103842	0.159398
0.139078	0.164807
0.170901	0.345220
0.234989	0.547523
0.166015	0.561962
0.184171	0.311249
0.089828	0.119022
0.143243	0.428298
0.179937	0.754836
0.197157	0.858617
0.118255	0.203398
0.219722	0.675645
0.093464	0.120101
0.101152	0.147682
0.083364	0.115042
0.191631	0.658253
0.122227	0.157062
0.101737	0.138363
0.171485	1.425038
0.094426	0.151082
0.114996	0.382360
0.130264	0.664346
0.205853	0.395237
0.133938	0.338192
0.170814	0.743896
0.160006	0.949633
0.161736	0.680907
0.296564	1.248536
0.164704	0.293996
0.188048	0.154199
0.210347	1.084338
0.141793	0.198510
0.138080	0.444619
0.196352	0.782464
0.110077	0.119434
0.123243	0.509610
0.091781	0.095452
0.129542	0.255845
0.127413	0.272664
0.186321	1.627518
0.275334	1.697436
0.169466	0.383839
0.130680	0.236531
0.122177	0.161884
0.229537	1.572329
0.169726	0.204520
0.194749	0.788731
0.249066	0.606476
0.285096	1.426905
0.147752	0.212763
0.182932	0.627457
0.266117	1.064469
0.197116	0.207958
0.127679	0.442409
0.103608	0.135726
0.170024	0.235484
0.184483	0.513785
0.104326	0.224301
0.205019	1.750866
0.028984	0.086083
0.208191	0.388277
0.099954	0.155929
0.163997	1.043021
0.168016	0.301589
0.106100	0.588854
0.121968	0.138434
0.103779	0.585830
0.135988	0.327052
0.124298	0.268484
0.109193	0.221663
0.174221	0.326665
0.261464	0.471942
0.168865	0.690657
0.104581	0.200272
0.137575	0.450559
0.138369	0.294033
0.130779	0.255020
0.196961	1.159114
0.068770	0.251699
0.079207	0.251087
0.181191	0.605176
0.138825	0.344286
0.093550	0.204407
0.124010	0.507200
0.122612	0.166753
0.066061	0.160527
0.081050	0.159263
0.120236	0.195383
0.154066	0.828874
0.061233	0.112056
0.087546	0.132194
0.157054	0.375359
0.103387	0.173173
0.132779	0.351863
0.128295	0.567706
0.077767	0.230578
0.099780	0.277388
0.109239	0.161673
0.163242	1.025978
0.220875	0.594153
0.099965	0.225421
0.167987	1.136431
0.230394	2.469825
0.114746	0.446363
0.064360	0.104585
0.131381	0.430272
0.134568	0.266444
0.182815	0.437843
0.100452	0.269714
0.093107	0.217869
0.239689	2.052936
0.073279	0.155717
0.140057	0.890762
0.057022	0.186175
0.104368	0.200386
0.077504	0.187172
0.119134	0.265670
0.083615	0.565656
0.119065	0.525075
0.051834	0.110148
0.105573	0.643993
0.181024	0.703277
0.117512	0.172743
0.155238	0.371795
0.173849	0.502424
0.101267	0.709373
0.099970	0.187943
0.127992	0.166390
0.164846	0.711313
0.189645	1.187176
0.116483	0.256262
0.092863	0.214513
0.165739	0.542796
0.189680	0.489375
0.160918	0.657349
0.316820	2.368226
0.105532	0.222673
0.115980	0.594976
0.137806	0.276989
0.133787	0.762586
0.150608	0.155127
0.120196	0.285466
0.105727	0.281234
0.108958	0.770330
0.138530	0.283986
0.078225	0.125942
0.148268	0.209058
0.159824	0.611325
0.147806	0.703554
0.062351	0.102255
0.071308	0.188967
0.139042	0.327444
0.172981	0.286283
0.146423	1.021301
0.180908	0.967858
0.105024	0.379138
0.143545	0.484464
0.167715	0.877987
0.179489	0.971034
0.094564	0.167851
0.114482	0.393818
0.141199	0.761063
0.050739	0.134967
0.071898	0.224321
0.139043	0.383758
0.135126	0.666170
0.218909	1.027779
0.075813	0.102347
0.127777	0.200610
0.124622	0.281023
0.091828	0.138202
0.179189	0.958663
0.188644	0.621582
0.189391	1.067217
0.121193	0.192091
0.103247	0.217851
0.148088	0.232498
0.111339	0.623497
0.169152	0.184375
0.108231	0.280317
0.168053	0.382320
0.173810	0.197274
0.163712	0.262758
0.138778	0.384414
0.168565	0.261276
0.121922	0.179836
0.166975	0.316418
0.189682	0.489379
0.160782	0.262878
0.177620	0.551510
0.172316	0.232627
0.106668	0.178669
0.138594	0.212742
0.134149	0.201224
0.114631	0.154752
0.081738	0.122199
0.169669	0.487798
0.129273	0.286986
0.093254	0.123562
0.177363	0.402615
0.147455	0.137133
0.109838	0.168052
0.092518	0.223430
0.096338	0.204237
0.115510	0.246036
0.151920	0.273456
0.146004	0.963625
0.269058	1.540356
0.134652	0.179760
0.191091	0.318167
0.175501	0.401897
0.243585	0.901265
0.217851	0.359453
0.117554	0.144591
0.145602	0.267180
0.211440	1.088914
0.203090	0.270110
0.301904	2.362399
0.165518	1.417662
0.089385	0.156423
0.086966	0.233504
0.128440	0.274862
0.093056	0.137724
0.100370	0.130983
0.170067	0.865640
0.129319	0.244413
0.175625	0.479455
0.192704	0.496212
0.089989	0.176829
0.134393	0.388396
0.198623	1.938564
0.152857	0.295014
0.143595	1.271538
0.154770	0.612115
0.091918	0.130983
0.191030	0.208223
0.124568	0.279655
0.096615	0.167627
0.085444	0.287520
0.171699	0.345115
0.110468	0.149132
0.183095	0.714072
0.074834	0.117863
0.067760	0.106383
0.102287	0.137064
0.163612	0.598819
0.145165	0.329525
0.073038	0.151554
0.162583	0.357683
0.069858	0.261967
0.127470	0.420013
0.082808	0.176382
0.168929	0.549863
0.132651	0.657286
0.111685	0.123411
0.128942	0.265620
0.121008	0.402956
0.125968	0.379163
0.183961	0.472779
0.080038	0.096046
0.138288	0.247535
0.153421	0.289965
0.234073	0.731478
0.171033	0.638810
0.109840	0.588191
0.108593	0.316550
0.156798	0.337116
0.120613	0.246655
0.087655	0.193718
0.135219	0.201477
0.154303	0.259228
0.178335	0.676783
0.137806	0.366563
0.133737	0.224678
0.203822	0.640000
0.125774	0.365373
0.112197	0.152588
0.145522	0.297593
0.149879	0.597266
0.148758	0.204542
0.082125	0.135506
0.195848	0.263416
0.164710	0.246241
0.153784	0.284500
0.168110	0.958226
0.136001	0.540604
0.106235	0.138637
0.201608	0.407247
0.206105	1.551970
0.144957	0.398633
0.166598	0.481470
0.203197	0.214373
0.086587	0.213003
0.055673	0.108562
0.145819	0.370381
0.145609	0.171818
0.104301	0.271704
0.069038	0.094927
0.154440	0.371429
0.138623	0.252988
0.176329	0.806707
0.094518	0.213138
0.076935	0.146176
0.068235	0.125553
0.073523	0.102564
0.181770	1.998558
0.109304	0.272166
0.179261	0.883758
0.161252	0.308798
0.112239	0.329421
0.130999	0.372038
0.128764	0.169325
0.090206	0.161018
0.122195	0.472285
0.152420	0.297981
0.114754	0.202541
0.089935	0.186615
0.087946	0.122685
0.137657	0.502448
0.081142	0.155387
0.194188	1.442815
0.087279	0.449922
0.109881	0.314259
0.143738	0.311911
0.119845	0.448219
0.098434	0.345502
0.145502	0.568913
0.168693	0.496801
0.101602	0.648732
0.251453	1.770226
0.133534	0.693711
0.143177	0.537630
0.084113	0.173692
0.119728	0.170612
0.216029	1.061782
0.070335	0.167047
0.112033	0.148444
0.093585	0.305555
0.055957	0.173188
0.166512	0.294727
0.161240	0.753796
0.143374	0.592850
0.097452	0.211472
0.070397	0.108059
0.207800	0.590151
0.148936	0.597977
0.158798	0.289805
0.140467	0.327289
0.086343	0.154122
0.168678	0.488323
0.104212	0.138081
0.089888	0.128090
0.141325	0.251558
0.200890	0.241068
0.226649	0.681080
0.157772	0.538001
0.224497	0.336746
0.140617	0.245377
0.199683	0.431316
0.129999	0.139749
0.242849	0.866971
0.154937	0.230082
0.232309	0.921104
0.142178	0.140045
0.215720	0.316029
0.224057	0.511971
0.222659	0.278324
0.103955	0.129943
0.060833	0.098550
0.122469	0.279843
0.217383	0.405420
0.119995	0.123595
0.178313	0.983398
0.100760	0.123935
0.123532	0.174798
0.253289	0.616759
0.171490	0.403001
0.197393	0.530987
0.235722	0.630556
0.272989	0.454527
0.227364	0.396750
0.274505	1.163901
0.179177	0.519613
0.150302	0.290083
0.111631	0.161865
0.230259	0.558379
0.220860	0.684665
0.229274	0.633942
0.162645	0.220384
0.154103	0.179530
0.123386	0.130172
0.175744	0.180138
0.145449	0.450892
0.121079	0.171933
0.215076	0.289277
0.154775	0.435692
0.097425	0.169032
0.065367	0.106548
0.157473	0.240146
0.174961	0.422531
0.092215	0.216706
0.104215	0.142253
0.158312	0.527971
0.239388	1.769075
0.128465	0.337863
0.133995	0.422754
0.191478	0.457631
0.243702	2.227435
0.090330	0.232148
0.090553	0.338215
0.076789	0.189286
0.059475	0.203703
0.038508	0.104165
0.091257	0.142361
0.116905	0.263622
0.120435	0.166200
0.190645	1.160076
0.187485	1.352707
0.146591	0.533593
0.069540	0.124476
0.084796	0.155601
0.102256	0.164121
0.152849	0.598403
0.113019	0.142403
0.075564	0.121657
0.143728	0.280270
0.196465	0.313362
0.204179	1.404749
0.180078	0.924701
0.190830	0.223271
0.181636	1.088908
0.101500	0.139563
0.185014	0.153562
0.152833	0.206324
0.149560	0.290146
0.160192	0.433320
0.087500	0.214375
0.124889	0.362802
0.237447	1.638385
0.192018	0.341792
0.166924	0.830449
0.159142	0.313509
0.208358	0.533396
0.212221	0.291804
0.210290	0.378521
0.309837	0.596437
0.149402	0.324202
0.220898	0.713500
0.172852	0.415709
0.247598	0.965634
0.200902	0.468102
0.173085	0.399827
0.211166	0.147816
0.122723	0.457758
0.185201	0.206500
0.168022	0.687211
0.143940	0.258373
0.101005	0.228777
0.147379	0.618993
0.134624	0.296173
0.333189	2.657180
0.124806	0.265213
0.132976	0.180182
0.131316	0.160862
0.117630	0.189385
0.080674	0.162558
0.209143	0.416194
0.171363	0.256188
0.177232	0.576003
0.130720	0.373858
0.220940	1.699027
0.120791	0.383510
0.211650	1.521763
0.175992	1.173868
0.043187	0.137551
0.239121	0.498567
0.347052	0.581312
0.138015	0.400933
0.222429	0.966454
0.200911	0.680084
0.088734	0.290159
0.142957	0.238739
0.187640	0.419375
0.241591	0.415536
0.243630	0.620039
0.101162	0.186138
0.086599	0.142023
0.246517	0.436334
0.259880	1.046015
0.211897	0.529743
0.207209	0.555321
0.198375	0.231107
0.289588	0.706595
0.215806	0.502828
0.183775	0.452088
0.374303	1.933274
0.238218	0.284670
0.370554	3.368339
0.200609	0.967937
0.199786	0.292687
0.281018	0.976539
0.082421	0.147947
0.168411	0.835320
0.114840	0.215898
0.180432	0.334702
0.112910	0.286792
0.102178	0.136408
0.103128	0.261945
0.198664	0.845316
0.089862	0.181522
0.220742	1.824434
0.230490	0.505926
0.159693	0.823216
0.067323	0.084491
0.202360	0.216526
0.261172	0.912797
0.413161	1.807581
0.168471	0.224909
0.113155	0.226309
0.069310	0.215208
0.189249	0.562069
0.300939	0.598868
0.148912	0.139232
0.452415	2.076583
0.298571	1.162935
0.060173	0.101391
0.231532	0.309096
0.108314	0.167345
0.431793	1.075166
0.208335	0.638547
0.410484	0.630093
0.295972	0.654097
0.076314	0.117142
0.214694	0.364979
0.122646	0.150855
0.237120	0.506252
0.183825	0.279414
0.389661	1.545007
0.190234	0.355738
0.275114	0.485577
0.318014	1.092379
0.112515	0.164272
0.124129	0.304736
0.141867	0.206417
0.099050	0.128765
0.168196	0.209404
0.088605	0.130249
0.157594	0.654802
0.191310	0.904897
0.239475	0.670530
0.219766	0.509856
0.186121	0.257778
0.106249	0.304935
0.118384	0.173432
0.071322	0.134442
0.116110	0.265891
0.177984	0.321261
0.112951	0.242280
0.113651	0.162521
0.071140	0.111334
0.073474	0.124538
0.164533	0.528151
0.103173	0.163013
0.079857	0.209626
0.306283	4.059783
0.165422	0.149707
0.373361	1.782800
0.088954	0.199702
0.188964	1.900973
0.126155	0.752514
0.150440	0.499462
0.078807	0.203323
0.061561	0.132972
0.086739	0.150058
0.179033	0.322260
0.101582	0.151865
0.055951	0.143516
0.054399	0.134365
0.231970	0.734185
0.127213	0.902573
0.095940	0.429333
0.116063	0.726556
0.180361	0.241684
0.098541	0.262120
0.058254	0.145635
0.052548	0.115606
0.084925	0.245857
0.039922	0.172265
0.061768	0.163376
0.310395	0.743397
0.161061	1.005825
0.042676	0.172838
0.129067	0.333637
0.131829	0.658488
0.242687	2.152636
0.123399	0.749649
0.355404	2.127090
0.130102	0.637502
0.209784	0.535998
0.197003	0.412720
0.235533	0.443979
0.152043	0.550397
0.145424	0.194140
0.119461	0.382874
0.297266	1.386746
0.258284	0.473951
0.225859	0.564647
0.254340	0.717238
0.227110	0.716533
0.207682	0.545166
0.153967	0.290227
0.104200	0.155258
0.179324	0.326369
0.422684	1.092639
0.075246	0.084276
0.163003	0.202123
0.162072	0.505666
0.266839	1.182096
0.059793	0.217349
0.176571	0.492633
0.070062	0.115602
0.171307	0.540475
0.227128	0.430408
0.297908	0.519849
0.096607	0.129453
0.181326	0.874900
0.202604	0.350505
0.091919	0.121334
0.058672	0.165163
0.071324	0.175814
0.096702	0.146503
0.261789	4.056425
0.068831	0.148675
0.128704	0.364877
0.074644	0.137345
0.238557	0.635754
0.137166	1.696745
0.189273	0.503467
0.133972	0.255886
0.285330	0.972974
0.173672	0.659086
0.292919	0.928552
0.409783	0.905621
0.383209	2.621149
0.248008	0.422854
0.282321	0.550526
0.229204	0.402253
0.200578	0.366054
0.197250	0.274178
0.265198	0.583436
0.246771	1.275809
0.137614	0.143119
0.149723	0.340619
0.096632	0.131903
0.402876	1.184457
0.170288	0.346536
0.302791	2.084714
0.107036	0.090980
0.090569	0.225518
0.059687	0.101170
0.114209	0.197011
0.156468	1.529476
0.201232	0.464845
0.219174	0.818615
0.104548	0.272871
0.104711	0.169632
0.287981	2.038907
0.124778	0.249556
0.180929	0.344670
0.353090	1.949058
0.220283	1.659833
0.118542	0.216339
0.112431	0.216992
0.139349	0.484236
0.107874	0.143473
0.342921	1.534573
0.325536	0.524114
0.247818	0.638132
0.275394	0.414468
0.320722	1.699826
0.125672	0.122530
0.192117	0.384233
0.258781	1.453055
0.097067	0.176177
0.107480	0.211735
0.189680	0.425833
0.095695	0.177515
0.105179	0.187745
0.202244	0.368084
0.272257	1.693439
0.179906	0.814976
0.149566	0.801676
0.211180	0.612421
0.205858	0.657717
0.281534	1.631489
0.128665	0.221947
0.142631	0.149763
0.157363	0.335183
0.151699	0.368630
0.412326	2.356446
0.245310	0.702812
0.172446	0.666503
0.161742	0.439939
0.155866	0.416941
0.127853	0.477532
0.177646	0.494743
0.098506	0.206370
0.100575	0.246409
0.049930	0.112593
0.083610	0.234944
0.229589	1.750619
0.063519	0.278532
0.227061	0.928681
0.069013	0.123533
0.119296	0.499254
0.048473	0.094280
0.144585	0.740999
0.107097	0.564401
0.119415	0.804855
0.050356	0.160383
0.136160	0.260746
0.087032	0.251086
0.092634	0.508561
0.155521	0.604977
0.077638	0.132760
0.110607	0.240018
0.145493	0.362277
0.151135	0.319651
0.193089	0.458586
0.182450	0.847481
0.204895	1.157654
0.203423	0.618406
0.363336	2.904869
0.135467	0.170011
0.176311	0.466341
0.237280	0.709468
0.230731	0.398011
0.211328	0.436392
0.118549	0.167747
0.202714	0.226026
0.096529	0.194988
0.090435	0.179965
0.128435	0.258155
0.190926	0.657740
0.140138	0.428122
0.041624	0.081583
0.060633	0.084886
0.135835	0.595635
0.128466	0.249223
0.203788	0.357647
0.328248	0.968331
0.249749	1.312433
0.179786	1.600099
0.066360	0.100204
0.088575	0.134634
0.339669	0.857665
0.135813	0.273663
0.075285	0.092601
0.105662	0.208682
0.256684	1.033152
0.172972	0.435889
0.176936	0.299906
0.265317	0.348892
0.243896	0.559741
0.253700	0.417336
0.225916	0.495886
0.169360	0.290453
0.275020	1.108332
0.213914	0.339053
0.337538	1.753507
0.222644	1.017485
0.390937	2.060238
0.269043	0.789642
0.176492	0.525945
0.165267	0.164441
0.130365	0.327868
0.162424	0.409309
0.124169	0.314769
0.118309	0.265605
0.203575	1.016856
0.166207	0.270086
0.138178	0.377227
0.110941	0.372206
0.339685	3.121708
0.117762	0.558191
0.192274	1.143070
0.190567	1.515007
0.212056	0.566190
0.251588	0.997548
0.070752	0.106129
0.154246	0.204376
0.150041	0.276826
0.275839	1.148869
0.176618	0.496296
0.180659	0.334218
0.166557	0.340608
0.169327	0.485122
0.095752	0.124478
0.271360	1.130215
0.159848	0.618611
0.111892	0.198049
0.130650	0.219493
0.143480	0.182220
0.167235	0.407217
0.163755	0.460971
0.152928	0.197278
0.154651	0.208779
0.216380	0.442496
0.076768	0.091738
0.232383	0.606518
0.195046	0.240882
0.102882	0.299901
0.127126	1.191807
0.100909	0.253282
0.056695	0.093830
0.137469	0.331988
0.125193	0.356800
0.131000	0.487321
0.176363	0.437380
0.094460	0.295661
0.133962	0.234434
0.152634	0.311373
0.103510	0.193045
0.078019	0.170082
0.169453	0.686285
0.145746	0.623064
0.115006	0.286366
0.140848	0.268315
0.140015	0.211422
0.149480	0.417796
0.134689	0.245807
0.086869	0.270162
0.056774	0.088000
0.070183	0.259678
0.153482	0.509560
0.155489	0.289986
0.222401	1.209862
0.259246	0.672743
0.151598	0.181918
0.236058	0.522868
0.200098	0.393193
0.222373	1.325346
0.224452	0.315355
0.214459	0.638017
0.141740	0.396163
0.097497	0.494312
0.162231	0.924716
0.146283	1.394806
0.090370	0.356963
0.119289	0.328046
0.099193	0.162180
0.132354	0.165442
0.198708	1.123696
0.145017	0.183447
0.083529	0.112347
0.148513	0.367570
0.306959	2.474087
0.146577	0.275564
0.218903	1.180982
0.075311	0.138949
0.268842	1.727307
0.387930	2.273270
0.117454	0.199085
0.343785	1.801434
0.177582	0.198892
0.215987	0.726795
0.143312	0.534552
0.312827	2.264867
0.241677	0.774574
0.296770	1.408172
0.134783	0.138153
0.210149	0.326781
0.147413	0.572699
0.133914	0.245733
0.089107	0.171977
0.152637	0.237350
0.178393	0.365705
0.094662	0.143887
0.150616	0.202579
0.157179	0.227124
0.304371	2.232563
0.114312	0.227480
0.176273	0.388682
0.142072	0.270646
0.356497	2.049860
0.233500	0.521872
0.049442	0.179474
0.094020	0.208254
0.090670	0.161392
0.103390	0.155601
0.102505	0.254213
0.385752	2.839133
0.260461	1.222864
0.164609	0.143210
0.081053	0.130495
0.281563	1.245916
0.116475	0.170053
0.096472	0.230567
0.082936	0.310179
0.068467	0.162952
0.089735	0.096016
0.257591	0.761182
0.255653	1.159386
0.194154	0.878545
0.109393	0.114863
0.354755	2.121436
0.314379	3.162652
0.106595	0.122051
0.257583	1.508148
0.187293	1.244563
0.066169	0.142924
0.085789	0.251362
0.064197	0.238811
0.186515	0.514780
0.110645	0.134987
0.185283	0.314054
0.132500	0.229888
0.155379	0.222969
0.216009	0.317533
0.408203	1.398094
0.229917	0.559848
0.114275	0.203981
0.250481	0.936799
0.093251	0.174380
0.184216	0.233955
0.346064	2.232114
0.136921	0.252619
0.149511	0.232489
0.172104	0.182431
0.229267	0.804728
0.149755	0.379628
0.198093	0.607154
0.119610	0.203337
0.121810	0.360557
0.224131	1.010830
0.240843	1.538985
0.134218	0.507344
0.132251	0.339885
0.266676	1.510722
0.148537	0.555529
0.166393	0.393519
0.130775	0.169354
0.210779	0.552240
0.083191	0.236679
0.280401	1.983838
0.312012	0.851792
0.231629	1.872724
0.073172	0.125125
0.153024	0.218059
0.232110	0.584918
0.140846	0.165494
0.219747	0.447185
0.217904	0.441255
0.139335	0.163719
0.262915	0.897854
0.228903	0.433771
0.111036	0.257604
0.109293	0.374876
0.132213	0.336483
0.232611	0.632701
0.159249	0.226133
0.189828	0.478366
0.092851	0.252554
0.245964	2.227207
0.250489	0.675068
0.072346	0.098390
0.262994	0.436570
0.191920	0.524900
0.250257	1.167450
0.055406	0.096684
0.118840	0.200839
0.272677	1.810578
0.268281	0.533879
0.124317	0.179638
0.101542	0.161959
0.126831	1.237240
0.143426	0.458963
0.115997	0.294631
0.084669	0.165104
0.131130	0.177681
0.059993	0.125685
0.080402	0.157587
0.147570	0.453041
0.087765	0.261102
0.057563	0.143332
0.067327	0.101327
0.105778	0.763189
0.176103	1.121777
0.127412	0.191117
0.220954	0.427547
0.330559	2.224663
0.075309	0.131791
0.056624	0.121176
0.085505	0.147496
0.127236	0.431331
0.204683	0.461560
0.148697	0.469882
0.142429	0.531261
0.120412	0.508138
0.185465	0.832738
0.322932	1.795501
0.122802	0.289199
0.113951	0.209670
0.194105	0.297951
0.076552	0.154252
0.079376	0.169072
0.192496	0.748809
0.220931	0.309304
0.314327	1.477339
0.177281	0.488408
0.215507	1.051675
0.098563	0.243943
0.292567	1.727608
0.223083	0.632441
0.050752	0.098965
0.335440	2.374918
0.236462	0.522581
0.242803	0.849809
0.090226	0.185415
0.133577	0.376686
0.142551	0.634351
0.092205	0.089900
0.264686	0.569075
0.131663	0.305457
0.228580	0.716600
0.317341	1.226524
0.484733	1.958321
0.109339	0.196264
0.306404	0.827291
0.052507	0.082699
0.215331	0.602927
0.261626	0.293021
0.393750	2.561345
0.167776	1.255800
0.130938	0.216048
0.087783	0.194000
0.092100	0.220579
0.164121	0.396353
0.210435	0.711269
0.262742	0.914344
0.112887	0.435178
0.083282	0.319387
0.139854	0.276212
0.094972	0.330977
0.109351	0.330241
0.138677	0.295382
0.119060	0.548866
0.269572	1.335732
0.109720	0.250162
0.116898	0.248992
0.131278	0.533646
0.217978	0.910056
0.219147	0.541293
0.169551	0.798585
0.055787	0.101812
0.090554	0.163903
0.230509	1.000407
0.175020	0.481306
0.069594	0.087688
0.182136	0.795026
0.124155	0.324666
0.107053	0.162185
0.130141	0.292167
0.315450	0.971586
0.338013	1.570071
0.208855	0.356097
0.259858	0.444358
0.121618	0.195197
0.054825	0.135966
0.202897	0.615791
0.098589	0.291330
0.109018	0.398462
0.047783	0.113724
0.142764	0.555352
0.046065	0.092131
0.131503	0.397796
0.096991	0.175068
0.244024	2.162055
0.075153	0.235229
0.097427	0.249412
0.080151	0.122231
0.072546	0.131307
0.102473	0.314081
0.107286	0.367454
0.154847	0.355375
0.218649	0.599099
0.164283	0.555275
0.226937	0.467490
0.151073	0.419228
0.224207	0.624415
0.111066	0.238793
0.201171	0.858998
0.303984	0.673325
0.155248	0.264698
0.149895	0.201609
0.132947	0.202744
0.108921	0.251607
0.100869	0.175008
0.245113	0.665481
0.315634	1.522933
0.232094	0.563988
0.314917	0.840828
0.141203	0.331122
0.174582	0.349164
0.285756	0.847266
0.120627	0.220748
0.127367	0.415853
0.195265	0.357335
0.192356	0.946389
0.206945	1.414470
0.282437	1.398063
0.102340	0.196492
0.142879	0.390774
0.139051	0.275321
0.218905	0.812138
0.108279	0.128311
0.085042	0.251300
0.202154	1.851731
0.142284	0.315871
0.313522	1.462582
0.255102	0.880101
0.143417	0.261019
0.174574	0.405011
0.110469	0.617524
0.271838	0.922888
0.155449	0.215297
0.214586	0.550414
0.240487	1.436911
0.189592	0.994410
0.249841	1.049333
0.163520	0.466849
0.130118	0.538037
0.332003	2.186239
0.137140	0.236567
0.214678	0.926334
0.115844	0.258910
0.210519	0.863127
0.112271	0.213876
0.158750	0.461962
0.134426	0.435539
0.099781	0.185592
0.192175	0.970486
0.177723	0.438977
0.162720	0.321372
0.084359	0.186011
0.192705	1.718932
0.099381	0.243483
0.177256	0.558357
0.076572	0.174583
0.139705	1.200766
0.153237	1.081857
0.066711	0.115411
0.120204	1.518779
0.243315	1.846762
0.195655	0.387397
0.169357	0.842549
0.072118	0.290996
0.234666	1.698982
0.108376	0.451927
0.326550	3.169167
0.074617	0.145504
0.119755	0.614343
0.262267	0.764509
0.111906	0.229968
0.106681	0.178158
0.148461	0.761605
0.133504	0.365133
0.051679	0.115503
0.115933	0.146656
0.116588	0.452943
0.105840	0.134946
0.186286	1.018050
0.131137	0.418983
0.089841	0.319386
0.080643	0.176608
0.152066	0.207571
0.085886	0.167049
0.167536	0.572134
0.182473	0.693398
0.177757	0.632816
0.069645	0.092976
0.336040	0.510781
0.074876	0.116058
0.152972	0.321241
0.065739	0.119974
0.107415	0.595615
0.065409	0.195900
0.069440	0.269426
0.129415	0.876788
0.157543	0.795594
0.196251	0.438621
0.266798	1.591451
0.102784	0.194777
0.125157	0.226534
0.087718	0.174559
0.151304	0.219390
0.164680	0.302188
0.208680	0.739771
0.101409	0.227663
0.231251	1.526255
0.174990	0.442725
0.229692	0.591456
0.114344	0.163512
0.276858	2.980379
0.156802	0.295572
0.081149	0.152965
0.129845	0.275272
0.226571	1.461385
0.131257	0.654314
0.128185	0.233296
0.163371	0.803786
0.264680	1.314135
0.088727	0.411694
0.066216	0.131770
0.149082	0.287728
0.129973	0.293088
0.159176	0.893771
0.121220	0.232742
0.117231	0.528125
0.157349	0.608940
0.129383	0.329279
0.156496	0.445230
0.070938	0.090446
0.174953	0.609711
0.114291	0.240012
0.169587	0.841999
0.087008	0.475932
0.062990	0.105508
0.138398	0.630401
0.087198	0.282523
0.150609	0.955616
0.279695	1.328553
0.262407	2.298682
0.133415	0.351547
0.081065	0.865369
0.191057	1.661237
0.095703	0.257442
0.116367	0.314773
0.190843	0.334929
0.180060	1.315338
0.284017	0.925896
0.187020	0.298297
0.186753	0.262389
0.207400	0.619090
0.107419	0.235785
0.282951	1.605745
0.133312	0.513251
0.167915	1.006651
0.124046	0.200334
0.258352	1.078618
0.107456	0.136469
0.187687	0.267454
0.350775	1.397840
0.243598	0.515209
0.316709	1.619968
0.224580	0.409858
0.088837	0.111934
0.099934	0.157396
0.146831	0.331103
0.150107	0.208649
0.241832	0.946773
0.086657	0.157716
0.097716	0.120680
0.180921	0.284045
0.217658	0.399403
0.181572	0.885164
0.170695	0.373822
0.101828	0.145104
0.151937	0.278804
0.179915	0.386817
0.272045	0.693715
0.195512	0.312819
0.131014	0.246962
0.183467	0.402711
0.147550	0.669139
0.276348	1.633215
0.280075	1.541812
0.123959	0.285726
0.172510	0.874625
0.199251	1.770346
0.158263	1.302508
0.129495	1.288472
0.060600	0.159983
0.275452	0.835996
0.261982	1.043998
0.095260	0.240054
0.313705	1.256387
0.154069	0.191816
0.157582	0.472746
0.246194	1.290054
0.301644	1.749534
0.125480	0.253470
0.118446	0.377250
0.191134	0.830476
0.125557	0.244837
0.112064	0.269513
0.151693	0.332209
0.138848	0.550533
0.299385	2.145093
0.084133	0.269226
0.130753	0.359570
0.134109	0.209880
0.092838	0.166645
0.178378	1.157672
0.167424	0.224349
0.196892	0.458759
0.106141	0.139045
0.065401	0.129166
0.191584	0.409989
0.287812	1.290838
0.140444	0.226818
0.094575	0.201918
0.076700	0.300280
0.265254	1.074277
0.222244	0.396705
0.214930	0.347112
0.118958	0.445497
0.140819	0.211932
0.172276	0.442748
0.147540	0.346718
0.345919	1.124235
0.165288	0.325618
0.087278	0.189394
0.188348	0.696889
0.127169	0.284222
0.321570	0.816787
0.216442	0.518379
0.123425	0.155515
0.125919	0.416791
0.171472	0.865934
0.220083	1.221458
0.340867	2.287219
0.175575	0.295844
0.355781	2.883603
0.168752	0.672476
0.086517	0.269933
0.353393	1.542560
0.234201	0.822047
0.263723	0.599970
0.122675	0.177878
0.160146	0.607753
0.133414	0.541660
0.069772	0.123148
0.100956	0.176672
0.079539	0.131638
0.127433	0.349165
0.064659	0.147422
0.143263	0.174781
0.120813	0.205381
0.154419	0.387591
0.168296	0.296202
0.198608	1.158878
0.149888	0.727707
0.153149	1.242808
0.141728	0.850367
0.117686	0.400722
0.063107	0.177014
0.258557	0.782136
0.121564	0.171405
0.271250	0.796117
0.284680	0.967913
0.175338	0.126243
0.043904	0.082539
0.181803	0.197256
0.170021	0.264382
0.274015	1.013855
0.099537	0.181157
0.121289	0.336576
0.052281	0.147170
0.180162	0.169352
0.116530	0.210336
0.042023	0.119346
0.174956	0.788175
0.191285	0.623589
0.295062	1.479735
0.126660	0.162125
0.222974	0.687875
0.172892	0.309476
0.229535	0.638107
0.109888	0.361532
0.022679	0.086067
0.113661	0.181290
0.211372	1.646589
0.228111	0.683192
0.163571	0.298518
0.068830	0.297688
0.110647	0.369007
0.117336	0.216486
0.136529	0.249166
0.093503	1.358128
0.092836	0.649852
0.085551	0.388828
0.159411	0.573879
0.091811	0.288746
0.045460	0.172064
0.184536	0.416128
0.081740	0.188819
0.165614	0.480280
0.121967	0.587269
0.153889	1.445018
0.116461	0.312697
0.132003	0.541211
0.153621	0.466240
0.074420	0.162608
0.074135	0.146788
0.199073	1.633396
0.100356	0.185157
0.046316	0.137558
0.095416	0.167455
0.208380	0.959590
0.191490	0.956494
0.142836	0.202113
0.129500	0.465551
0.216144	1.957181
0.182034	1.486304
0.102915	0.334989
0.208068	0.735520
0.138681	0.554032
0.094762	0.542986
0.105290	0.419580
0.130811	0.410093
0.157570	0.818577
0.156089	1.083259
0.103298	0.218474
0.162931	0.435839
0.159122	1.468697
0.133147	0.175755
0.143543	0.236128
0.059579	0.167715
0.093224	0.151955
0.247606	2.646907
0.104672	0.419211
0.159897	0.901022
0.129502	0.409226
0.088370	0.246553
0.106980	0.287241
0.087563	0.241675
0.049880	0.170340
0.199666	1.132107
0.108881	0.256960
0.138144	0.541524
0.162368	0.452196
0.134458	0.313288
0.182327	1.537015
0.227516	1.103451
0.208184	0.246698
0.129198	0.293280
0.092992	0.200863
0.264559	1.048976
0.154041	0.514498
0.235644	0.911943
0.088809	0.196712
0.089977	0.295574
0.107718	0.386169
0.162127	0.803338
0.152086	0.231171
0.097486	0.281248
0.086639	0.149452
0.135772	0.256609
0.101999	0.287636
0.104566	0.426628
0.170243	0.578825
0.225116	1.525161
0.189334	1.462603
0.141343	0.329329
0.165787	0.585226
0.332045	1.057563
0.122414	0.140776
0.103794	0.168146
0.239153	0.215238
0.284857	0.712142
0.134063	0.136074
0.206523	0.520439
0.139705	0.179521
0.184225	0.314104
0.156007	0.166148
0.268911	0.508242
0.303805	1.980808
0.143287	0.231408
0.293043	0.583155
0.120516	0.241033
0.261218	0.860714
0.080425	0.166078
0.177457	0.591819
0.079738	0.164659
0.086929	0.162123
0.050729	0.137222
0.145181	0.259873
0.181554	0.849671
0.140910	0.382571
0.086661	0.211020
0.114594	0.476140
0.051917	0.119668
0.195550	2.448281
0.105771	0.323130
0.192560	1.259342
0.104002	0.206965
0.171894	1.151689
0.101890	0.324519
0.074352	0.111900
0.063565	0.142704
0.104012	0.305275
0.240174	1.658402
0.129592	0.440614
0.085190	0.316479
0.054068	0.109217
0.125182	0.562694
0.073643	0.199573
0.206562	1.370538
0.149125	0.548781
0.212095	1.574805
0.307727	3.017263
0.134502	0.851398
0.196034	0.305813
0.202486	0.796781
0.121158	0.374379
0.081700	0.205475
0.059390	0.272008
0.146594	0.603235
0.076527	0.202798
0.087925	0.348622
0.169809	0.438957
0.202532	1.622278
0.183391	0.388788
0.080179	0.188019
0.188153	0.358431
0.069769	0.170584
0.089229	0.186934
0.075643	0.437219
0.112058	0.313763
0.118824	0.183583
0.283692	1.764567
0.218979	1.033583
0.063830	0.125745
0.109877	0.236236
0.079205	0.135441
0.061426	0.129302
0.204571	1.568038
0.108638	0.160241
0.278550	1.460996
0.086298	0.398265
0.107774	0.362658
0.212237	0.881843
0.088860	0.171944
0.259082	1.606311
0.245720	1.328117
0.177469	0.220949
0.596262	0.870542
0.275808	0.153073
0.334001	0.619572
0.364853	1.410156
0.199494	0.165580
0.316326	0.381173
0.252972	0.548950
0.350162	0.985707
0.276310	1.213002
0.227909	0.186885
0.370466	1.372577
0.259922	0.239129
0.311463	0.778658
0.137808	0.292153
0.224215	0.283632
0.263566	0.267519
0.123484	0.302537
0.207132	0.724961
0.081331	0.247247
0.080334	0.131347
0.101928	0.333814
0.057421	0.192362
0.169379	0.262537
0.073775	0.099966
0.139101	0.301850
0.150217	0.543035
0.074954	0.154780
0.208506	0.781896
0.174949	0.529221
0.063650	0.118071
0.104275	0.100104
0.290581	0.871743
0.055718	0.102800
0.130743	0.227493
0.180632	0.439839
0.153448	1.140888
0.182761	0.828819
0.151241	0.329704
0.145540	0.458452
0.099032	0.186181
0.249415	0.793139
0.268445	0.436222
0.081124	0.182123
0.118276	0.460686
0.079765	0.332219
0.182430	1.484981
0.360633	3.373723
0.061852	0.171638
0.101670	0.171313
0.065782	0.140116
0.121360	0.231192
0.122137	0.333435
0.136180	0.258061
0.213220	0.555437
0.113659	0.265963
0.090831	0.162588
0.109130	0.301745
0.200852	1.229214
0.148271	0.349920
0.134318	0.515108
0.284255	1.982680
0.083890	0.108637
0.137302	0.215565
0.101638	0.164654
0.114486	0.252443
0.124496	0.304392
0.198148	2.035974
0.173009	0.461069
0.091520	0.187159
0.169237	0.518711
0.324892	2.183276
0.114710	0.238022
0.168732	0.555129
0.154555	0.221014
0.098635	0.165214
0.061967	0.118667
0.102070	0.212816
0.119133	0.147130
0.174012	0.354985
0.210674	0.679422
0.108743	0.241410
0.313003	0.602531
0.107849	0.209227
0.098421	0.265245
0.107701	0.204093
0.202952	0.490128
0.181679	0.430578
0.148136	0.550325
0.143941	1.715778
0.089945	0.192932
0.161288	0.233061
0.179336	0.787286
0.197591	0.345785
0.142776	0.335524
0.171546	0.256461
0.162392	0.321537
0.153449	0.295390
0.301720	0.814644
0.153006	0.510275
0.395824	1.316115
0.098647	0.109991
0.312191	1.373642
0.199481	0.259325
0.156824	0.531632
0.135991	0.206026
0.131726	0.184417
0.086053	0.136824
0.195299	0.271466
0.195222	0.488055
0.094683	0.333283
0.215066	0.446261
0.153575	0.406974
0.232721	0.842452
0.138286	0.207429
0.073531	0.096693
0.089071	0.297051
0.266394	0.190472
0.077661	0.100182
0.117335	0.171309
0.159348	0.311526
0.206796	0.569722
0.213825	0.209548
0.193222	0.538124
0.179592	0.418448
0.131482	0.176843
0.233904	0.687677
0.161981	0.463265
0.242235	0.737606
0.159190	0.501448
0.156677	0.226399
0.127676	0.384943
0.085778	0.152256
0.181988	0.567802
0.293341	0.520680
0.125641	0.314103
0.132439	0.450955
0.146532	0.596386
0.168329	0.417457
0.140249	0.392697
0.186792	0.502472
0.137768	0.317555
0.076145	0.199499
0.166023	0.368570
0.099904	0.135870
0.122255	0.251846
0.161860	0.223366
0.199417	0.368922
0.192394	0.171230
0.192845	0.150419
0.206479	0.901282
0.196108	0.278474
0.181332	0.320958
0.282366	0.948748
0.263119	0.990642
0.292267	1.018551
0.087300	0.119165
0.225479	0.538895
0.098703	0.151509
0.345703	1.849509
0.169713	0.476895
0.188333	0.554641
0.069510	0.153966
0.165728	0.402720
0.199821	0.319713
0.141606	0.339146
0.131033	0.328892
0.171589	0.512192
0.109177	0.313884
0.062072	0.094040
0.177801	0.425833
0.108544	0.277329
0.085212	0.251375
0.065965	0.174808
0.046114	0.126122
0.253788	0.522803
0.052448	0.100962
0.162820	0.797816
0.219130	2.082835
0.111349	0.748265
0.102506	0.193737
0.107011	0.148745
0.128316	0.538926
0.136886	0.573553
0.148053	0.413807
0.071576	0.222242
0.066085	0.123909
0.149541	0.420211
0.127914	0.668990
0.082744	0.203549
0.098742	0.157987
0.147329	0.411047
0.065545	0.149770
0.169164	0.512567
0.118874	0.323338
0.135093	0.505249
0.196037	0.885107
0.057749	0.155055
0.181478	0.362957
0.072202	0.193140
0.183541	0.389108
0.220711	1.887076
0.158441	0.480075
0.217769	2.545717
0.176186	0.554105
0.200066	1.110364
0.089616	0.185953
0.167920	0.346755
0.283832	1.308467
0.177295	0.389164
0.150672	0.384967
0.097407	0.255205
0.078798	0.140260
0.125461	0.984242
0.135134	0.377025
0.082070	0.164960
0.146194	0.228794
0.207943	0.809938
0.129381	0.523344
0.081975	0.216824
0.143662	0.326113
0.284589	2.212679
0.205030	0.917511
0.221230	1.466758
0.130729	0.311788
0.127568	0.191352
0.257042	0.881653
0.340216	3.829130
0.189226	0.681212
0.168336	0.419155
0.310490	2.960526
0.286350	0.960706
0.211199	0.899708
0.255207	1.144602
0.263446	0.553237
0.187488	0.515593
0.180691	0.343313
0.159600	0.417355
0.156228	0.662406
0.096443	0.192886
0.243023	1.257646
0.186811	0.656639
0.139438	0.217524
0.086711	0.096250
0.132419	0.621709
0.091701	0.135260
0.177352	0.469984
0.087922	0.138037
0.114193	0.143313
0.103398	0.206796
0.230715	1.615004
0.062649	0.313556
0.263370	0.742704
0.161768	0.516850
0.095451	0.231946
0.143262	0.833785
0.115418	0.303549
0.282722	1.088480
0.145954	0.352479
0.255577	1.382671
0.107754	0.586718
0.179440	2.221469
0.180921	1.004110
0.112962	0.342841
0.110118	0.231248
0.218705	3.019222
0.118591	0.530100
0.037776	0.184346
0.117207	0.375647
0.077336	0.096670
0.195102	1.675928
0.093582	0.355145
0.125583	0.734662
0.156254	1.096905
0.215120	0.482943
0.105073	0.232211
0.177094	0.720772
0.085364	0.202314
0.122797	0.225946
0.269939	0.801718
0.366174	1.752144
0.458366	2.021393
0.258989	1.076100
0.193633	0.370808
0.110859	0.203981
0.224439	0.212095
0.143880	0.194239
0.149002	0.389639
0.205878	0.359257
0.167488	0.528426
0.189952	0.442589
0.325717	1.118838
0.106467	0.145860
0.218156	0.645741
0.071427	0.097854
0.089236	0.128499
0.148908	0.215172
0.200323	0.370597
0.173063	0.323628
0.176403	0.403963
0.156782	0.288479
0.204735	0.492389
0.110782	0.122414
0.182949	0.438164
0.065440	0.108303
0.132047	0.153175
0.230612	1.410191
0.338892	2.409525
0.164965	0.461077
0.243904	0.981714
0.142676	0.283926
0.110348	0.134625
0.135200	0.197392
0.146886	0.198296
0.150461	0.209140
0.195372	0.484522
0.124539	0.266513
0.087034	0.117931
0.256354	1.608622
0.124821	1.110908
0.131025	0.610578
0.058294	0.182167
0.104731	0.242977
0.069994	0.218031
0.328940	2.082190
0.121435	0.353982
0.093558	0.291434
0.215165	0.918756
0.101256	0.169603
0.221556	0.514010
0.172338	0.585950
0.194264	0.203977
0.140032	0.258358
0.123348	0.585285
0.306673	0.705348
0.163092	0.303351
0.449095	1.989493
0.152138	0.222882
0.359042	1.529519
0.136629	0.216557
0.160971	0.220531
0.288918	0.756966
0.157127	0.273401
0.083992	0.146566
0.240521	0.768465
0.049713	0.069598
0.216432	1.095146
0.269431	0.602179
0.156898	0.178079
0.228709	0.341920
0.232714	0.409576
0.308377	1.150246
0.266915	0.332309
0.150080	0.184599
0.217013	0.632593
0.321988	0.785650
0.233540	0.893290
0.258829	0.556483
0.155517	0.299370
0.258145	0.564047
0.297485	0.914765
0.218326	0.290374
0.242293	0.758377
0.204978	0.371010
0.156161	0.231898
0.245232	0.217031
0.107094	0.118339
0.207130	0.502290
0.380498	2.828999
0.224157	0.309336
0.334559	1.214449
0.162821	0.175032
0.165649	0.237707
0.192669	0.425798
0.367263	2.295393
0.241777	1.285046
0.245261	0.548158
0.156407	0.328455
0.330754	0.610241
0.237146	0.640293
0.146670	0.336608
0.105492	0.128701
0.218076	0.522292
0.220616	0.520654
0.245623	0.422472
0.287661	0.753673
0.351509	1.785665
0.260626	0.495190
0.166858	0.306185
0.119159	0.114988
0.104274	0.116787
0.279676	0.461466
0.222935	0.473738
0.118016	0.164633
0.344430	1.591268
0.158236	0.501610
0.198811	1.333025
0.078634	0.219783
0.113734	0.559571
0.138685	0.271130
0.161624	0.416182
0.192693	0.360335
0.273344	0.762629
0.308370	1.366077
0.283471	0.625054
0.196715	0.489821
0.308308	1.495294
0.138854	0.329778
0.085205	0.140589
0.212668	0.586965
0.135871	0.165083
0.342920	1.541425
0.306576	0.458331
0.145340	0.798642
0.227133	0.456536
0.200028	0.273038
0.288879	0.557536
0.206057	0.749019
0.174679	0.654173
0.094861	0.121896
0.384866	1.066079
0.205130	0.457440
0.299379	1.342716
0.190061	0.236626
0.220612	0.339742
0.148331	0.334486
0.140196	0.154215
0.258115	1.273799
0.154014	0.348841
0.251962	1.453820
0.202367	0.299504
0.124220	0.229185
0.277436	0.753240
0.220174	0.964364
0.167401	0.613526
0.175836	0.172319
0.204817	0.418850
0.072108	0.082564
0.164299	0.471538
0.149453	0.653856
0.170368	0.247885
0.215880	0.429602
0.190077	0.607295
0.085528	0.098785
0.203158	0.626742
0.097887	0.149768
0.117611	0.748592
0.136582	0.458916
0.193211	0.462740
0.105503	0.301211
0.116800	0.243528
0.191288	0.755588
0.184458	1.240479
0.143060	0.550065
0.172017	0.951257
0.033198	0.151219
0.139140	1.076245
0.238866	1.335259
0.217558	1.381496
0.179968	0.338339
0.226443	0.874070
0.250116	0.995462
0.358271	2.069013
0.077686	0.203924
0.116224	0.242328
0.113876	0.232306
0.095539	0.222607
0.071530	0.153074
0.073187	0.176015
0.108871	0.236250
0.102732	0.230634
0.188541	1.017180
0.058390	0.110358
0.093916	0.214130
0.105319	0.266456
0.246186	1.521429
0.087217	0.143472
0.108714	0.270699
0.067697	0.095791
0.078686	0.247861
0.099319	0.266672
0.092033	0.129306
0.092590	0.176848
0.208457	0.574299
0.115077	0.265827
0.212012	0.665716
0.208244	0.481043
0.116386	0.178070
0.077974	0.123978
0.264445	1.311649
0.109074	0.196878
0.150757	0.238950
0.058979	0.101149
0.062448	0.137698
0.119329	0.205245
0.053442	0.140819
0.154590	0.857204
0.160119	0.449935
0.081875	0.213285
0.084138	0.257462
0.151544	0.338701
0.068507	0.218195
0.082204	0.184548
0.055216	0.115126
0.092847	0.118380
0.251995	0.404452
0.203459	1.219736
0.177020	0.953250
0.179010	0.362494
0.076208	0.222146
0.126906	0.265869
0.126606	0.364627
0.145638	0.238118
0.082508	0.171205
0.225727	0.434525
0.068539	0.112061
0.147176	0.373828
0.227811	2.036626
0.161136	0.343219
0.099296	0.170790
0.433799	2.086573
0.238786	1.910288
0.146279	0.731395
0.028223	0.067593
0.155022	0.287566
0.125246	0.234836
0.136763	0.330284
0.219560	0.207484
0.068797	0.100788
0.126407	0.740114
0.106919	0.291355
0.058577	0.108075
0.147632	0.355054
0.345609	2.208444
0.322313	0.683304
0.102784	0.185011
0.141807	0.694144
0.110238	0.157089
0.309892	1.485930
0.202879	0.847019
0.334782	2.477384
0.128202	0.154483
0.081190	0.104735
0.108879	0.247155
0.252554	1.742625
0.105066	0.191745
0.110858	0.277145
0.108098	0.804790
0.100786	0.241383
0.097937	0.247292
0.085674	0.210330
0.100594	0.175034
0.445467	3.153905
0.178063	0.527957
0.161156	0.842845
0.172714	0.339383
0.282089	0.751768
0.135942	0.400349
0.273447	1.536770
0.142595	0.264513
0.173115	0.669089
0.257485	0.648862
0.093395	0.143828
0.163024	0.420603
0.368792	2.743812
0.179185	0.759745
0.186419	0.517312
0.088946	0.111183
0.184784	0.214349
0.221140	0.484296
0.198336	0.611868
0.119586	0.183565
0.280688	0.694702
0.175343	0.410303
0.153508	0.134320
0.290242	0.943288
0.182397	0.556311
0.292713	0.286858
0.251395	0.398462
0.340673	2.938309
0.244030	0.896809
0.569075	4.416023
0.136740	0.103239
0.163165	0.355701
0.275157	1.430818
0.156098	0.198244
0.330578	1.613221
0.246522	0.406762
0.164589	0.234540
0.166004	0.402559
0.210114	1.055825
0.147236	0.214965
0.317953	0.588214
0.215507	0.509675
0.317743	1.197891
0.122535	0.209536
0.211948	0.610409
0.280400	2.067949
0.263872	0.390531
0.129193	0.280349
0.154082	0.344374
0.339827	2.185085
0.188144	0.281275
0.167345	0.253527
0.187727	0.380146
0.270486	1.029200
0.155955	0.315809
0.303493	0.936277
0.229667	0.716560
0.163253	0.329770
0.085336	0.125871
0.070727	0.132260
0.061948	0.102215
0.291115	2.532697
0.245684	1.663278
0.284691	1.783590
0.069092	0.106747
0.106674	0.176545
0.255027	0.197646
0.136148	0.194691
0.403214	2.897092
0.288062	0.286622
0.199500	0.174562
0.331832	2.465508
0.232773	0.364290
0.094264	0.178160
0.244734	0.673018
0.249778	0.281000
0.169041	0.445422
0.135216	0.240685
0.106115	0.168723
0.341615	0.886490
0.383479	1.691141
0.095094	0.125049
0.210075	1.123899
0.250417	0.267946
0.353619	1.545316
0.107951	0.144655
0.269310	0.752721
0.298263	0.510029
0.258298	0.463645
0.317097	0.648464
0.125465	0.188825
0.079403	0.113149
0.171656	0.308123
0.054707	0.124185
0.089512	0.116366
0.115330	0.320617
0.357284	1.104008
0.097446	0.291364
0.103929	0.244232
0.151107	0.185106
0.103255	0.344356
0.160336	0.366368
0.238023	0.631950
0.159982	0.263971
0.302151	1.586291
0.116829	0.160056
0.200045	0.380085
0.336215	1.681077
0.090868	0.239438
0.095748	0.204900
0.134339	0.544071
0.055083	0.098874
0.273269	2.673941
0.181256	0.703272
0.084165	0.401888
0.117268	0.415128
0.165757	0.861107
0.069603	0.216118
0.145962	0.584576
0.107010	0.245052
0.223156	1.189423
0.091164	0.466305
0.060069	0.105121
0.089377	0.640388
0.162788	0.501386
0.170290	0.511722
0.128108	0.518197
0.116866	0.314369
0.226123	2.049806
0.153455	0.216372
0.092116	0.443541
0.202061	1.343703
0.144432	1.055799
0.145251	1.703789
0.155924	0.369541
0.139473	0.232919
0.293940	0.609926
0.151342	0.262579
0.126861	0.249917
0.288087	1.381378
0.077412	0.092507
0.209432	0.395826
0.181798	0.299058
0.314635	0.791306
0.344839	0.946584
0.144502	0.284670
0.170772	0.302266
0.232359	1.186191
0.144384	0.331361
0.097598	0.128341
0.098488	0.129512
0.222229	0.583350
0.276251	0.259676
0.441758	0.868055
0.190641	0.229722
0.152875	0.140645
0.170414	0.927052
0.208889	1.471620
0.127830	0.945942
0.094019	0.157482
0.153095	0.917038
0.342648	2.314590
0.117693	0.281875
0.169396	0.772447
0.075865	0.153248
0.252743	1.330690
0.295767	0.462876
0.127273	0.232272
0.179683	0.916385
0.213157	0.299485
0.161476	0.303574
0.138386	1.765806
0.085364	0.243287
0.069489	0.135504
0.253978	1.027342
0.146992	1.722743
0.093834	0.189076
0.047102	0.086667
0.068842	0.121850
0.116120	0.177663
0.222414	0.659457
0.036515	0.107718
0.175784	0.351568
0.169169	1.245084
0.174182	0.415424
0.106066	0.300168
0.172361	0.692892
0.164491	0.183408
0.058680	0.103863
0.144412	0.485226
0.048217	0.087996
0.169946	0.271914
0.146163	0.199512
0.160133	0.368305
0.133004	0.600513
0.086557	0.173114
0.206799	1.615103
0.096847	0.289573
0.199611	0.530966
0.103826	0.333802
0.195738	0.408113
0.078840	0.126144
0.131413	0.229974
0.118939	0.193871
0.366946	0.875167
0.300208	1.301403
0.128312	0.126388
0.148723	0.164339
0.510632	3.038260
0.246211	0.166193
0.374316	0.539014
0.446283	2.010507
0.150130	0.237956
0.271761	0.461994
0.132342	0.362616
0.110569	0.357692
0.106949	0.190904
0.156986	0.229984
0.465506	2.388048
0.309037	0.307491
0.136289	0.275984
0.229226	0.857307
0.456860	2.958170
0.258529	0.619178
0.279351	0.752852
0.192140	0.425591
0.306822	1.093821
0.173883	0.410364
0.337591	0.460812
0.424243	1.425458
0.100509	0.191973
0.167426	0.262858
0.155137	0.206333
0.140854	0.317625
0.150514	0.225772
0.081717	0.112362
0.175678	0.464668
0.219406	0.488179
0.048281	0.231267
0.418189	0.953471
0.265196	1.616371
0.136457	0.206050
0.125714	0.250171
0.152738	0.182522
0.159495	0.374814
0.143773	0.145210
0.267125	0.721237
0.218166	0.782125
0.304386	1.444314
0.229213	0.976446
0.237068	0.395904
0.170680	0.393417
0.189612	0.472134
0.156865	0.250984
0.181410	0.418150
0.085114	0.122990
0.138785	0.301164
0.154015	0.347303
0.179206	0.725784
0.335250	1.677928
0.247121	0.913110
0.315728	1.597583
0.093753	0.162193
0.115339	0.186849
0.074602	0.183149
0.192848	0.513940
0.158359	0.297714
0.078973	0.110167
0.140152	0.228447
0.109252	0.247455
0.118168	0.122304
0.156411	0.297963
0.349288	2.046829
0.066259	0.119266
0.074711	0.134853
0.074171	0.240314
0.152041	0.451563
0.117141	0.224911
0.148351	0.505876
0.180790	0.530617
0.139186	0.204604
0.212838	0.522518
0.274023	0.796038
0.076043	0.103038
0.192431	0.249198
0.417509	2.413205
0.095238	0.121905
0.225376	0.620911
0.339425	1.824412
0.199282	0.331804
0.368477	3.172585
0.159312	0.281186
0.146330	0.305098
0.164351	0.645901
0.455574	3.252796
0.279555	0.879201
0.387927	1.997823
0.185176	0.249062
0.174461	0.389048
0.091051	0.122008
0.411741	1.362863
0.470271	4.145435
0.189224	0.316950
0.336697	1.176756
0.148977	0.294229
0.231886	0.780298
0.251128	0.523602
0.497567	3.164525
0.215008	0.283810
0.190303	0.380606
0.125681	0.150817
0.189738	0.552137
0.297248	2.951673
0.154587	0.352459
0.071163	0.121688
0.107251	0.271345
0.262609	0.860043
0.111041	0.157123
0.172718	0.600195
0.116089	0.331434
0.280908	1.737418
0.189805	0.409978
0.208857	0.965962
0.159682	0.392019
0.105549	0.202654
0.176498	0.405946
0.189141	0.968400
0.242333	1.166834
0.179512	0.367103
0.333909	1.707945
0.126440	0.170694
0.176329	0.569544
0.099371	0.138126
0.145119	0.211148
0.235418	0.554409
0.212750	0.601020
0.224658	0.675098
0.417306	4.089598
0.372256	2.788198
0.112820	0.125230
0.149871	0.240543
0.326139	1.924220
0.178814	1.038907
0.060483	0.095261
0.254951	0.565992
0.260624	1.188446
0.135737	0.183923
0.151227	1.374651
0.073149	0.200428
0.106440	1.168707
0.133694	0.221933
0.102398	0.248827
0.261170	0.351273
0.225372	0.553288
0.189141	0.295060
0.079940	0.135099
0.310715	0.523554
0.142363	0.153040
0.168574	0.465264
0.114972	0.255237
0.416420	2.082099
0.089332	0.152311
0.121824	0.332579
0.160861	0.289550
0.150410	0.337671
0.130156	0.434720
0.081619	0.192214
0.106526	0.210922
0.143654	1.055858
0.049029	0.117180
0.059389	0.112840
0.061421	0.181806
0.149290	0.185120
0.125696	0.358232
0.159003	0.214654
0.148327	0.205433
0.121523	0.648934
0.149852	1.492530
0.156627	0.378253
0.259193	0.421189
0.232645	1.316770
0.175747	0.389279
0.189738	0.353861
0.153349	0.200120
0.112257	0.294114
0.085935	0.105699
0.166093	0.241665
0.245737	0.410382
0.122280	0.113109
0.429048	1.679723
0.208749	0.259893
0.124898	0.164241
0.243456	0.297016
0.373269	0.901446
0.155394	0.328658
0.213329	0.251729
0.392426	2.750903
0.331445	0.560142
0.224780	0.428206
0.170696	0.261165
0.294996	0.589992
0.141704	0.181382
0.064866	0.086595
0.128585	0.271956
0.094256	0.110279
0.404090	1.002142
0.085625	0.131006
0.166426	0.489293
0.150363	0.415003
0.268667	0.577634
0.221802	1.253179
0.198331	0.565244
0.249249	1.353422
0.227478	0.653999
0.115233	0.372777
0.258685	0.874356
0.173879	0.246908
0.100792	0.155723
0.264014	0.983452
0.143372	0.354128
0.236746	1.013273
0.166589	0.598054
0.190959	0.593883
0.087811	0.144449
0.087742	0.140825
0.163585	0.268280
0.115195	0.182585
0.065465	0.099179
0.110003	0.206805
0.290402	1.447655
0.076171	0.182429
0.161183	0.184554
0.296343	1.108322
0.177823	0.232948
0.212198	0.410603
0.088256	0.195486
0.086020	0.210319
0.185780	0.501606
0.055752	0.096730
0.265932	1.461299
0.115076	0.388957
0.207597	0.448409
0.184016	0.348710
0.230138	0.681209
0.286709	2.256402
0.108487	0.164901
0.075486	0.103038
0.073776	0.083736
0.287989	0.928766
0.138369	1.448720
0.209311	0.500253
0.069399	0.143308
0.166126	0.435250
0.268829	1.021552
0.166656	0.606627
0.284201	0.376566
0.090389	0.167672
0.251307	0.855702
0.143310	0.407000
0.122712	0.317825
0.082431	0.210198
0.355956	2.849428
0.311017	1.351369
0.131642	0.509456
0.238761	1.690430
0.323027	2.942777
0.201609	0.792325
0.286091	2.055566
0.246694	0.712947
0.130168	0.271401
0.128763	0.181556
0.207599	0.486819
0.245404	2.273665
0.307459	1.497324
0.165321	0.371146
0.283162	1.483767
0.161179	0.278034
0.267895	0.861282
0.134770	1.212257
0.165183	0.403873
0.235590	0.848125
0.182265	1.006104
0.152506	0.179195
0.107518	0.284924
0.165293	0.869440
0.111294	0.174731
0.088477	0.121656
0.245266	0.573922
0.226481	0.423519
0.108928	0.292473
0.090194	0.143409
0.146783	0.238523
0.131010	0.184069
0.084539	0.166964
0.166240	0.492903
0.080163	0.132268
0.067241	0.198697
0.113492	0.409140
0.323670	1.255839
0.145063	0.292303
0.406566	2.128373
0.313243	0.385289
0.268103	0.619318
0.181237	0.579959
0.141001	0.264377
0.224062	0.246468
0.399639	0.765309
0.224663	0.294308
0.179457	0.149846
0.352337	0.676487
0.343854	0.849319
0.430231	1.200345
0.216701	0.216701
0.123642	0.137860
0.672948	1.554509
0.362494	0.512929
0.223208	0.437487
0.429794	3.229905
0.388277	3.890539
0.067933	0.112769
0.119017	0.160078
0.080169	0.125866
0.126060	0.494153
0.205532	0.636120
0.155659	0.665441
0.154271	0.400332
0.115354	0.275119
0.132794	0.259612
0.123950	0.244802
0.118737	0.347899
0.300012	1.629066
0.092813	0.118337
0.129736	0.183576
0.221393	1.424664
0.196929	0.420443
0.181691	0.542349
0.168532	0.294089
0.177469	0.346065
0.069471	0.112544
0.179217	0.399654
0.113736	0.192782
0.229555	0.577331
0.193663	0.622625
0.169887	0.414525
0.230568	0.220193
0.330619	0.819934
0.183947	0.229934
0.163132	0.202284
0.113431	0.242743
0.191159	0.526643
0.162999	0.222494
0.359129	1.476019
0.088865	0.084422
0.114927	0.114352
0.283810	0.591743
0.371710	1.473831
0.102851	0.177931
0.206187	0.530933
0.382732	0.989361
0.187783	0.295758
0.104999	0.195299
0.254222	0.471581
0.280339	0.805975
0.306315	0.632540
0.293205	1.637550
0.139464	0.179909
0.198788	0.541698
0.313523	1.724378
0.133139	0.191054
0.167488	0.533451
0.229963	1.363678
0.104985	0.242516
0.167794	0.640972
0.154843	0.209813
0.083838	0.136656
0.366411	1.907172
0.089143	0.110538
0.219213	0.384719
0.207694	0.361387
0.409206	1.045521
0.405602	3.177893
0.351987	2.518468
0.229172	0.216568
0.107867	0.149396
0.103645	0.164795
0.093551	0.268493
0.078632	0.266563
0.081992	0.241057
0.041689	0.089631
0.116733	0.350783
0.143740	0.174644
0.060469	0.100379
0.128005	0.202888
0.208815	1.337462
0.231602	0.598690
0.360021	0.757844
0.451788	3.424554
0.204042	0.420327
0.181689	0.602298
0.085148	0.166038
0.076641	0.169760
0.062672	0.124090
0.047275	0.134970
0.308241	1.821706
0.141028	0.274300
0.085320	0.189410
0.157474	0.372426
0.147878	0.485040
0.081278	0.232048
0.074562	0.170373
0.085528	0.181746
0.068610	0.163292
0.105866	0.363122
0.171933	1.705579
0.218820	0.807447
0.131575	0.736821
0.118915	0.239020
0.281780	0.653729
0.103671	0.166392
0.280573	0.837511
0.259101	0.562249
0.160565	0.399806
0.264405	1.228160
0.135099	0.253311
0.138109	0.342511
0.239775	1.323560
0.164141	1.208077
0.162425	0.440172
0.108072	0.253970
0.284792	0.964019
0.063582	0.179938
0.229533	0.471689
0.118686	0.195239
0.161549	0.406295
0.174466	0.500718
0.212271	1.629184
0.309400	1.701699
0.149035	0.209394
0.188587	0.667599
0.204364	0.358659
0.423933	1.348108
0.276770	0.516176
0.244472	0.618513
0.341009	1.638548
0.343132	0.545580
0.110400	0.146833
0.365858	1.404894
0.241138	0.456957
0.255548	0.677201
0.089280	0.106689
0.258807	0.407621
0.178878	0.822841
0.355020	2.098169
0.134127	0.352755
0.304432	0.514490
0.269953	0.820657
0.289141	0.884770
0.119920	0.149899
0.194999	0.402673
0.251021	0.330092
0.130994	0.184047
0.311082	1.269216
0.307334	0.437952
0.141650	0.289674
0.089419	0.144859
0.254832	0.456149
0.368689	2.182638
0.133282	0.446495
0.270183	0.634930
0.090586	0.161244
0.148681	0.178417
0.291744	0.755616
0.150635	0.142350
0.065360	0.096406
0.091392	0.101445
0.234537	0.548815
0.188168	0.413970
0.177963	1.052653
0.130846	0.348704
0.154278	0.242988
0.162638	0.234199
0.288151	0.935050
0.197187	0.964243
0.233191	0.671590
0.064240	0.114669
0.108246	0.221364
0.153433	0.623705
0.233803	1.747676
0.202304	0.518909
0.074149	0.164611
0.199928	0.457834
0.139540	0.838633
0.137890	0.572933
0.169660	0.184081
0.143002	0.993152
0.200243	0.553673
0.085699	0.144831
0.162825	0.517784
0.129410	0.320290
0.270813	0.605268
0.179617	0.353845
0.129989	0.268428
0.090903	0.188625
0.197420	0.416556
0.171278	0.422201
0.066027	0.117529
0.216914	0.463111
0.118651	0.187469
0.207921	0.628960
0.093747	0.130309
0.241430	1.068328
0.160616	0.256182
0.174278	0.295400
0.099355	0.167911
0.111291	0.175839
0.180012	0.641744
0.056245	0.107990
0.272238	3.268223
0.394892	2.450307
0.125156	0.188359
0.207599	0.316588
0.318269	0.730427
0.200560	0.607697
0.293924	0.396798
0.235712	0.692993
0.150027	0.485337
0.103697	0.157101
0.281101	0.524253
0.193952	0.615799
0.169747	0.837701
0.107631	0.113550
0.123506	0.182171
0.097010	0.146485
0.158343	0.300061
0.127414	0.217240
0.126210	0.159656
0.214843	0.439353
0.117981	0.438301
0.073206	0.104684
0.086279	0.183774
0.176003	0.401287
0.276459	0.422982
0.104908	0.354588
0.337264	2.728463
0.217056	0.837835
0.046560	0.121521
0.297672	1.229386
0.386658	1.221838
0.169224	0.510212
0.138447	0.373115
0.097139	0.204478
0.203502	0.690888
0.378958	3.031664
0.274724	1.222522
0.325519	3.113585
0.163440	0.692986
0.071344	0.198337
0.066732	0.175505
0.075483	0.292119
0.194675	0.276438
0.071231	0.180213
0.156281	0.783747
0.052631	0.129209
0.077764	0.199853
0.154534	0.794304
0.218581	0.986895
0.115575	0.176830
0.199795	0.493494
0.098788	0.297351
0.129960	0.225481
0.267812	1.838530
0.102545	0.200476
0.117501	0.390104
0.262557	0.640638
0.053625	0.121728
0.161132	0.285204
0.366271	1.704991
0.389275	0.920636
0.187822	0.191579
0.291002	2.690311
0.274697	0.734814
0.171803	0.312682
0.349224	0.506375
0.361315	1.241117
0.210873	0.419637
0.314894	0.977746
0.229792	0.373412
0.134562	0.330350
0.232551	0.583703
0.181783	0.194507
0.127696	0.234323
0.144793	0.228049
0.153709	0.336622
0.103715	0.291958
0.132636	0.597525
0.238887	0.533913
0.258984	2.329562
0.102570	0.348227
0.079476	0.150607
0.176844	0.440342
0.151597	0.692800
0.166075	0.254095
0.274799	0.663641
0.129798	0.223902
0.206724	0.169514
0.422101	2.216028
0.173422	0.896590
0.084141	0.140516
0.176604	0.188084
0.118713	0.192908
0.183147	0.228018
0.125872	0.151676
0.254036	0.412808
0.100219	0.168869
0.256945	0.633370
0.123716	0.287020
0.120468	0.180701
0.188675	0.633947
0.211586	1.066394
0.226613	0.410170
0.152321	0.317589
0.235971	1.033552
0.363998	3.135839
0.120927	0.238225
0.123124	0.256713
0.102395	0.153592
0.128362	0.281113
0.104999	0.212622
0.236200	0.850319
0.123091	0.335422
0.092684	0.135782
0.332447	2.285572
0.223992	0.546541
0.243829	0.291376
0.148791	0.357843
0.230754	0.889556
0.159455	0.324490
0.246741	1.328702
0.112355	0.270214
0.144947	0.534128
0.179356	0.261859
0.073288	0.140714
0.233957	0.493649
0.115661	0.341779
0.203143	1.020796
0.148917	0.454943
0.141130	0.340830
0.283351	2.076964
0.135583	0.264387
0.203677	0.842203
0.221727	0.330374
0.155240	0.489006
0.067015	0.184626
0.243434	0.603716
0.180035	0.507698
0.148713	1.458133
0.178644	0.332278
0.101622	0.199687
0.092978	0.136213
0.100023	0.208549
0.183011	0.348637
0.074454	0.221128
0.141860	0.495799
0.116778	0.296615
0.160670	0.539852
0.347731	1.095352
0.086682	0.345428
0.253876	1.628616
0.092562	0.479469
0.227674	1.362630
0.199078	0.396166
0.308454	1.184463
0.253004	0.757746
0.232098	1.018909
0.124818	0.262117
0.221821	0.377095
0.225241	0.952767
0.329076	0.802946
0.097851	0.140906
0.159486	0.320568
0.339801	1.267457
0.130398	0.138222
0.283543	0.964045
0.441655	3.383077
0.334459	2.133850
0.407371	1.252665
0.107609	0.160337
0.187335	0.251966
0.197249	0.274176
0.090602	0.155835
0.082633	0.177661
0.127191	0.273460
0.061709	0.110768
0.132627	0.486740
0.150732	0.274331
0.154982	0.946939
0.215975	0.281847
0.199928	0.626773
0.219691	1.270911
0.158368	0.392753
0.232717	0.705132
0.131985	0.139244
0.169432	0.380375
0.177220	0.277349
0.178603	0.207180
0.193171	0.220215
0.241472	0.831873
0.336472	0.657803
0.461858	0.556539
0.315120	1.194304
0.423692	1.601555
0.200829	0.276140
0.323081	1.088783
0.316084	1.229567
0.140304	0.173977
0.147513	0.199143
0.245866	0.531071
0.150340	0.230772
0.358440	2.132719
0.225232	0.385146
0.100800	0.191521
0.305035	1.014241
0.150136	0.277751
0.126065	0.286798
0.442899	2.004120
0.098187	0.126170
0.266586	0.454529
0.496736	3.434929
0.218127	0.993569
0.266381	1.013581
0.086019	0.163867
0.197049	0.848297
0.293860	0.740528
0.430898	2.120016
0.086638	0.113928
0.164667	0.467656
0.090267	0.152100
0.289162	4.362011
0.172194	0.275510
0.246522	0.350061
0.315639	1.082642
0.129232	0.160894
0.212940	0.269369
0.176697	0.189066
0.063339	0.086775
0.168850	0.236390
0.345235	1.287727
0.186281	0.372562
0.241705	0.219952
0.075790	0.093222
0.289026	0.346832
0.181959	0.214712
0.152912	0.370812
0.148982	0.566133
0.129951	0.300187
0.437805	1.749032
0.189057	0.374334
0.166153	0.212676
0.325401	2.334750
0.162736	0.292925
0.113543	0.210623
0.199778	0.554383
0.195110	0.334614
0.151641	0.310864
0.286058	0.768067
0.279554	1.070694
0.197849	0.429333
0.191698	0.871265
0.202889	0.472732
0.194344	1.053344
0.170326	0.252935
0.160175	0.316345
0.178263	0.979554
0.135704	0.339261
0.077286	0.190124
0.072579	0.180722
0.168190	1.633969
0.150319	0.364525
0.108123	0.400056
0.083710	0.130169
0.278435	0.934149
0.189091	0.612656
0.431427	3.677917
0.393761	2.319252
0.066958	0.229665
0.176824	0.690497
0.337989	2.707295
0.138059	0.196734
0.155576	0.261368
0.163343	0.462262
0.070677	0.087286
0.096431	0.178398
0.121208	0.421805
0.051944	0.092200
0.074449	0.148899
0.068542	0.210082
0.151397	0.559414
0.092209	0.369298
0.126115	0.417441
0.356741	2.523945
0.119275	0.254651
0.137995	0.292549
0.169798	0.424495
0.248207	2.422497
0.146729	0.491541
0.073721	0.096943
0.145190	0.241741
0.208311	0.265596
0.220696	0.771332
0.089070	0.196844
0.154093	0.369054
0.265678	2.020480
0.080034	0.101643
0.062379	0.099806
0.156460	0.337953
0.108898	0.158447
0.355584	1.703249
0.158762	0.364358
0.134524	0.205149
0.327453	0.823544
0.371046	2.231843
0.317980	0.569185
0.210823	0.347858
0.211134	0.494053
0.097348	0.164518
0.138853	0.208280
0.161385	0.566460
0.081521	0.122690
0.124918	0.232972
0.187398	0.231436
0.103668	0.201635
0.354473	0.769207
0.146315	0.377493
0.167240	0.480814
0.240567	0.669978
0.141615	0.164274
0.120775	0.486723
0.129946	0.198817
0.244658	1.242861
0.165582	0.616792
0.297355	0.624446
0.069905	0.141908
0.074864	0.234697
0.277959	0.522564
0.183343	0.444606
0.221859	0.921823
0.153658	0.870471
0.220677	1.094558
0.054137	0.110169
0.116698	0.351846
0.126684	0.202694
0.108010	0.294327
0.105914	0.243603
0.149356	0.787104
0.070025	0.141451
0.240759	0.762001
0.114940	0.299419
0.123964	0.997291
0.068739	0.352630
0.068361	0.169194
0.163266	0.780414
0.217163	0.901228
0.187912	0.693396
0.042700	0.109098
0.093956	0.339651
0.195457	0.576599
0.168944	0.456148
0.128729	0.264537
0.202059	0.501106
0.126786	0.320134
0.385933	2.302089
0.264081	0.887312
0.118335	0.202352
0.091715	0.184347
0.160315	0.209211
0.320810	2.736507
0.076068	0.107636
0.196619	1.465791
0.054357	0.129098
0.128307	0.472171
0.059525	0.088097
0.165628	0.811577
0.144051	0.876551
0.076779	0.180431
0.062422	0.132334
0.062122	0.141949
0.093339	0.174077
0.155735	1.241987
0.190753	0.611365
0.072263	0.118512
0.182490	1.367765
0.097773	0.250298
0.236182	1.091159
0.038595	0.105173
0.134796	0.632193
0.161046	0.613586
0.084186	0.194049
0.076295	0.228884
0.148757	0.710315
0.062008	0.170212
0.060849	0.102227
0.276654	2.103950
0.094488	0.105826
0.133761	0.159844
0.192328	1.081847
0.075201	0.129346
0.241432	0.433370
0.052949	0.129725
0.200098	0.471232
0.171070	0.217259
0.196822	0.746940
0.293757	2.883226
0.178863	0.318377
0.090422	0.132469
0.272668	0.669399
0.310042	0.519321
0.343069	2.298565
0.247151	0.586983
0.129775	0.279016
0.163448	0.640717
0.281635	1.336358
0.131454	0.233332
0.235364	0.906153
0.255904	0.235432
0.081218	0.090558
0.126628	0.201338
0.143789	0.181175
0.082595	0.202357
0.241208	1.296492
0.187511	0.405024
0.234359	0.841349
0.344306	1.263602
0.163665	0.738947
0.206901	0.637255
0.166103	0.420242
0.204286	0.280894
0.118789	0.336767
0.147566	0.408757
0.141461	0.817644
0.135588	0.506423
0.283189	0.695228
0.167404	0.336482
0.235691	0.352358
0.205470	0.371900
0.081130	0.130213
0.232103	1.043303
0.217235	0.280233
0.221425	0.253531
0.337540	2.882596
0.171594	0.412683
0.175285	0.615250
0.163164	0.234957
0.154624	0.419032
0.211928	0.459884
0.240206	0.559681
0.183233	0.525878
0.174440	0.942848
0.189620	0.318562
0.167903	0.501191
0.293010	0.386773
0.160555	0.193468
0.257964	0.932539
0.177151	0.449963
0.139837	0.193674
0.332222	1.102977
0.248888	0.588619
0.258601	0.539184
0.187792	0.674173
0.287075	0.549749
0.430253	2.598726
0.145249	0.157595
0.291226	0.691661
0.237711	0.444520
0.334927	0.559328
0.283935	0.340722
0.192773	0.172532
0.257161	0.275163
0.164772	0.196078
0.403395	2.599879
0.202632	0.427555
0.206956	2.016788
0.061993	0.176060
0.055086	0.150660
0.452494	3.547553
0.163568	0.404013
0.100958	0.197878
0.170860	0.491221
0.154803	0.213628
0.059491	0.184719
0.052354	0.096332
0.141695	0.463343
0.145654	0.273101
0.077559	0.124482
0.046965	0.106376
0.113324	0.154121
0.135189	0.481950
0.098413	0.197810
0.108728	0.196254
0.073137	0.156878
0.241637	2.238771
0.097540	0.122901
0.262422	1.447256
0.168775	0.212657
0.160627	0.339726
0.268662	0.964497
0.195757	0.368024
0.099213	0.251009
0.068643	0.096100
0.084743	0.111861
0.185747	0.338060
0.053085	0.387520
0.097677	0.312566
0.090285	0.156644
0.120979	0.558318
0.267988	1.989814
0.082172	0.373062
0.194329	0.707359
0.179642	0.466170
0.314431	1.037623
0.055800	0.131131
0.218125	0.358816
0.206264	1.100421
0.277848	0.470953
0.172768	0.398231
0.072335	0.275958
0.091994	0.172028
0.098495	0.486565
0.094348	0.166525
0.074585	0.158120
0.238024	0.617673
0.159253	0.953926
0.130790	0.476731
0.234253	0.712129
0.103784	0.151005
0.126667	0.418002
0.082187	0.200948
0.051665	0.098680
0.083848	0.283407
0.059457	0.161723
0.107345	0.335454
0.055077	0.110981
0.212413	0.437572
0.127094	0.437839
0.052960	0.154114
0.279648	0.936822
0.104770	0.205349
0.089655	0.405687
0.272992	0.745268
0.112648	0.781211
0.152174	1.705871
0.282829	0.954547
0.210151	1.744250
0.138159	0.303258
0.117091	0.416257
0.069544	0.127266
0.081591	0.166445
0.267593	1.242971
0.321974	2.416412
0.271622	0.316439
0.177571	0.347151
0.163498	0.306558
0.350975	1.933874
0.162750	0.290509
0.049240	0.084201
0.228270	0.813783
0.157786	0.278492
0.072962	0.149573
0.234467	0.260258
0.087420	0.089168
0.220122	0.964135
0.070733	0.118831
0.349597	3.469746
0.130132	0.301905
0.220833	0.588519
0.266340	0.756405
0.133349	0.284701
0.107715	0.214352
0.229260	1.000721
0.241652	0.937608
0.185823	0.510084
0.141760	0.272179
0.193187	1.588962
0.154178	0.349214
0.115641	0.488005
0.231265	1.069599
0.190239	0.402355
0.147024	0.188191
0.126670	0.148837
0.215024	0.466602
0.125567	0.362888
0.452721	0.760571
0.222178	0.329934
0.233823	0.482844
0.110911	0.185221
0.176388	0.293687
0.172309	0.909790
0.245547	1.025158
0.443178	2.162707
0.205252	0.259643
0.197580	0.907878
0.282148	1.791641
0.123206	0.215611
0.319119	1.830149
0.172703	0.280642
0.102739	0.133561
0.143457	0.224510
0.235200	0.315168
0.271622	0.321873
0.292754	0.516710
0.174528	0.164056
0.271330	0.356800
0.229801	0.476837
0.190482	0.198102
0.220490	0.304277
0.143009	0.194493
0.195961	0.178324
0.286552	0.591731
0.226613	1.264503
0.230798	0.447747
0.093900	0.117375
0.412969	1.905850
0.078982	0.126371
0.277870	0.480716
0.167495	0.660766
0.139483	0.244792
0.239660	0.818438
0.292705	0.512233
0.112409	0.126460
0.275818	1.059142
0.239054	0.528310
0.094736	0.141156
0.060737	0.106290
0.341336	0.657071
0.289047	0.468257
0.119837	0.359512
0.337061	3.815534
0.147485	0.431394
0.094820	0.236102
0.099354	0.276700
0.121819	0.671224
0.251742	0.714947
0.273107	0.746947
0.181359	1.020145
0.392697	2.100930
0.489132	4.252999
0.403570	0.690104
0.105643	0.192270
0.065154	0.126074
0.162126	0.780634
0.098712	0.191501
0.123805	0.230896
0.095934	0.153014
0.207656	0.999866
0.166576	0.547201
0.157460	0.723529
0.103001	0.364108
0.067328	0.126576
0.111391	0.286831
0.172251	0.578764
0.237182	1.771751
0.118422	0.287766
0.076316	0.120579
0.054270	0.136489
0.091142	0.374136
0.041983	0.116082
0.084320	0.188455
0.090551	0.164803
0.227277	0.832971
0.118902	0.505333
0.068862	0.149431
0.202801	0.544520
0.215078	0.743093
0.133209	0.195817
0.086227	0.141843
0.269709	0.771369
0.282284	1.764278
0.080341	0.164298
0.162161	0.370537
0.119754	0.255077
0.086702	0.270944
0.073613	0.281201
0.190910	0.546958
0.101511	0.478118
0.099446	0.255079
0.122051	0.600492
0.126648	0.317886
0.198588	0.487533
0.227752	0.731085
0.154485	0.199286
0.357623	2.009844
0.111270	0.266493
0.182984	0.357734
0.207818	1.011036
0.211143	0.489852
0.127822	0.283126
0.113616	0.216439
0.166048	0.152764
0.346409	2.293229
0.123744	0.194278
0.089795	0.189019
0.170867	1.118326
0.190714	0.531139
0.079950	0.125521
0.155300	0.350202
0.097352	0.134833
0.227484	0.303692
0.180451	0.276992
0.146380	0.371072
0.072274	0.112747
0.073869	0.289567
0.135146	0.227046
0.153180	0.486346
0.058936	0.241636
0.177532	0.891208
0.156390	0.675605
0.327759	1.842003
0.488852	3.764162
0.245516	0.255337
0.155624	0.161071
0.167948	0.334217
0.200713	1.037686
0.139983	0.357655
0.070002	0.119353
0.135060	0.199214
0.284470	0.980000
0.356993	1.053129
0.210838	0.934013
0.045082	0.099857
0.060793	0.133744
0.084285	0.261706
0.108164	0.307186
0.121057	0.569571
0.139506	0.427586
0.170349	0.575780
0.127395	0.273899
0.165380	1.057605
0.139466	0.143650
0.146126	0.804424
0.178044	0.397038
0.210555	0.278985
0.078638	0.358588
0.292112	0.595908
0.130487	0.268152
0.219336	0.506665
0.194172	0.298053
0.214980	1.170566
0.252069	1.608198
0.170219	0.324267
0.211712	0.393784
0.283172	2.357404
0.116891	0.194624
0.048815	0.101291
0.051656	0.142312
0.125368	0.414342
0.135223	0.405668
0.153967	0.465749
0.200449	0.819838
0.086400	0.130464
0.121887	0.198676
0.106664	0.153596
0.149747	0.736006
0.099733	0.200464
0.084810	0.136544
0.324089	1.889441
0.380171	1.910358
0.159457	0.379507
0.223772	0.656771
0.099506	0.211451
0.205646	1.708922
0.169005	0.893192
0.161820	0.499215
0.142674	0.305321
0.172102	0.522329
0.259441	0.732922
0.302389	0.409737
0.074926	0.158843
0.306103	0.925961
0.174686	0.303953
0.155721	0.184530
0.237018	0.497738
0.186587	0.598010
0.179642	0.412278
0.321823	1.504521
0.091721	0.107313
0.194420	0.198309
0.188699	0.549115
0.259353	0.617259
0.122887	0.211366
0.199190	0.354557
0.208968	0.640486
0.473842	3.361907
0.188842	0.279486
0.256967	0.372602
0.236009	1.060859
0.195125	0.320981
0.193131	0.591945
0.256928	1.942377
0.125033	0.191301
0.270527	0.735834
0.170763	0.268951
0.185976	0.464941
0.085506	0.124411
0.126099	0.298854
0.072224	0.104364
0.234822	0.841836
0.198125	0.387334
0.063632	0.106902
0.235695	0.398325
0.073168	0.119263
0.207369	0.394001
0.167869	0.478427
0.135145	0.258802
0.109305	0.360705
0.329029	1.350666
0.147458	1.166392
0.206965	0.377712
0.190417	0.437007
0.210744	0.775539
0.104636	0.234909
0.259207	0.479533
0.160444	0.328107
0.174935	0.506436
0.159306	0.298698
0.255393	1.744336
0.208018	0.554367
0.068666	0.135958
0.170097	0.217724
0.113629	0.198851
0.115072	0.227842
0.085830	0.266501
0.219427	0.658281
0.145072	0.369207
0.188973	0.702979
0.158261	0.305444
0.084407	0.235917
0.258175	0.482786
0.167560	0.306635
0.081102	0.134223
0.092308	0.159231
0.119567	0.193698
0.153770	0.216815
0.106510	0.162428
0.125612	0.152619
0.125676	0.271461
0.197230	1.237620
0.098889	0.154266
0.150364	0.461618
0.142039	0.250699
0.085523	0.143679
0.184058	0.455544
0.109173	0.359726
0.146555	0.580359
0.279554	1.393576
0.190268	0.870478
0.080990	0.218268
0.118787	0.428822
0.355443	2.470327
0.243616	0.562753
0.206783	1.495040
0.089292	0.271893
0.151649	0.442056
0.148227	0.586978
0.171937	1.478660
0.285568	2.166033
0.089512	0.166045
0.242270	3.294866
0.088607	0.194935
0.073969	0.257413
0.215335	1.422289
0.125003	0.147504
0.392756	0.970107
0.093179	0.142098
0.109291	0.266123
0.223593	0.750154
0.214335	0.460819
0.108774	0.108774
0.223778	1.525050
0.084669	0.129967
0.196906	0.592686
0.151879	0.347803
0.077762	0.189738
0.139634	0.340008
0.175190	0.384541
0.123423	0.180197
0.173359	0.265240
0.090520	0.138043
0.353795	0.985319
0.274600	1.000918
0.095385	0.191723
0.111991	0.134949
0.149004	0.217545
0.152624	0.245724
0.160197	0.548674
0.277975	1.918026
0.078128	0.099613
0.363084	0.726169
0.166615	0.345727
0.246903	0.371588
0.177061	0.180603
0.241709	1.191626
0.297294	1.254583
0.277167	0.358931
0.184292	0.190742
0.154667	0.223493
0.164058	0.206714
0.194850	0.289352
0.144663	0.215548
0.190088	0.335505
0.235632	0.677441
0.234244	0.435693
0.258214	0.426053
0.244478	0.498735
0.268170	0.556453
0.175372	1.259173
0.136604	0.747907
0.083465	0.091394
0.328786	0.578663
0.104701	0.116218
0.066299	0.090167
0.157189	0.467637
0.105933	0.141950
0.106160	0.167733
0.217532	0.449203
0.269216	0.652848
0.186741	0.444444
0.254949	0.869375
0.110588	0.156483
0.078215	0.172073
0.080327	0.296003
0.080888	0.202221
0.271890	0.898598
0.110706	0.338207
0.051913	0.182214
0.029112	0.110626
0.104256	1.050901
0.083649	0.140949
0.165205	0.388231
0.121155	0.324694
0.109886	0.238454
0.155205	0.284025
0.199910	0.394823
0.169736	0.499872
0.100060	0.199118
0.150902	0.289732
0.260297	0.976114
0.178569	0.439279
0.124826	0.157281
0.167001	0.695561
0.281356	2.291648
0.167722	0.644892
0.142404	0.255615
0.084349	0.140441
0.228171	1.301717
0.146812	0.327391
0.283600	1.250674
0.143290	0.486471
0.140615	0.319900
0.197632	0.484198
0.165514	0.471716
0.212433	0.438674
0.184615	0.287999
0.236881	0.773416
0.138351	0.341036
0.169410	0.456560
0.089361	0.233232
0.165067	0.361497
0.188472	0.547512
0.125719	0.477102
0.156696	0.490460
0.074277	0.212432
0.118225	0.215169
0.181186	0.988371
0.153847	0.257694
0.072614	0.327125
0.296264	0.802876
0.345736	1.208348
0.276969	1.121726
0.258346	1.221976
0.156772	0.505588
0.348081	0.828433
0.381711	2.416233
0.176757	0.197084
0.127667	0.206182
0.161065	1.183024
0.200071	0.510180
0.191954	0.294650
0.222993	0.812811
0.145204	0.133588
0.091483	0.102004
0.286954	0.668604
0.207604	0.508631
0.404057	3.230438
0.224621	0.652525
0.124154	0.309143
0.227482	1.360344
0.078993	0.174970
0.124692	0.321704
0.056440	0.105260
0.122898	0.208926
0.332952	0.637602
0.306658	1.672822
0.385837	0.169768
0.083317	0.150386
0.103119	0.244907
0.238331	1.223831
0.097389	0.266359
0.167290	0.646577
0.191669	0.902761
0.263644	1.307672
0.252717	0.440992
0.146383	0.384256
0.085546	0.210016
0.116037	0.707827
0.202323	1.356577
0.112889	0.399062
0.172427	0.385373
0.074200	0.181047
0.187227	0.362284
0.130937	0.248780
0.127185	0.335769
0.114821	0.322072
0.130395	1.045116
0.092840	0.169898
0.099837	0.156745
0.094077	0.262475
0.246948	0.572920
0.148567	0.312735
0.231322	0.956517
0.234432	0.654065
0.119921	0.157097
0.085079	0.183770
0.108309	0.216618
0.087472	0.133394
0.148142	0.190362
0.079001	0.227919
0.093568	0.227369
0.186755	0.435139
0.117809	0.235618
0.056652	0.120386
0.437100	3.002877
0.196123	0.633478
0.093767	0.184252
0.135361	0.178676
0.172471	0.343218
0.323276	1.870152
0.130639	0.241682
0.087278	0.164956
0.077543	0.203162
0.080889	0.131445
0.246666	1.386262
0.068331	0.130171
0.066988	0.271302
0.142721	0.705755
0.087053	0.322531
0.056659	0.196889
0.080788	0.193082
0.171966	0.495264
0.231498	1.900596
0.213925	0.617175
0.170393	1.119481
0.207582	0.834480
0.091906	0.189785
0.148811	0.321433
0.370363	1.120347
0.128378	0.233006
0.208107	0.798091
0.185389	0.491282
0.189209	0.770079
0.305527	1.324461
0.378683	1.206107
0.065491	0.122468
0.135013	0.230873
0.142760	0.182018
0.344565	0.528908
0.378234	0.765924
0.326416	1.204476
0.196190	0.419846
0.206138	0.348373
0.289635	1.228051
0.305779	1.198654
0.327297	1.034258
0.257312	0.320353
0.168468	0.565209
0.204537	0.343622
0.171171	0.353468
0.117267	0.317207
0.167329	0.408283
0.138642	0.216975
0.156433	0.438013
0.209358	0.442792
0.236905	0.587524
0.118980	0.155864
0.252426	0.604560
0.291613	0.768399
0.186780	0.179309
0.200701	0.210736
0.161150	0.308603
0.270601	0.363958
0.064061	0.088404
0.161428	0.416485
0.160241	0.296446
0.111293	0.151359
0.317061	1.076423
0.170063	0.631784
0.136006	0.246850
0.061799	0.138739
0.167597	0.390502
0.052165	0.159102
0.174213	0.540062
0.084317	0.096121
0.102048	0.193892
0.077002	0.100488
0.149469	0.313885
0.148899	0.302266
0.128742	0.225943
0.326772	1.776004
0.220012	0.751340
0.137226	0.184569
0.086005	0.142769
0.080604	0.145893
0.289622	0.628481
0.314213	1.016480
0.236539	1.335261
0.082469	0.113807
0.204479	0.535735
0.118424	0.547709
0.127933	0.640304
0.131605	0.897547
0.193748	0.491152
0.086552	0.177431
0.199544	1.766963
0.104405	0.246917
0.113175	0.140902
0.043888	0.161729
0.070586	0.172231
0.046599	0.109507
0.120356	0.267791
0.130598	0.359143
0.164862	1.798641
0.077040	0.258084
0.120464	0.304773
0.070823	0.245401
0.155286	0.328429
0.133744	0.280193
0.068004	0.158449
0.051948	0.211430
0.155789	0.450231
0.099490	0.204451
0.190431	1.054987
0.061379	0.116927
0.139396	2.171097
0.089934	0.170875
0.179218	0.343203
0.122455	0.294503
0.139595	0.252667
0.147054	0.220581
0.236432	0.508329
0.094712	0.130703
0.118554	0.264375
0.185349	0.592191
0.094886	0.286081
0.138719	0.305183
0.214515	0.701464
0.285742	2.901714
0.384527	1.161273
0.226200	0.252213
0.145613	0.249727
0.153479	0.290075
0.115717	0.230277
0.148259	0.437364
0.166370	0.460014
0.070480	0.082461
0.130148	0.257042
0.115337	0.265275
0.357943	2.115443
0.149454	0.236137
0.076218	0.152435
0.080155	0.147885
0.150432	0.382851
0.129338	0.410001
0.142041	0.426123
0.127844	0.236512
0.064319	0.157582
0.244919	1.555237
0.083350	0.225044
0.204495	1.933504
0.132327	0.203784
0.231993	0.575343
0.100814	0.244978
0.240613	0.785601
0.142243	0.485049
0.124027	0.355337
0.076737	0.245174
0.107757	0.404089
0.136389	0.498501
0.059515	0.121709
0.265763	1.905521
0.220405	3.211294
0.176972	0.688422
0.078191	0.241610
0.269599	2.097479
0.190292	2.005676
0.062694	0.099997
0.090207	0.182669
0.153504	0.397576
0.183117	0.438565
0.224051	1.097848
0.197667	1.195886
0.095869	0.204202
0.089373	0.140763
0.192911	0.753316
0.118306	0.261457
0.134212	0.199305
0.303920	2.803658
0.105828	0.171970
0.122224	0.288448
0.202493	0.404986
0.107994	0.125813
0.134129	0.278317
0.103086	0.154629
0.275190	2.678971
0.177170	0.261325
0.082877	0.220454
0.198333	0.531532
0.235659	0.222698
0.160036	0.276863
0.186377	0.215265
0.067279	0.079726
0.113913	0.152074
0.203279	0.290689
0.372405	3.556472
0.108870	0.261833
0.193949	1.236426
0.229147	0.661089
0.146210	0.328241
0.212725	0.582866
0.241352	0.859212
0.250605	0.546319
0.238090	0.740459
0.152699	0.639808
0.255554	0.511108
0.201052	0.652414
0.104442	0.198440
0.257262	1.762245
0.303108	1.586770
0.102926	0.180636
0.051790	0.105392
0.137556	0.349393
0.233919	0.530996
0.142220	0.211907
0.083030	0.156927
0.111173	0.112285
0.206270	0.601277
0.056107	0.139146
0.094920	0.162788
0.129754	0.321141
0.205683	0.780567
0.161784	0.541977
0.216614	0.559947
0.085512	0.184706
0.184821	0.547994
0.292346	1.604980
0.180943	0.432454
0.163880	0.340051
0.319757	1.223072
0.113175	0.141468
0.148338	0.256624
0.052919	0.140236
0.096253	0.353249
0.107529	0.363448
0.097949	0.281112
0.039547	0.085817
0.199318	0.469394
0.138426	0.469955
0.081195	0.290677
0.219433	0.691214
0.251655	0.495761
0.071868	0.178233
0.067311	0.128563
0.096669	0.236356
0.121044	0.300189
0.150616	0.414947
0.134989	0.572353
0.221001	1.237604
0.075445	0.120335
0.101634	0.255103
0.107543	0.841523
0.081090	0.238404
0.123161	0.527743
0.083128	0.315055
0.102560	0.547155
0.110483	0.252453
0.116439	0.235789
0.082639	0.119000
0.244970	2.459498
0.096545	0.151093
0.259423	1.022127
0.198103	0.305078
0.190120	0.933491
0.139536	0.156281
0.079483	0.211426
0.153228	0.277343
0.168256	0.530848
0.131200	0.195488
0.164768	0.578336
0.143321	0.340388
0.316454	3.102835
0.353635	2.158944
0.083566	0.210169
0.055118	0.164251
0.064739	0.190010
0.162266	0.739122
0.176629	0.416844
0.106134	0.321587
0.055316	0.081868
0.083437	0.104297
0.180071	1.104736
0.155108	0.502551
0.131958	0.197938
0.063066	0.113833
0.200770	0.518991
0.194623	0.829093
0.304148	1.101017
0.079743	0.088913
0.116019	0.163586
0.079366	0.117462
0.336596	0.398867
0.598154	1.854277
0.122083	0.088510
0.369700	0.421459
0.498527	0.760254
0.500346	1.255869
0.518706	1.252675
0.428649	1.035188
0.245447	0.219675
0.198867	0.180969
0.219095	0.174181
0.224858	0.259712
0.408997	1.562369
0.110345	0.369105
0.097085	0.204848
0.155177	0.186988
0.277598	2.161103
0.279293	2.108659
0.169407	0.274440
0.324220	1.681080
0.263288	1.669243
0.132620	0.358074
0.459160	2.082293
0.215577	0.378338
0.108981	0.196166
0.078794	0.402242
0.162025	0.505517
0.110470	0.160734
0.197687	0.659287
0.167723	0.337124
0.180163	0.710745
0.087157	0.209612
0.157318	0.335087
0.084879	0.145568
0.107854	0.219482
0.155852	0.465219
0.116039	0.154912
0.086210	0.160351
0.191547	1.692319
0.084877	0.294097
0.058224	0.160990
0.092022	0.320236
0.119663	0.253687
0.141057	0.381560
0.159493	0.284695
0.120255	0.298231
0.133178	0.192442
0.276942	1.189464
0.061406	0.081363
0.180660	0.549206
0.211170	0.922814
0.237059	0.577239
0.364964	0.467153
0.284093	0.348014
0.121215	0.238794
0.102596	0.125167
0.194357	0.249749
0.287920	1.000522
0.242337	0.710048
0.131408	0.222736
0.267212	0.332679
0.180594	0.260055
0.479541	2.577533
0.335809	0.725348
0.191622	0.562409
0.228277	0.364102
0.256670	0.644241
0.185881	0.177516
0.277113	0.220305
0.183709	0.443656
0.245529	0.343740
0.318774	0.447878
0.112923	0.151317
0.196680	0.307804
0.186286	0.404240
0.339553	1.059406
0.186802	1.687752
0.103166	0.217165
0.165363	0.372895
0.134746	0.198076
0.151789	0.313444
0.051492	0.095518
0.103812	0.230464
0.181871	0.667466
0.219820	0.500090
0.055705	0.084951
0.221876	1.047254
0.109994	0.379479
0.341015	1.208898
0.273419	1.054032
0.139125	0.506417
0.372448	1.169488
0.259259	1.119999
0.308150	1.029221
0.204087	0.285722
0.123636	0.216364
0.315444	0.872203
0.108487	0.170867
0.147307	0.399939
0.255418	0.768808
0.188824	0.869533
0.121207	0.196355
0.189575	0.353557
0.166249	0.234411
0.163480	0.345761
0.246518	0.563294
0.078279	0.141685
0.168337	0.505010
0.053622	0.101346
0.146564	0.207388
0.191255	0.518301
0.109257	0.156783
0.125094	0.169503
0.136852	0.260703
0.064132	0.081768
0.184796	1.669630
0.169650	0.669270
0.194868	0.365377
0.082534	0.928924
0.092263	0.275868
0.108725	0.204402
0.056848	0.127055
0.150789	0.639347
0.165975	0.903734
0.169478	0.893149
0.142157	0.409412
0.083590	0.151299
0.057552	0.105319
0.159681	0.981238
0.119101	0.359686
0.061586	0.126867
0.173115	0.683804
0.166109	2.230019
0.059406	0.172573
0.205725	2.720711
0.097197	0.183703
0.201489	0.329434
0.200593	0.750218
0.155072	0.470643
0.117763	0.296174
0.144323	0.868827
0.128955	0.443605
0.113132	0.525496
0.088755	0.220113
0.394399	3.790173
0.188086	0.512534
0.088848	0.223452
0.057933	0.110942
0.171591	0.633172
0.076759	0.246779
0.138973	0.344653
0.261184	1.230179
0.085893	0.105219
0.227026	1.759450
0.216489	0.480605
0.142962	0.354546
0.099670	0.219772
0.141892	0.713006
0.043759	0.235643
0.105058	0.678673
0.135123	0.318215
0.248205	2.123397
0.245944	1.877781
0.183395	0.996751
0.109761	0.442884
0.065866	0.113618
0.067772	0.168075
0.085231	0.188787
0.213273	0.962926
0.134205	0.216741
0.193063	0.723021
0.057154	0.112593
0.224645	0.303271
0.242436	1.960092
0.149753	0.991363
0.129698	0.391688
0.181583	0.519328
0.268984	2.100762
0.202530	0.782778
0.211307	0.816701
0.073172	0.147442
0.043658	0.086879
0.081964	0.254089
0.137531	0.264748
0.062794	0.118367
0.072705	0.150137
0.108948	0.198831
0.107930	0.171069
0.124289	0.187055
0.113608	0.161891
0.140302	0.505086
0.204431	0.907671
0.045890	0.109448
0.064743	0.123012
0.271811	2.291367
0.080867	0.152839
0.424441	3.384919
0.105249	0.149980
0.115977	0.163528
0.226780	0.557878
0.143390	0.337682
0.139874	0.174143
0.126053	0.289293
0.246515	1.490183
0.309415	1.573377
0.323450	0.868463
0.253055	0.583293
0.121658	0.237234
0.171078	0.623578
0.271504	0.722201
0.181230	0.382396
0.051883	0.087941
0.091867	0.581518
0.079988	0.109584
0.112521	0.214916
0.094184	0.227454
0.067564	0.122291
0.137368	0.656617
0.158070	2.532289
0.191072	3.522418
0.109847	0.410827
0.326862	2.611630
0.213447	0.455710
0.277363	0.421592
0.197588	0.279587
0.440969	0.659249
0.116673	0.844131
0.314855	0.987069
0.163077	0.297616
0.113271	0.155748
0.299257	0.616470
0.323364	1.447055
0.059037	0.108038
0.236949	0.517733
0.067169	0.129636
0.070186	0.106331
0.157340	0.525517
0.179669	0.638725
0.143437	1.014820
0.251083	1.069612
0.161653	0.288551
0.157383	0.278568
0.096950	0.332538
0.090680	0.179546
0.104995	0.157492
0.229152	0.531632
0.099439	0.152638
0.188558	0.355432
0.155961	0.311922
0.136847	0.164216
0.110475	0.364016
0.145105	0.676916
0.076329	0.301118
0.130854	0.637258
0.081928	0.121254
0.184731	1.371628
0.220022	0.712871
0.265698	2.343453
0.151679	0.501298
0.099721	0.214399
0.226176	0.859469
0.249029	0.662416
0.154418	0.575205
0.102744	0.239393
0.093826	0.189998
0.168962	0.983359
0.208857	1.720978
0.228286	0.408632
0.299711	0.683340
0.123685	0.284476
0.155229	0.273202
0.229887	0.332187
0.080960	0.123465
0.158945	0.236034
0.526458	3.493048
0.391455	1.283974
0.203965	0.363058
0.129042	0.123235
0.211295	0.386670
0.153110	0.326890
0.058558	0.110089
0.084806	0.189541
0.099614	0.185779
0.082682	0.270369
0.115498	0.141485
0.060410	0.084272
0.075406	0.286544
0.129066	0.239417
0.105673	0.185984
0.209744	0.537994
0.233410	1.326936
0.080552	0.229572
0.094228	0.183745
0.072808	0.225341
0.417452	2.373213
0.098839	0.245122
0.066303	0.204545
0.083731	0.217282
0.105838	0.318043
0.113568	0.232814
0.175885	0.596252
0.311709	3.037604
0.064512	0.111929
0.085450	0.118348
0.177909	0.450998
0.207826	0.420847
0.143551	0.248343
0.070321	0.087550
0.354327	1.837184
0.092929	0.108262
0.124911	0.259191
0.149298	0.319498
0.171203	0.628313
0.210607	0.618130
0.165679	0.816796
0.208146	0.223757
0.239687	0.774187
0.213118	0.377218
0.177329	0.281067
0.258615	0.759035
0.167214	0.324396
0.141224	0.365064
0.151719	0.606118
0.137655	0.195470
0.292698	1.191279
0.221511	0.415334
0.142500	0.186675
0.130598	0.270991
0.315944	3.906644
0.171881	0.498455
0.098322	0.122411
0.096089	0.241663
0.107423	0.386722
0.054449	0.140750
0.234418	0.690360
0.108122	0.192458
0.078918	0.294365
0.162767	0.365412
0.054484	0.165632
0.137336	0.407201
0.169725	0.391215
0.100277	0.171473
0.082672	0.172372
0.150974	0.377435
0.204703	0.697013
0.093397	0.340898
0.057773	0.168409
0.204031	0.716150
0.142906	0.539472
0.230488	1.059092
0.138750	0.181763
0.148563	0.340951
0.105776	0.165539
0.130384	0.408754
0.157793	0.426041
0.057931	0.106883
0.120947	0.351352
0.167899	1.311294
0.190517	0.896382
0.056371	0.125708
0.188913	1.077747
0.091153	0.843618
0.094966	0.369891
0.319070	0.794484
0.241493	1.527445
0.137126	0.572499
0.232127	0.831016
0.081037	0.118720
0.133768	0.592594
0.172416	0.905186
0.120655	0.495291
0.130830	0.331653
0.374438	3.184591
0.093341	0.155879
0.147316	0.361660
0.152905	0.527523
0.165108	0.675292
0.046465	0.104778
0.097138	0.115108
0.159235	0.214171
0.323198	0.972825
0.159286	0.442019
0.241819	0.899568
0.386625	2.043312
0.278921	0.889757
0.422799	2.126679
0.127412	0.207681
0.138124	0.133980
0.179000	1.043570
0.274520	0.886700
0.307595	1.030443
0.120561	0.207967
0.374001	1.477304
0.455254	1.449983
0.373920	0.917974
0.286700	0.349774
0.267684	0.630395
0.308364	1.307463
0.096229	0.094786
0.133369	0.316752
0.219137	0.649740
0.103044	0.359109
0.145471	0.298943
0.057808	0.113015
0.139630	0.320452
0.160611	0.716327
0.083668	0.133450
0.245644	1.663010
0.190608	0.446975
0.308485	2.037545
0.247627	0.763928
0.086446	0.240753
0.057894	0.125051
0.062084	0.238092
0.074417	0.122788
0.205304	0.588197
0.099501	0.147261
0.095219	0.175680
0.109527	0.316533
0.127847	0.215422
0.222955	1.009985
0.104457	0.196901
0.166567	0.390600
0.103460	0.198125
0.136217	0.252001
0.105468	0.631229
0.181369	0.461584
0.239711	0.576505
0.112759	0.202402
0.121148	0.253804
0.250579	1.289230
0.287852	0.906732
0.226313	0.314575
0.185877	0.791834
