Velocity(m/s)	Chord(mm)
0.115444	0.367112
0.167839	0.446451
0.119010	0.372501
0.087353	0.182130
0.143026	0.466981
0.072457	0.283670
0.106794	0.427175
0.167955	2.113717
0.168047	0.808304
0.108187	0.526329
0.116271	0.529614
0.202320	1.203802
0.208232	0.805859
0.347630	0.789119
0.356626	0.695420
0.276575	0.597402
0.215684	1.338316
0.145538	0.192111
0.123446	0.172825
0.203738	0.524624
0.276497	2.717968
0.108047	0.152887
0.095789	0.218879
0.099546	0.158777
0.068945	0.235103
0.178482	1.410901
0.071690	0.101442
0.169634	0.480064
0.190893	0.979282
0.181450	0.179635
0.170480	0.190938
0.200805	0.951815
0.198243	0.405407
0.372703	1.054750
0.184083	0.637848
0.334161	0.922285
0.238159	0.615640
0.115293	0.217904
0.277552	0.975595
0.204057	0.615230
0.128883	0.135972
0.181894	0.241919
0.219064	0.244257
0.132829	0.163380
0.150164	0.406944
0.106728	0.165962
0.094115	0.300697
0.161260	0.372511
0.162172	1.101148
0.113961	0.241598
0.070601	0.319469
0.056019	0.199987
0.088067	0.465874
0.148809	0.853417
0.201990	0.292886
0.150529	0.386107
0.146133	0.622528
0.056264	0.294263
0.130710	0.567282
0.181328	2.683653
0.069058	0.134318
0.133419	0.665095
0.112395	0.266376
0.076204	0.256045
0.149912	0.562921
0.111187	0.550374
0.090542	0.240389
0.219676	1.329041
0.290642	2.237943
0.228097	1.175841
0.328505	1.420786
0.195459	1.243119
0.100691	0.217492
0.103841	0.136551
0.336070	1.769410
0.091208	0.110817
0.207988	0.479412
0.157607	0.281328
0.243708	0.300980
0.184763	0.760301
0.194784	0.398334
0.221133	0.683303
0.271182	0.458298
0.256246	1.306853
0.205955	0.356302
0.069416	0.078093
0.189781	0.411825
0.213255	0.307087
0.124226	0.216154
0.105343	0.220694
0.193367	0.486318
0.069844	0.097083
0.200911	1.334049
0.115412	0.220437
0.143575	0.477387
0.145904	0.797364
0.172863	0.377707
0.212739	0.840318
0.166816	0.377839
0.210238	1.107956
0.171348	0.295575
0.171287	0.773362
0.120640	0.101941
0.092770	0.179509
0.185295	0.738399
0.046876	0.101253
0.243418	0.546474
0.200862	1.649080
0.154232	1.499132
0.160235	1.020699
0.179806	0.534024
0.064734	0.159571
0.282317	1.387589
0.253041	1.887689
0.078928	0.198109
0.069642	0.149382
0.389928	3.049240
0.102015	0.220353
0.102386	0.260572
0.195033	0.900079
0.174101	0.579756
0.192467	0.496565
0.066781	0.114195
0.103573	0.361989
0.079624	0.163628
0.066708	0.169439
0.152443	0.215707
0.150298	0.285566
0.173467	0.889886
0.098766	0.140248
0.140749	0.163973
0.104215	0.260538
0.107113	0.364721
0.129931	0.374852
0.067987	0.112179
0.095425	0.118327
0.257091	1.180047
0.365454	2.974799
0.136009	0.433189
0.233275	2.269767
0.128108	0.253014
0.068710	0.140512
0.056122	0.127678
0.133183	0.408870
0.118680	0.194636
0.159438	0.220822
0.197677	1.232518
0.079718	0.164618
0.102310	0.513598
0.126580	0.158857
0.043255	0.118950
0.150671	0.593643
0.100148	0.231341
0.149926	0.622943
0.189727	0.332971
0.274252	3.775085
0.166802	0.551281
0.084565	0.271454
0.177654	0.815431
0.101350	0.532596
0.139655	0.288387
0.140784	0.187242
0.185114	0.670114
0.076326	0.164863
0.175998	0.479593
0.371810	2.156500
0.129459	0.433688
0.092722	0.121466
0.136269	0.280715
0.135105	0.229679
0.142769	0.117071
0.136291	0.172408
0.202519	2.121389
0.081888	0.190800
0.085945	0.141810
0.104267	0.224175
0.097163	0.248737
0.134184	0.451529
0.092061	0.266515
0.143016	0.654297
0.131494	0.306381
0.232531	1.532377
0.070031	0.147766
0.129920	1.083535
0.207152	0.732283
0.370098	0.866029
0.167000	0.487641
0.207413	0.958249
0.149803	0.435178
0.333503	1.770903
0.095274	0.198646
0.157233	0.084906
0.277900	0.564137
0.494947	0.534543
0.300024	0.294024
0.236573	0.357225
0.301933	0.932972
0.247419	0.244945
0.115385	0.122308
0.211328	0.234574
0.093809	0.111632
0.238814	0.880030
0.073659	0.114171
0.275270	0.916648
0.081068	0.149975
0.098577	0.197153
0.148976	0.937058
0.109300	0.130614
0.193287	0.408801
0.178281	0.861986
0.413544	1.302665
0.525385	2.243394
0.143450	0.209437
0.275251	0.421134
0.147424	0.125311
0.369344	2.507845
0.304870	0.410050
0.132629	0.415129
0.167759	0.338033
0.205966	0.939205
0.375484	2.602105
0.163991	0.186950
0.080781	0.135308
0.111152	0.156724
0.321006	4.221223
0.256963	1.562336
0.058721	0.172935
0.288403	0.272541
0.246923	1.287702
0.068074	0.461540
0.078334	0.200928
0.068046	0.154125
0.114124	0.302428
0.150575	0.445702
0.246677	2.164593
0.183353	0.372206
0.283291	2.770582
0.193621	1.558645
0.137922	0.404112
0.247682	3.513365
0.105861	0.236600
0.152339	0.248312
0.131720	0.239731
0.061198	0.117500
0.407477	2.188153
0.066867	0.100301
0.299694	2.986450
0.318148	2.098187
0.077869	0.152622
0.047781	0.176074
0.175553	0.333550
0.193527	1.106974
0.101613	0.544646
0.133114	0.245595
0.133053	0.226855
0.084630	0.104095
0.082114	0.202821
0.123408	0.524485
0.161144	0.485042
0.112241	0.167800
0.140655	0.362889
0.157290	0.318513
0.310636	0.680292
0.162143	0.229432
0.147598	0.240584
0.198942	0.604783
0.122558	0.161164
0.090825	0.323336
0.087221	0.235498
0.077461	0.176224
0.093449	0.134099
0.114880	0.284902
0.100908	0.157921
0.149795	0.340035
0.182684	1.162786
0.187061	0.879185
0.100967	0.156498
0.138559	0.292359
0.097947	0.143492
0.122258	0.167494
0.153173	0.685448
0.089924	0.216266
0.089400	0.235123
0.157190	0.967505
0.105376	0.253430
0.133335	0.210002
0.063036	0.252458
0.052510	0.086642
0.050831	0.108271
0.177800	1.186812
0.195848	1.569725
0.304038	1.582519
0.288178	2.945183
0.282288	0.808756
0.195594	0.322730
0.108710	0.141867
0.084647	0.192994
0.294222	1.190130
0.117500	0.437102
0.193834	0.524321
0.122133	0.351132
0.154979	0.148005
0.228932	0.578054
0.104184	0.150545
0.169633	0.703128
0.102726	0.153575
0.104438	0.224542
0.149680	0.616683
0.252496	0.674165
0.097629	0.219176
0.186814	0.421265
0.164795	0.326294
0.104837	0.269432
0.194827	0.271784
0.172067	0.306280
0.158602	0.236317
0.153516	0.422170
0.085868	0.079857
0.151574	0.373629
0.124472	0.202267
0.090747	0.128861
0.151734	0.901301
0.078866	0.113962
0.179083	0.458452
0.220245	1.160694
0.288127	2.414506
0.099717	0.140601
0.095331	0.520985
0.063010	0.124130
0.136680	0.572691
0.165114	0.298856
0.131451	0.431161
0.293129	3.647992
0.313824	0.302841
0.268655	0.276715
0.281540	0.443425
0.225683	0.740241
0.283488	2.154506
0.263058	0.745770
0.165544	0.385718
0.189732	0.691572
0.131080	0.263471
0.085153	0.539020
0.114522	0.205566
0.356028	0.856248
0.197031	0.571390
0.351771	1.458091
0.184184	0.268909
0.262647	0.371645
0.303033	1.453042
0.158613	0.221265
0.161482	0.415010
0.167700	0.249874
0.097860	0.129175
0.175102	0.916660
0.229849	0.792978
0.123205	0.213145
0.125566	0.280639
0.151011	0.157052
0.083578	0.248227
0.128197	0.229472
0.182340	0.526050
0.141361	0.291203
0.066177	0.116472
0.273718	1.101713
0.375732	1.991381
0.169287	0.267474
0.346581	1.174908
0.438538	1.359467
0.156999	0.524375
0.144283	0.376579
0.191052	0.660084
0.117284	0.129012
0.183046	0.240706
0.234503	0.372860
0.136908	0.233428
0.115952	0.206395
0.446180	2.119357
0.175853	0.468650
0.207742	0.349007
0.085881	0.125816
0.254733	0.621549
0.109546	0.171987
0.129038	0.212913
0.333713	2.080698
0.243329	0.386894
0.237991	0.434334
0.290136	0.406191
0.144409	0.168958
0.259630	1.073569
0.074970	0.177304
0.080894	0.123364
0.274418	0.389673
0.213479	0.472855
0.189621	0.472158
0.262453	2.102250
0.227250	1.058987
0.219443	0.594692
0.214990	0.560049
0.193753	0.443695
0.106415	0.152706
0.136689	0.353342
0.255442	0.845515
0.143349	0.347621
0.108203	0.258064
0.212686	0.563618
0.175526	0.418630
0.147763	0.361281
0.098169	0.162470
0.312826	1.744006
0.080930	0.208800
0.055312	0.103434
0.129916	0.202669
0.166552	0.520474
0.037226	0.110004
0.178632	0.278666
0.166246	0.486270
0.139130	0.407650
0.208558	0.575620
0.136217	0.269710
0.345689	1.804498
0.380875	1.902473
0.298541	2.380864
0.185443	0.522949
0.110603	0.190236
0.199554	0.585692
0.081388	0.149347
0.220803	0.831324
0.199871	0.554641
0.220026	0.445553
0.357858	0.248711
0.420096	3.432183
0.131357	0.192438
0.249143	0.614138
0.104339	0.426747
0.255210	0.992765
0.265891	1.716326
0.236052	1.260518
0.107817	0.401617
0.216956	0.938336
0.081246	0.103589
0.127798	1.913141
0.093020	0.281849
0.132893	0.433897
0.264573	2.344118
0.117974	0.276060
0.092857	0.205214
0.061845	0.135440
0.181274	1.259855
0.140955	0.346748
0.278990	1.086665
0.136405	0.421491
0.157494	0.733136
0.099298	0.178736
0.069062	0.306982
0.170212	0.729356
0.101760	0.164342
0.061526	0.131972
0.297571	2.977201
0.168098	0.398391
0.142847	1.169207
0.077104	0.161533
0.072218	0.219181
0.072019	0.352531
0.098033	0.334784
0.060565	0.186843
0.073430	0.140985
0.174101	0.310770
0.239487	0.772344
0.285968	0.559066
0.304207	1.082978
0.099251	0.214382
0.105837	0.138117
0.062083	0.111129
0.193829	0.279114
0.186765	0.793753
0.309519	1.317002
0.181246	0.581799
0.109255	0.346337
0.145465	0.664777
0.092848	0.219122
0.102605	0.400161
0.059674	0.104131
0.113427	0.861482
0.066789	0.159959
0.153193	1.662144
0.077261	0.204356
0.102070	0.306720
0.206740	0.399009
0.161826	0.613320
0.124714	0.363543
0.131604	0.226358
0.116251	0.986391
0.179993	1.351746
0.121924	0.373088
0.108577	0.171551
0.171989	0.644960
0.211266	0.890488
0.253322	1.557933
0.307367	0.307367
0.302258	0.480591
0.501325	1.205686
0.539402	0.574463
0.358102	0.307967
0.425523	0.236165
0.246158	0.150157
0.435194	0.472185
0.400644	1.067718
0.287808	0.156855
0.325427	1.021841
0.232832	0.912701
0.113872	0.220911
0.078522	0.198268
0.371170	2.464567
0.203446	1.270522
0.104653	0.356867
0.191881	0.503689
0.102264	0.271512
0.050405	0.309739
0.086888	0.537836
0.060975	0.547252
0.033236	0.185293
0.065070	0.142829
0.069733	0.124473
0.197438	1.237939
0.199857	0.448679
0.142834	0.990556
0.145271	0.344291
0.079578	0.111409
0.107115	0.209410
0.106322	0.168520
0.241743	2.010097
0.123927	0.405861
0.103614	0.259036
0.228158	0.541875
0.205519	0.485025
0.167435	0.472167
0.069770	0.104655
0.171414	0.697654
0.064023	0.097955
0.121259	0.192196
0.118199	0.294316
0.179379	0.341717
0.246151	0.600610
0.125360	0.247586
0.105607	0.182172
0.314686	2.849481
0.054679	0.269566
0.106367	0.228689
0.159639	1.034460
0.190815	0.555270
0.135824	0.283194
0.074812	0.394632
0.102996	0.280665
0.077577	0.152439
0.185178	0.427761
0.129620	0.222946
0.158161	0.451550
0.089532	0.174139
0.142364	0.776593
0.204322	0.476071
0.226240	1.021473
0.246053	2.342425
0.189809	0.897798
0.152424	1.576064
0.165692	0.565009
0.122242	0.548254
0.289132	1.069788
0.102960	0.351092
0.151502	0.410571
0.077149	0.594431
0.114684	0.376164
0.070086	0.109334
0.136963	0.498545
0.173576	0.407036
0.094381	0.140155
0.119396	0.357592
0.155049	0.434138
0.171339	0.708487
0.141657	0.208236
0.158610	0.391766
0.341812	1.710768
0.242864	1.267752
0.068497	0.095211
0.198771	0.796079
0.111701	0.169227
0.225894	0.400962
0.167808	1.039572
0.135144	0.247989
0.165868	0.411353
0.144761	0.363350
0.166456	0.340403
0.104596	0.213377
0.145465	0.154921
0.094688	0.171860
0.087347	0.118355
0.278293	0.761132
0.174148	0.249032
0.297362	0.327098
0.121645	0.250589
0.328578	2.646695
0.066257	0.093754
0.358281	2.850127
0.201338	0.703677
0.123521	0.410706
0.079359	0.134117
0.270017	0.803301
0.117560	0.213959
0.223070	2.693576
0.195196	0.503605
0.174323	0.686834
0.264993	0.988423
0.312023	1.731725
0.146780	0.510059
0.161890	0.866113
0.147575	0.190372
0.243477	0.416345
0.408035	0.669177
0.222437	0.477128
0.134593	0.254380
0.223914	0.478057
0.192324	0.442344
0.234382	0.898856
0.205803	0.197571
0.232080	0.446754
0.352983	1.710204
0.282963	0.524896
0.093064	0.109350
0.129621	0.090735
0.308843	0.753578
0.190857	1.189993
0.159376	0.142641
0.294485	0.868730
0.174287	0.253587
0.388675	1.004726
0.190038	0.202390
0.108090	0.197806
0.304088	1.619269
0.220195	0.660586
0.172640	0.689695
0.101423	0.232260
0.123615	0.174916
0.152222	0.254972
0.084160	0.177579
0.068480	0.124976
0.097760	0.301099
0.121574	0.243148
0.185732	0.297172
0.198869	1.648620
0.109971	0.336512
0.097373	0.232235
0.437718	2.525631
0.237098	0.280961
0.249943	1.452170
0.149924	0.751869
0.117974	0.405830
0.116862	0.391487
0.133927	0.835033
0.170012	0.649446
0.164298	2.649302
0.184490	0.363446
0.235544	1.257802
0.110396	0.147931
0.150828	0.426842
0.197593	0.535477
0.166994	0.201228
0.160088	0.301766
0.266324	0.555285
0.105495	0.214155
0.165695	0.201320
0.211465	1.324826
0.115140	0.234310
0.153198	0.284182
0.100536	0.119638
0.165816	0.359821
0.131698	0.367437
0.427878	2.680654
0.329040	3.950128
0.246073	1.325101
0.171580	0.343160
0.109132	0.176249
0.119106	0.209627
0.291218	1.438615
0.198651	0.589992
0.216970	1.730339
0.246852	0.362872
0.141639	0.584968
0.304297	2.343087
0.119155	0.228182
0.224597	1.808008
0.102579	0.179513
0.184921	0.906113
0.157338	0.867721
0.125077	0.468415
0.082260	0.097890
0.147308	0.365324
0.155818	1.128899
0.118073	0.401449
0.112285	0.248150
0.049873	0.211960
0.074824	0.111861
0.181660	0.928283
0.071213	0.195835
0.072330	0.181911
0.173884	0.901590
0.198909	0.340135
0.220413	1.712608
0.065241	0.129830
0.103071	0.173675
0.138229	0.375290
0.215832	0.462960
0.129631	0.281300
0.146476	0.486299
0.101978	0.457879
0.141855	0.522027
0.138404	0.532856
0.152574	0.266242
0.112826	0.290527
0.144253	0.183923
0.174995	1.003598
0.120079	0.150099
0.190190	0.833034
0.119636	0.217140
0.124956	0.389237
0.095390	0.192688
0.159078	0.776303
0.112167	0.344914
0.221209	0.888156
0.068276	0.166252
0.051984	0.188183
0.067751	0.251358
0.070866	0.103464
0.088569	0.247994
0.066419	0.141473
0.089081	0.204886
0.178576	0.806269
0.080380	0.207782
0.111525	0.157807
0.183451	0.456794
0.350610	1.614561
0.156834	0.308179
0.090567	0.139020
0.051890	0.207560
0.056523	0.131132
0.030203	0.493069
0.148240	1.194073
0.227253	0.465868
0.139700	1.383730
0.117786	0.348057
0.133644	1.154013
0.193888	1.156539
0.231740	1.426362
0.128154	0.373569
0.298438	3.878196
0.101011	0.227781
0.195308	0.998022
0.098462	0.230894
0.287281	1.370332
0.124726	0.327407
0.119128	0.162015
0.382999	2.399492
0.106545	0.202435
0.170159	0.737640
0.138469	0.245091
0.111331	0.161987
0.066665	0.111664
0.091843	0.140060
0.314916	0.740053
0.106353	0.203135
0.124905	0.241067
0.269235	0.438853
0.281892	1.460201
0.213872	2.241381
0.143354	0.174175
0.179028	0.452940
0.276486	0.305517
0.148460	0.272424
0.111428	0.152099
0.361883	0.933657
0.092447	0.142369
0.113456	0.135013
0.155428	0.220708
0.301328	2.082177
0.129684	0.142652
0.169414	0.237179
0.188212	0.385835
0.308403	0.596759
0.273673	3.507124
0.114431	0.499492
0.127288	0.211298
0.200480	1.363267
0.342151	1.883542
0.118766	0.211997
0.123175	0.174908
0.135206	0.182528
0.085401	0.118281
0.149730	0.297962
0.123552	1.109498
0.090012	0.236732
0.172566	0.308894
0.097696	0.166083
0.188258	0.282387
0.335243	2.594782
0.200154	0.212163
0.206079	1.109737
0.135734	0.185956
0.301325	0.790979
0.153146	0.392821
0.173345	0.177679
0.183873	0.484506
0.152824	0.183388
0.194753	0.290183
0.090983	0.153760
0.113473	0.120281
0.292308	0.546616
0.252048	0.530561
0.242529	0.454741
0.217534	0.701547
0.159703	0.162897
0.234864	0.605950
0.362347	0.779046
0.271001	0.959345
0.230630	0.198342
0.237718	0.363708
0.206814	0.239904
0.204768	0.457656
0.110003	0.106703
0.190694	0.263157
0.152313	0.289395
0.291358	0.994988
0.096621	0.152178
0.104543	0.160473
0.100228	0.153349
0.102731	0.180806
0.184978	0.397704
0.117683	0.190058
0.211465	0.526547
0.439043	2.873537
0.192037	0.514659
0.181653	0.368756
0.068331	0.099421
0.200659	1.151783
0.065341	0.382569
0.152154	0.260184
0.053465	0.141415
0.172201	0.489913
0.117030	0.246348
0.191881	0.411586
0.079197	0.118796
0.216571	0.964826
0.137298	0.331574
0.227246	0.580614
0.141347	0.339940
0.100363	0.295570
0.055786	0.123008
0.074507	0.133739
0.106959	0.264723
0.207030	0.476169
0.139631	0.185709
0.171765	0.454319
0.161048	0.392958
0.112943	0.132143
0.201150	0.302730
0.145896	0.284498
0.227242	0.351088
0.251943	0.535380
0.111883	0.240548
0.263618	0.536463
0.177348	0.352923
0.235704	0.305237
0.324858	0.933967
0.088043	0.130743
0.218796	0.450719
0.101793	0.211221
0.205235	0.529507
0.268355	1.679901
0.178916	0.560901
0.069774	0.153153
0.155018	1.275798
0.150243	0.262173
0.107125	0.240495
0.102843	0.160435
0.094769	0.140731
0.156814	0.246198
0.332190	0.564723
0.209627	0.497863
0.325953	2.500056
0.130562	0.345988
0.189406	0.452681
0.033653	0.189637
0.089620	0.195371
0.126344	0.177514
0.209105	1.345591
0.154861	0.488586
0.154807	0.255432
0.082078	0.217917
0.054331	0.092905
0.133955	0.249157
0.074528	0.158372
0.221776	2.246592
0.100801	0.223778
0.076678	0.287158
0.064942	0.478948
0.041755	0.141758
0.069727	0.160720
0.094911	0.257208
0.068654	0.281824
0.100958	0.424025
0.149776	0.605844
0.208547	0.919691
0.179846	0.701401
0.086578	0.135494
0.159695	0.580491
0.108983	0.256109
0.064553	0.195596
0.204828	1.769710
0.082076	0.163331
0.201620	1.578684
0.155110	0.548315
0.058645	0.120221
0.122488	0.202717
0.106237	0.409545
0.106679	0.154684
0.106743	0.270594
0.061182	0.229126
0.091787	0.200555
0.093182	0.270227
0.086430	0.200519
0.085849	0.339105
0.078393	0.148163
0.085472	0.325221
0.156453	0.208083
0.145470	0.224751
0.192148	1.138479
0.083887	0.193361
0.126568	0.775228
0.097020	0.266321
0.094645	0.300972
0.240858	1.437919
0.185884	1.216611
0.161113	0.494618
0.083065	0.135811
0.122603	0.284438
0.105902	0.217629
0.162651	1.363826
0.078062	0.249797
0.176207	2.208760
0.089549	0.184471
0.232104	1.741940
0.097840	0.265635
0.092977	0.231512
0.094212	0.205383
0.060722	0.141483
0.072974	0.133543
0.092922	0.110112
0.072602	0.140485
0.073648	0.088009
0.073371	0.173156
0.123398	0.356619
0.161469	0.472296
0.081251	0.169408
0.079648	0.233766
0.076665	0.122281
0.282908	1.652184
0.234392	1.713405
0.268347	1.355153
0.055843	0.115036
0.116294	0.236658
0.125771	0.230790
0.076150	0.209033
0.252060	0.795248
0.064123	0.159666
0.080718	0.190090
0.184970	1.096870
0.200401	1.169339
0.152964	0.534608
0.109491	0.264420
0.106971	0.819930
0.125269	0.274965
0.073186	0.210044
0.077870	0.231664
0.120566	0.672158
0.118831	0.269153
0.238997	0.773156
0.111933	0.226665
0.131030	0.598806
0.122245	0.329450
0.072891	0.166192
0.120498	0.229549
0.120708	0.217275
0.069967	0.151128
0.052675	0.135374
0.242497	1.670806
0.156786	0.466440
0.205213	3.173627
0.084444	0.160021
0.039600	0.091477
0.044323	0.119451
0.092209	0.252192
0.057676	0.279727
0.096815	0.224610
0.080228	0.365036
0.226401	3.341680
0.121206	0.532096
0.119751	0.286804
0.109500	0.283056
0.088656	0.264194
0.187955	4.350211
0.092535	0.152220
0.135438	0.430693
0.170097	1.027384
0.098221	0.191530
0.165681	0.763790
0.055092	0.118998
0.137827	0.510649
0.079716	0.211247
0.089091	0.557709
0.117328	0.380730
0.087904	0.365243
0.073225	0.174641
0.107614	0.150659
0.087603	0.233025
0.114892	0.342379
0.077527	0.194594
0.085517	0.292468
0.074882	0.241869
0.145060	0.297373
0.099091	0.363664
0.144865	0.545417
0.064928	0.191538
0.210521	0.971552
0.071456	0.266888
0.114548	0.150058
0.129375	0.365484
0.204193	2.030699
0.106704	0.399073
0.119602	0.225451
0.164252	0.790054
0.071487	0.169423
0.061162	0.174924
0.097798	0.209776
0.094594	0.257296
0.100567	0.206666
0.071007	0.141303
0.143273	0.433400
0.079164	0.136954
0.140663	0.237017
0.397244	2.536403
0.067824	0.115640
0.129569	0.255899
0.084534	0.125532
0.117069	0.309062
0.072626	0.164498
0.217975	0.409794
0.177295	0.519476
0.137960	0.478031
0.131095	0.200575
0.233557	0.649289
0.131523	0.342617
0.247148	1.647243
0.304116	1.671117
0.319919	1.546807
0.068998	0.100046
0.359718	1.093544
0.322398	2.411535
0.102221	0.132887
0.162332	0.590888
0.139910	0.490384
0.097438	0.209005
0.396251	2.686584
0.085736	0.197193
0.106694	0.185647
0.141884	0.225595
0.197834	0.500520
0.148289	0.309183
0.159343	0.233437
0.112704	0.195541
0.228288	0.695137
0.088438	0.190142
0.162776	0.415893
0.230065	1.487371
0.159911	1.241706
0.096978	0.211412
0.076759	0.125501
0.078798	0.214332
0.068210	0.127895
0.066497	0.194836
0.134115	0.667892
0.099243	0.229251
0.328966	1.870175
0.172787	0.705837
0.071218	0.114305
0.120740	1.365565
0.112234	0.487657
0.052662	0.131128
0.100189	1.772338
0.129300	0.329070
0.132262	0.840522
0.111838	0.336632
0.050659	0.114236
0.066190	0.226700
0.162492	0.633720
0.086767	0.275485
0.074453	0.192460
0.137805	0.212909
0.113350	0.230668
0.187074	0.493876
0.109972	0.318918
0.154781	0.504587
0.121697	0.373002
0.249309	0.891280
0.261028	0.933175
0.303627	1.612260
0.182837	0.313565
0.179887	0.242847
0.152202	0.302882
0.096885	0.195707
0.105934	0.542910
0.172737	0.541531
0.166842	0.682382
0.109503	0.180132
0.201399	0.469261
0.214986	0.414923
0.188880	0.572308
0.131669	0.294279
0.141539	0.363756
0.337544	0.808419
0.388892	2.004737
0.308101	1.070652
0.130914	0.260520
0.087794	0.103158
0.089434	0.220454
0.126967	0.394232
0.065953	0.093982
0.153845	0.504612
0.065833	0.204411
0.078401	0.181106
0.130453	0.326132
0.088908	0.210713
0.080529	0.138107
0.160577	0.814125
0.106219	0.484360
0.123458	0.242595
0.104276	0.354538
0.107497	0.249394
0.193962	1.196746
0.175857	0.446678
0.140825	0.356286
0.201674	1.528691
0.249546	2.270869
0.179510	0.639952
0.132082	0.424642
0.156943	0.674072
0.205661	0.448341
0.131167	0.325294
0.278892	1.462789
0.190967	0.501288
0.248106	1.333570
0.115353	0.330488
0.098503	0.236899
0.151295	0.325284
0.143888	0.877720
0.243012	0.789788
0.079501	0.233732
0.120951	0.212873
0.060420	0.158604
0.064806	0.188908
0.063013	0.144615
0.280008	1.163433
0.197746	0.213566
0.235058	0.223305
0.089741	0.161982
0.115376	0.642643
0.222418	0.513786
0.127627	0.160172
0.182631	0.315952
0.097610	0.202541
0.267395	1.755447
0.140153	0.731600
0.139196	0.758620
0.121548	0.261328
0.189507	0.523039
0.131616	0.168469
0.153455	0.332998
0.091566	0.157952
0.254704	0.219045
0.168496	0.192928
0.122797	0.299624
0.088963	0.109869
0.203736	0.321902
0.162541	0.457554
0.228718	0.460867
0.284145	0.859538
0.246886	0.523398
0.157132	0.225484
0.101195	0.098159
0.263451	0.628331
0.167172	0.453037
0.106210	0.219323
0.136300	0.373461
0.137740	0.329199
0.049634	0.194565
0.123708	0.110719
0.176609	0.426510
0.209373	0.545417
0.318102	0.962258
0.224700	1.022383
0.350107	1.839814
0.154331	0.337214
0.088629	0.133386
0.186782	0.557544
0.248099	0.676069
0.133721	0.964800
0.132242	0.431109
0.086487	0.156110
0.109007	0.125358
0.061737	0.124399
0.136587	0.316882
0.137135	0.303755
0.158441	0.255090
0.066732	0.081413
0.219684	0.493192
0.125589	0.234224
0.072834	0.086673
0.112278	0.436761
0.088630	0.196315
0.148587	0.170133
0.163756	0.832700
0.034617	0.084811
0.152934	0.552858
0.100144	0.127683
0.171175	0.184869
0.280386	1.323423
0.130668	0.239123
0.278995	1.516336
0.227344	1.193556
0.212476	0.576871
0.259130	1.368206
0.145602	0.293389
0.102241	0.226975
0.308576	1.436421
0.258189	1.364531
0.139526	0.310446
0.088597	0.178524
0.176165	0.350568
0.113241	0.398042
0.148874	0.989264
0.093484	0.201925
0.085475	0.160266
0.102689	0.178679
0.280030	2.399853
0.092984	0.205495
0.054249	0.096834
0.092546	0.131878
0.093955	0.280456
0.104794	0.193869
0.062600	0.112367
0.110217	0.159263
0.073401	0.376547
0.059239	0.285827
0.054241	0.249778
0.135713	0.203569
0.033194	0.091782
0.140880	0.376150
0.074930	0.237903
0.136872	0.153296
0.093966	0.272971
0.092109	0.234418
0.164622	0.479873
0.122629	0.246485
0.131635	0.431104
0.143268	0.181951
0.277496	0.382945
0.418657	0.923139
0.352224	0.390968
0.254755	0.210173
0.369750	0.353111
0.237739	0.387515
0.187322	0.160160
0.515183	1.069006
0.418578	1.027608
0.283496	0.584002
0.207473	0.236519
0.399066	1.241094
0.417802	0.747866
0.382237	0.487352
0.406612	0.916909
0.219008	0.199298
0.486912	1.543511
0.235121	0.260984
0.225650	0.196316
0.350561	0.322516
0.400402	0.198199
0.284199	0.251516
0.188904	0.568600
0.115766	0.170754
0.088380	0.131686
0.119767	0.286242
0.072836	0.096508
0.040993	0.091209
0.140128	0.494652
0.045781	0.130934
0.061677	0.133840
0.204535	1.328455
0.171835	1.261271
0.042118	0.105295
0.087869	0.152893
0.155753	0.291258
0.233156	1.038710
0.158449	0.652811
0.089694	0.154274
0.071694	0.156652
0.118028	0.401886
0.278857	0.441988
0.230577	0.696344
0.182755	0.412112
0.110953	0.161991
0.138155	0.241081
0.162067	0.179894
0.170425	0.382605
0.122544	0.156857
0.263753	0.945555
0.240330	1.274952
0.192297	0.361517
0.069690	0.099309
0.151902	0.234689
0.173943	0.230475
0.258555	0.447300
0.148525	0.351261
0.180095	0.268341
0.373515	1.628524
0.091098	0.113417
0.242257	0.396090
0.150246	0.266687
0.235471	0.208391
0.096841	0.111368
0.162153	0.336467
0.236424	0.891320
0.119646	0.101699
0.147320	0.270333
0.234596	0.417581
0.347483	1.329122
0.197304	0.607697
0.170480	0.578781
0.124148	0.162634
0.125635	0.305293
0.076244	0.129233
0.201841	0.781124
0.232948	2.521666
0.129242	0.105979
0.261193	0.979473
0.170863	0.660387
0.132153	0.190300
0.080662	0.125429
0.078768	0.613600
0.056757	0.130541
0.135162	0.410216
0.219891	0.549727
0.124201	0.285041
0.347679	1.404621
0.175963	0.415272
0.154122	0.268943
0.120077	0.381243
0.096654	0.241635
0.123225	0.444225
0.328971	2.944292
0.091128	0.238754
0.220736	0.605920
0.136062	0.154431
0.058654	0.195903
0.056321	0.133480
0.195592	1.263527
0.117042	0.274464
0.078118	0.261697
0.195107	0.843839
0.048327	0.104869
0.044124	0.163478
0.047746	0.353081
0.080017	0.168435
0.100952	0.219066
0.089018	0.142429
0.054179	0.089937
0.166896	0.601659
0.190637	0.580491
0.148994	0.316612
0.060353	0.097772
0.253052	2.157265
0.185429	0.282780
0.200276	1.123550
0.261332	0.487385
0.141440	0.494333
0.116571	0.535642
0.215810	0.692750
0.203174	0.993519
0.230268	0.358067
0.071452	0.213641
0.110906	0.172458
0.076339	0.184359
0.086295	0.226525
0.293557	0.846911
0.072005	0.104047
0.271709	1.471304
0.165072	0.321890
0.277545	1.894248
0.211636	0.356607
0.179704	0.616386
0.063589	0.128133
0.217646	1.022937
0.227097	1.333059
0.167243	0.822837
0.083777	0.201485
0.149539	0.272162
0.149511	0.232489
0.274121	1.199280
0.115145	0.244683
0.176833	0.197169
0.325514	0.659165
0.063901	0.121731
0.134126	0.242768
0.240489	0.662547
0.107625	0.158208
0.105309	0.221148
0.193233	1.000950
0.249533	1.567067
0.123324	0.178820
0.183695	0.371065
0.156427	0.592076
0.133822	0.429568
0.117825	0.405318
0.253118	1.338992
0.103406	0.268855
0.229639	1.672922
0.053877	0.110717
0.271620	2.296551
0.101449	0.208984
0.103122	0.176339
0.107694	0.248235
0.305484	3.361850
0.215485	1.372641
0.068500	0.152071
0.079233	0.221851
0.108635	0.351434
0.139467	0.232909
0.165616	1.699221
0.232858	1.050188
0.121716	0.413225
0.071911	0.223284
0.144170	0.498829
0.184841	0.897405
0.277529	1.810878
0.130791	0.328940
0.189323	0.962707
0.086529	0.254395
0.102987	0.221421
0.091689	0.181085
0.103469	0.171759
0.199501	2.288279
0.367867	2.416889
0.155404	0.582766
0.150271	0.390704
0.129312	0.345263
0.130139	0.225791
0.100053	0.155582
0.136407	0.221662
0.097293	0.201883
0.159191	0.366139
0.179062	0.368868
0.119570	0.142886
0.179450	1.009406
0.150705	0.363953
0.115487	0.297380
0.125490	0.368312
0.080157	0.159512
0.355637	1.504344
0.182348	1.002916
0.235510	0.345022
0.093470	0.137868
0.171854	1.699640
0.056676	0.238606
0.158930	0.766838
0.228099	0.407158
0.251951	0.563110
0.265077	0.210736
0.522326	2.739600
0.219060	0.147866
0.297247	0.368587
0.333833	1.402097
0.209303	0.679189
0.250882	0.407683
0.343805	1.474924
0.101978	0.153987
0.276234	2.225064
0.159191	0.312810
0.107410	0.133726
0.180068	1.160540
0.144201	0.369877
0.063541	0.175691
0.208922	0.522306
0.078215	0.171290
0.253044	0.986872
0.214994	1.320063
0.103366	0.114736
0.202149	0.404297
0.126213	0.198786
0.195253	1.437064
0.333414	1.165281
0.121526	0.257027
0.131045	0.291576
0.063569	0.148116
0.071127	0.095666
0.112856	0.249976
0.192490	2.113536
0.145177	0.230105
0.144684	0.198218
0.128518	0.209485
0.259491	1.458341
0.079193	0.101367
0.210248	1.080674
0.135513	0.375372
0.116064	0.211236
0.122280	0.384572
0.136825	0.388582
0.080331	0.175121
0.172177	1.012401
0.228858	1.016129
0.095624	0.486728
0.218961	1.701326
0.057300	0.147260
0.125028	0.286313
0.116576	0.484373
0.107759	0.267243
0.252338	0.545051
0.304656	1.675607
0.200708	0.894153
0.068536	0.103832
0.144062	0.195204
0.104514	0.221048
0.101640	0.164149
0.095325	0.218293
0.160049	1.364414
0.095874	0.210443
0.065465	0.128966
0.060113	0.125335
0.060682	0.129556
0.157420	0.203860
0.063485	0.137763
0.191448	1.032860
0.216529	0.502347
0.076573	0.317396
0.243442	0.796055
0.135604	0.174929
0.095328	0.160628
0.201261	0.847310
0.163514	0.492994
0.126375	0.219892
0.088514	0.208450
0.043359	0.077396
0.166704	1.006891
0.104972	0.455579
0.092569	0.215685
0.161845	1.022861
0.100294	0.281323
0.093980	0.321410
0.038204	0.274305
0.065961	0.148083
0.079164	0.299239
0.060824	0.128339
0.137971	0.266284
0.231893	0.634228
0.156737	0.563468
0.226953	0.306386
0.143548	0.376814
0.145448	0.312714
0.109985	0.377798
0.223740	1.058288
0.082498	0.181084
0.069852	0.120844
0.078550	0.146889
0.103552	0.344830
0.303901	1.022628
0.175956	0.441650
0.120029	0.132632
0.274657	0.678404
0.382424	1.066962
0.187266	0.236891
0.261261	1.021532
0.291176	1.281176
0.156433	0.244036
0.143425	0.230914
0.070951	0.144386
0.137752	0.237622
0.354476	1.915943
0.093349	0.173630
0.210145	0.791196
0.127224	0.192109
0.059918	0.146199
0.063667	0.180815
0.203256	2.478702
0.209028	0.636490
0.149197	0.395372
0.134114	0.242076
0.125263	0.224220
0.079263	0.160111
0.187803	0.708016
0.123193	0.209427
0.237869	1.805427
0.060853	0.136615
0.122222	0.311665
0.124242	0.162757
0.297053	2.302159
0.226831	0.766687
0.162349	0.218359
0.116762	0.169306
0.192461	0.562948
0.208667	0.897268
0.239064	2.076267
0.166511	0.980751
0.121392	0.396344
0.045187	0.084500
0.122170	0.472796
0.109177	0.312794
0.173523	0.786058
0.155804	1.367959
0.207482	0.404590
0.196890	0.949997
0.164133	0.229786
0.206512	0.656709
0.161980	0.404949
0.129513	0.650805
0.093014	0.258578
0.051791	0.117565
0.087286	0.231744
0.137326	0.412665
0.117641	0.218812
0.045353	0.140368
0.068088	0.117112
0.067025	0.183983
0.145928	2.111585
0.274865	2.076607
0.094055	0.200808
0.137713	0.269229
0.081140	0.266141
0.069002	0.155599
0.098279	0.211300
0.134805	0.526415
0.141592	0.197521
0.196992	0.324053
0.165742	0.362974
0.188630	0.443281
0.242829	1.567463
0.174678	0.441061
0.101209	0.241384
0.239351	0.668985
0.116917	0.240849
0.221463	0.854846
0.103853	0.353621
0.122798	0.371464
0.105086	0.384089
0.249499	1.715306
0.065600	0.132513
0.099211	0.304577
0.206439	1.192184
0.309271	1.753567
0.162976	0.572862
0.099116	0.166515
0.112673	0.201685
0.164229	1.503518
0.115631	0.234152
0.106319	0.287060
0.133235	0.159215
0.126369	0.198400
0.090191	0.257045
0.072873	0.229549
0.068957	0.116192
0.075012	0.248666
0.107874	0.343578
0.095316	0.508036
0.063439	0.108480
0.138076	0.557828
0.090201	0.179500
0.201312	0.655271
0.070184	0.136858
0.115180	0.366850
0.175790	0.263684
0.251461	0.672658
0.133500	0.265665
0.175493	0.559823
0.074574	0.126031
0.059305	0.084509
0.092059	0.113693
0.067175	0.123601
0.062773	0.130882
0.185628	0.638561
0.183552	0.719522
0.286317	1.083711
0.178272	0.367241
0.240502	0.398032
0.114162	0.200925
0.178145	0.788292
0.160464	0.466147
0.108777	0.432389
0.083455	0.171083
0.120973	0.378644
0.134649	0.315752
0.157318	0.404307
0.148442	1.214256
0.099102	0.291856
0.072129	0.247763
0.171470	0.428674
0.144690	0.440581
0.112263	0.208247
0.121998	0.368434
0.065983	0.212136
0.079830	0.104179
0.079429	0.120733
0.077171	0.116914
0.303368	1.965821
0.246887	0.822132
0.100956	0.154463
0.057867	0.096638
0.213120	1.021909
0.135950	0.233834
0.212526	0.429303
0.093806	0.209656
0.126748	0.273776
0.323347	2.741984
0.277822	0.395896
0.246633	0.330488
0.152598	0.303671
0.159307	0.189575
0.193377	1.489002
0.172983	0.493002
0.350169	1.032999
0.261852	1.412689
0.144630	0.516330
0.233182	0.490847
0.189423	1.391314
0.082945	0.195334
0.148818	0.464313
0.159932	0.367043
0.256180	0.724990
0.113703	0.158615
0.189094	0.878344
0.103510	0.222546
0.159255	0.183940
0.061495	0.103927
0.312219	1.337857
0.266453	0.650145
0.118761	0.256524
0.270174	1.465692
0.162943	0.379657
0.167213	0.553476
0.118335	0.298797
0.228975	0.338883
0.105434	0.096472
0.180699	0.554747
0.265357	1.080003
0.136066	0.191852
0.176150	0.402503
0.206288	0.430111
0.132312	0.173329
0.301772	3.388897
0.170503	0.460358
0.068696	0.125026
0.098642	0.147470
0.260655	0.991791
0.219408	0.615440
0.291733	0.205672
0.157735	0.317048
0.255805	0.539748
0.241280	0.449987
0.142995	0.486896
0.345604	0.995339
0.292336	1.207347
0.188552	0.261144
0.127454	0.140199
0.139584	0.105386
0.193052	0.258689
0.224376	0.363489
0.196289	0.271860
0.133271	0.221895
0.234607	0.856317
0.168121	0.142062
0.233161	0.924482
0.145747	0.226637
0.301046	0.815834
0.266597	0.405227
0.085946	0.153844
0.280473	0.706791
0.132608	0.297705
0.090818	0.260194
0.148201	0.183769
0.112366	0.301140
0.143668	0.936718
0.159355	0.909916
0.096788	0.277783
0.051506	0.133142
0.102420	0.258098
0.100948	0.474961
0.465610	4.239380
0.151088	0.350524
0.061004	0.114687
0.057117	0.156501
0.073006	0.446433
0.060955	0.200541
0.152819	0.353011
0.116871	0.256531
0.135231	0.398932
0.064404	0.140724
0.083993	0.383010
0.103687	0.239516
0.222446	1.980881
0.111428	0.191655
0.113972	0.295189
0.213488	1.653468
0.117421	0.297663
0.149313	0.142594
0.208003	1.004653
0.288364	2.725035
0.077330	0.124502
0.247777	1.735676
0.144302	0.512272
0.262745	0.739628
0.132963	0.354348
0.137541	0.573546
0.116238	0.462045
0.056688	0.158726
0.165095	0.632315
0.061014	0.146128
0.132725	0.111489
0.102866	0.780753
0.119824	0.394821
0.139557	0.903633
0.140391	0.664048
0.067669	0.133647
0.053647	0.126072
0.109164	0.367337
0.071530	0.204934
0.057804	0.181504
0.216456	2.862634
0.113821	0.186098
0.088030	0.386011
0.087387	0.209291
0.099694	0.416223
0.052898	0.156312
0.052137	0.185607
0.064230	0.303165
0.139004	1.164156
0.207271	1.772163
0.138920	0.550820
0.248931	0.749282
0.102310	0.562195
0.082264	0.128331
0.119092	0.345367
0.154133	0.977206
0.110644	0.207458
0.202632	0.794319
0.144638	0.417279
0.182892	1.637796
0.139225	0.346670
0.057333	0.112659
0.128332	0.207256
0.162171	0.321098
0.099056	0.178797
0.110591	1.052826
0.109211	0.417732
0.065612	0.218487
0.101216	0.181683
0.130208	0.201171
0.047105	0.109284
0.098847	0.178912
0.185984	1.187507
0.086841	0.221444
0.113815	0.158203
0.200520	0.576496
0.146258	0.484845
0.205803	0.747066
0.207902	0.537427
0.194590	0.858142
0.088689	0.109531
0.144082	0.538868
0.102752	0.176219
0.190198	0.304317
0.266277	1.074427
0.127375	0.395500
0.110281	0.132889
0.266027	1.593503
0.162225	0.365818
0.225431	0.610918
0.112762	0.227216
0.104052	0.191975
0.164699	0.681031
0.107130	0.299964
0.109953	0.335907
0.128952	0.625417
0.111528	0.263764
0.085306	0.229473
0.227406	2.420741
0.116591	0.146904
0.052799	0.102430
0.112995	0.260453
0.070517	0.143150
0.138790	0.564875
0.063780	0.110659
0.102555	0.802493
0.089815	0.279775
0.147470	0.465268
0.142852	0.912823
0.209254	1.947109
0.090539	0.226347
0.154536	0.377067
0.096994	0.163435
0.120695	0.226907
0.227041	1.187427
0.064750	0.126587
0.219456	0.235915
0.233561	2.718649
0.099954	0.171422
0.107567	0.195772
0.186639	0.282758
0.123171	0.382446
0.136481	0.517945
0.292923	0.719125
0.201029	0.283451
0.124084	0.532321
0.114186	0.139306
0.171292	0.235527
0.264790	1.358373
0.199513	0.352141
0.323274	0.971438
0.184467	0.191845
0.330563	0.639640
0.196655	0.513270
0.242739	0.365322
0.168776	0.335865
0.227699	0.878917
0.315275	1.131838
0.239357	0.517010
0.149290	0.201542
0.196040	0.312684
0.219141	0.508407
0.168400	0.241654
0.341443	2.366197
0.197013	1.747501
0.356989	1.087031
0.169348	0.297206
0.082634	0.124365
0.277638	0.378976
0.282737	1.655426
0.247295	0.927357
0.407235	1.767402
0.108025	0.169599
0.166969	0.294700
0.198028	0.602996
0.217029	1.362944
0.118792	0.111665
0.111871	0.209199
0.130221	0.193379
0.130696	0.278383
0.120152	0.253520
0.175489	1.104703
0.193922	0.708783
0.124907	0.246067
0.192611	0.209946
0.316453	2.832251
0.121229	0.332166
0.129074	0.487254
0.170480	0.449216
0.099703	0.433210
0.100295	0.489439
0.102176	0.301929
0.130567	0.406065
0.182973	0.304649
0.103999	0.151838
0.245880	1.375698
0.265229	1.636463
0.164013	0.307525
0.123563	0.237242
0.173265	0.572641
0.048753	0.108476
0.068613	0.194519
0.120270	0.337356
0.056134	0.294983
0.317503	2.694016
0.133995	0.570818
0.200808	0.787169
0.063991	0.212131
0.076603	0.096137
0.062878	0.081112
0.146164	0.401951
0.118617	0.206394
0.124897	0.279145
0.222683	0.732627
0.055510	0.109911
0.101116	0.252791
0.083190	0.171372
0.292845	3.417505
0.114996	0.171919
0.217058	1.376146
0.089633	0.228564
0.165894	0.448744
0.174466	0.519909
0.149040	0.429980
0.189417	0.161952
0.350121	1.972929
0.219761	0.504353
0.070259	0.150705
0.260276	1.849262
0.144347	0.230233
0.209064	0.239378
0.215341	1.813173
0.082668	0.279005
0.075021	0.220562
0.083360	0.302181
0.175758	0.463121
0.202991	0.658705
0.150101	0.272433
0.152684	0.335141
0.106341	0.321680
0.100351	0.199699
0.139591	0.230325
0.134884	0.335860
0.249737	1.763140
0.083593	0.162171
0.185719	0.481012
0.082936	0.094547
0.101502	0.239036
0.234218	1.934637
0.272782	1.436199
0.262313	0.933836
0.125225	0.413241
0.169756	1.674640
0.099016	0.189120
0.128207	0.240389
0.136929	0.319044
0.371529	3.466369
0.290182	0.503467
0.471090	3.749876
0.089108	0.148364
0.094933	0.159488
0.234449	0.346984
0.128478	0.214558
0.143715	0.231381
0.100911	0.159944
0.228043	0.437843
0.133018	0.369126
0.295189	1.195514
0.145377	0.415778
0.124081	0.310204
0.198564	0.287918
0.157963	0.265378
0.249645	0.621617
0.116308	0.179114
0.233796	0.910636
0.089256	0.225818
0.285882	1.689560
0.105522	0.162503
0.077249	0.122440
0.211191	1.663132
0.201660	0.554566
0.136418	0.418122
0.166789	0.160951
0.297622	1.221737
0.128860	0.383357
0.105938	0.253193
0.216962	0.707297
0.124369	0.230704
0.069884	0.147454
0.088524	0.119949
0.135258	0.150813
0.184112	0.208968
0.405745	2.345209
0.081698	0.160127
0.089060	0.170994
0.161437	0.434266
0.313075	2.816108
0.106169	0.218709
0.189507	0.406492
0.118623	0.458477
0.052773	0.159639
0.138666	0.712745
0.116296	0.258759
0.096908	0.293147
0.334351	2.452463
0.066449	0.196025
0.092692	0.341570
0.079768	0.194633
0.078277	0.493146
0.089795	0.404974
0.080057	0.363857
0.058191	0.138786
0.076082	0.146837
0.283118	0.550665
0.335088	0.497606
0.206593	0.291296
0.404461	1.094067
0.376940	0.934812
0.078414	0.130560
0.295505	0.726943
0.120745	0.538521
0.133561	0.516211
0.184653	0.869716
0.185066	1.708155
0.196336	0.587044
0.186271	0.856845
0.138554	0.685148
0.217275	2.286822
0.142513	0.210919
0.268246	1.017992
0.172104	0.246109
0.363570	2.294128
0.128683	0.175652
0.287509	0.654082
0.089294	0.104474
0.298772	2.308010
0.132955	0.228018
0.184575	0.242716
0.277859	0.837744
0.362433	0.926017
0.203852	1.165015
0.159825	0.483470
0.256340	0.344777
0.136673	0.331432
0.136809	0.275669
0.103902	0.314824
0.178878	0.829996
0.204965	0.563654
0.067937	0.121608
0.283146	0.904651
0.252069	0.825525
0.452656	0.717460
0.202666	0.429652
0.411235	0.919111
0.344341	0.311629
0.098081	0.097591
0.362010	1.531303
0.207619	0.202429
0.207859	0.448976
0.293509	0.413848
0.380122	1.503381
0.140592	0.139186
0.271735	0.415754
0.195815	0.394568
0.216869	0.731933
0.263333	0.350232
0.170460	0.267623
0.188206	0.452636
0.083770	0.193509
0.099844	0.140780
0.150502	0.555352
0.165935	0.477062
0.234670	0.370779
0.155752	0.863643
0.085135	0.144730
0.159386	0.549880
0.198679	0.535441
0.134837	0.393723
0.195705	0.628212
0.187322	0.374644
0.237556	1.238854
0.205094	0.431722
0.392666	1.953513
0.169834	0.424585
0.193805	1.148294
0.104165	0.127602
0.203245	0.990819
0.222743	0.605860
0.205450	0.601968
0.186814	0.426869
0.092345	0.123743
0.154545	0.172318
0.089061	0.109990
0.218690	1.087985
0.275927	0.393196
0.197546	0.378301
0.289685	0.845880
0.274160	0.520904
0.175364	0.160458
0.403377	2.115710
0.232109	0.388783
0.186169	0.233642
0.253165	0.417722
0.232723	0.432864
0.107606	0.134508
0.249663	0.947472
0.309571	0.784764
0.088614	0.099691
0.235903	0.864585
0.194505	0.206176
0.166126	0.241713
0.270220	0.629612
0.249646	0.278355
0.313764	1.041697
0.205172	0.933531
0.149774	0.226908
0.186492	0.220061
0.174931	0.235282
0.167805	0.510126
0.100646	0.202297
0.096566	0.211480
0.201671	1.138431
0.190943	0.721766
0.203489	0.487356
0.053570	0.089729
0.111769	0.222420
0.128815	0.361971
0.229653	2.623785
0.090938	0.165508
0.139421	0.214012
0.093160	0.325130
0.125964	0.541017
0.092817	0.160109
0.104759	1.468195
0.121846	1.203840
0.156895	0.267505
0.094443	0.252634
0.101706	0.160187
0.082380	0.170938
0.058430	0.093196
0.297342	2.250877
0.058641	0.080339
0.206167	0.685506
0.129079	0.242668
0.148364	0.284859
0.138543	0.941400
0.104020	0.357307
0.223988	1.476081
0.115933	0.164046
0.105162	0.414862
0.104776	0.714575
0.052771	0.154883
0.050307	0.182110
0.059699	0.217900
0.116826	0.289144
0.134826	0.496162
0.073987	0.150563
0.096651	0.545597
0.084881	0.137083
0.064768	0.210495
0.157564	0.237921
0.159948	0.198336
0.366052	1.938248
0.154310	0.221434
0.070481	0.090920
0.134511	0.369904
0.065734	0.123252
0.106569	0.153460
0.210416	0.571278
0.249028	0.692296
0.193073	0.362011
0.197506	0.443400
0.143726	0.398840
0.071233	0.165261
0.104314	0.317115
0.165655	0.569025
0.185258	0.296412
0.309191	2.948133
0.370561	0.894904
0.097228	0.157509
0.123026	0.196226
0.143829	0.186977
0.245252	0.658503
0.163651	0.227475
0.207439	0.552825
0.146811	0.334730
0.153010	0.475096
0.120882	0.160773
0.165098	0.636451
0.189685	1.250973
0.031890	0.146376
0.178770	0.711503
0.232344	0.691223
0.159892	0.175082
0.215227	0.529459
0.362318	1.335141
0.116593	0.180720
0.156751	0.217101
0.125260	0.181000
0.206314	1.232726
0.092779	0.211537
0.096636	0.160415
0.119263	0.142519
0.180761	0.498901
0.292320	3.500527
0.053720	0.128659
0.247766	1.158304
0.065190	0.111475
0.274562	1.389282
0.062610	0.091723
0.063647	0.167711
0.187056	0.465770
0.108293	0.410973
0.186881	0.201832
0.191285	0.764184
0.092718	0.198416
0.076277	0.218153
0.110586	0.346135
0.356905	1.900519
0.416032	0.983915
0.105420	0.222435
0.192555	0.336971
0.186862	0.232643
0.084513	0.141137
0.160244	0.226746
0.122669	0.214671
0.174990	0.238861
0.163878	0.286786
0.149911	0.423500
0.125760	0.230141
0.111380	0.187675
0.264831	1.477759
0.054644	0.112293
0.245407	0.716587
0.161235	0.433723
0.125556	0.510385
0.187543	0.513868
0.173968	0.325320
0.275742	0.694870
0.308741	0.992602
0.258847	2.039717
0.299967	1.297356
0.280882	2.075717
0.085840	0.139490
0.159654	0.470182
0.086465	0.134453
0.090908	0.159089
0.060878	0.104101
0.109806	0.250357
0.165431	0.457416
0.118860	0.159866
0.240534	1.250778
0.077293	0.108984
0.110134	0.179519
0.082541	0.089557
0.254267	0.498363
0.118985	0.246895
0.099203	0.196422
0.061621	0.102598
0.103954	0.296268
0.054650	0.089354
0.175358	0.348962
0.091911	0.204043
0.124026	0.191620
0.102870	0.193395
0.145898	0.192586
0.100980	0.151470
0.183933	0.426724
0.158472	0.457192
0.214902	1.768646
0.235938	0.644112
0.124386	0.492569
0.133915	0.382328
0.166772	0.317701
0.194367	0.717213
0.259106	1.359009
0.148677	0.428190
0.069945	0.109114
0.210852	0.394292
0.152232	0.478770
0.144271	1.336675
0.043539	0.267545
0.113949	0.344126
0.073566	0.235411
0.149584	0.557948
0.184319	0.563093
0.061116	0.255772
0.320234	3.314418
0.191016	1.081149
0.122306	0.222597
0.143655	0.402952
0.081188	0.223673
0.111392	0.299645
0.205572	0.707167
0.241969	1.917605
0.309413	1.400094
0.164433	0.454657
0.303960	2.674846
0.123758	0.301352
0.202889	1.257914
0.192094	0.189213
0.206365	0.612905
0.296055	0.599512
0.138898	0.267379
0.242946	0.818729
0.160018	0.263229
0.133979	0.281357
0.088146	0.141033
0.157781	0.509633
0.109740	0.147052
0.112747	0.162919
0.167341	0.687772
0.069716	0.129322
0.229614	1.888578
0.074387	0.200845
0.107209	0.211202
0.034731	0.121384
0.047008	0.188032
0.124867	0.540049
0.162814	1.255295
0.077675	0.213217
0.083328	0.160406
0.092715	0.222981
0.312941	1.569401
0.174374	0.347005
0.164013	0.360009
0.106438	0.225116
0.285930	1.937174
0.178825	0.476568
0.230461	0.162475
0.132476	0.553087
0.090004	0.124656
0.189320	0.253688
0.159322	0.227831
0.365073	1.131727
0.311434	0.861116
0.094977	0.100675
0.315903	1.336269
0.171956	0.170237
0.235312	1.707187
0.333460	1.950740
0.116297	0.171538
0.095199	0.153746
0.143508	0.740503
0.110678	0.302704
0.232516	0.430155
0.134224	0.263751
0.108941	0.202085
0.189213	0.522228
0.318326	1.932240
0.110132	0.303413
0.143388	0.266701
0.159966	0.285539
0.204815	1.547377
0.196093	0.601026
0.215491	0.322159
0.099526	0.112961
0.170204	0.412745
0.078786	0.133937
0.133673	0.143030
0.207126	0.376970
0.102898	0.113702
0.285264	1.588922
0.098818	0.207517
0.097301	0.162979
0.174511	0.628239
0.190497	0.280030
0.211201	0.467810
0.274965	0.752028
0.349159	2.280011
0.226589	0.480369
0.163580	0.282993
0.124213	0.139740
0.215639	0.524004
0.250463	0.490907
0.185184	0.229628
0.203094	0.364553
0.122725	0.157702
0.289685	1.183363
0.217752	0.596642
0.132924	0.206697
0.358058	0.708955
0.275641	1.431956
0.432478	1.976423
0.189405	0.223498
0.192986	0.277900
0.294382	0.803661
0.195682	0.850236
0.328712	1.824349
0.243216	0.532644
0.149202	0.269309
0.301563	1.789774
0.372054	1.696565
0.086030	0.124314
0.146459	0.335391
0.295709	1.533253
0.471272	3.027921
0.303104	0.665313
0.272662	1.045659
0.175236	0.355729
0.140097	0.203140
0.114931	0.469491
0.064562	0.103299
0.188013	0.461571
0.129915	0.285164
0.180650	0.175231
0.135497	0.300127
0.157764	0.426752
0.273244	0.735025
0.163656	0.364134
0.157353	0.199052
0.088855	0.254124
0.276043	1.076566
0.076150	0.220075
0.154048	0.555345
0.143222	0.671712
0.156922	0.292660
0.187310	0.450480
0.132912	0.198704
0.045527	0.120646
0.082286	0.154698
0.236542	0.994660
0.198995	0.304462
0.259056	0.642458
0.221852	1.100388
0.119794	0.642697
0.111368	0.547375
0.075597	0.121712
0.211189	0.769785
0.334710	1.892783
0.071700	0.124042
0.069823	0.129173
0.176972	0.679573
0.118264	0.167934
0.242336	0.521023
0.158090	0.211050
0.180121	1.046505
0.048352	0.083890
0.168485	0.432163
0.245185	1.095976
0.153365	0.289093
0.090342	0.205528
0.104048	0.183645
0.137070	0.543481
0.060539	0.212190
0.166233	0.500362
0.125915	0.197686
0.184019	0.685470
0.108768	0.320322
0.130720	0.202617
0.131207	0.267006
0.286937	0.908154
0.124498	0.300663
0.129605	0.211255
0.146485	1.073003
0.123648	0.424114
0.188867	0.516550
0.097452	0.257760
0.135175	0.304819
0.222158	0.283252
0.292029	1.318509
0.175172	1.377730
0.114816	0.218151
0.093409	0.141515
0.264258	1.576297
0.199556	0.419068
0.129981	0.245015
0.472701	4.507209
0.098848	0.292096
0.181831	0.463669
0.109007	0.176047
0.111035	0.284248
0.122443	0.203868
0.097591	0.358647
0.185633	0.732321
0.085311	0.253374
0.160641	0.589554
0.213671	2.252095
0.172592	0.429754
0.092317	0.196635
0.072562	0.088526
0.204340	1.456948
0.079045	0.187336
0.105229	0.725556
0.108532	0.257765
0.228815	1.999842
0.208360	1.151186
0.159172	0.572224
0.135573	0.479252
0.103925	0.241106
0.322391	0.499706
0.291051	2.356055
0.054351	0.094028
0.073178	0.145625
0.153883	0.440105
0.169322	0.419919
0.098180	0.636206
0.099709	0.696969
0.104927	0.161063
0.329332	4.589243
0.143863	0.235217
0.102469	0.116302
0.088003	0.189206
0.112748	0.355719
0.056467	0.261160
0.030191	0.101593
0.156248	0.719522
0.066946	0.169374
0.141796	0.151013
0.081630	0.134689
0.073936	0.198887
0.074291	0.322423
0.117869	0.348893
0.076346	0.187429
0.050985	0.185839
0.113810	0.157626
0.143461	0.398105
0.103842	0.211318
0.109694	0.356505
0.096119	0.239336
0.148204	0.428310
0.065641	0.152943
0.234223	0.826807
0.160883	0.428754
0.092261	0.127320
0.218744	0.535923
0.109899	0.226942
0.179846	0.606981
0.059198	0.145627
0.134639	0.453732
0.054143	0.130756
0.070066	0.090034
0.062746	0.198277
0.145258	0.623882
0.098388	0.715284
0.056304	0.164688
0.162778	0.361368
0.044824	0.121472
0.206621	2.605488
0.077730	0.240575
0.164070	0.621826
0.071620	0.129633
0.107192	0.241718
0.118570	0.720906
0.156019	0.574149
0.114214	0.221575
0.111139	0.351199
0.136821	0.394728
0.104176	0.237000
0.143381	0.268839
0.089846	0.221471
0.077422	0.153295
0.211049	0.596214
0.083796	0.291611
0.063937	0.091110
0.124476	0.398322
0.067849	0.241883
0.122700	0.309818
0.087885	0.363406
0.096102	0.247462
0.153889	0.387800
0.079199	0.262544
0.126597	0.937449
0.190620	1.017912
0.080687	0.315889
0.068308	0.339151
0.076057	0.174932
0.062952	0.224738
0.086408	0.351248
0.100731	0.961475
0.063007	0.144917
0.056928	0.168792
0.089798	0.162535
0.099067	0.174359
0.094287	0.164530
0.056692	0.158738
0.246955	2.990623
0.114911	0.158003
0.198323	0.400612
0.119238	0.304653
0.285760	2.186064
0.149125	0.199828
0.170926	0.719600
0.281642	1.779979
0.111884	0.124192
0.141547	0.488338
0.060383	0.168771
0.162206	0.261963
0.116871	0.229067
0.441745	3.474324
0.092140	0.284250
0.112103	0.213557
0.102255	0.176390
0.095651	0.185563
0.211710	0.570558
0.191446	0.349389
0.173943	0.442685
0.137027	0.454929
0.186106	0.985432
0.222754	1.650603
0.197890	0.477904
0.077262	0.124779
0.225958	0.805540
0.213916	0.512328
0.225830	0.476502
0.123095	0.132327
0.091919	0.261051
0.145098	0.268431
0.086044	0.146274
0.164116	0.688469
0.068156	0.248087
0.109800	0.656605
0.039637	0.096515
0.064327	0.255698
0.085612	0.204613
0.103652	0.281933
0.105936	0.293973
0.094690	0.353192
0.081954	0.308559
0.262301	1.095105
0.120437	0.284833
0.087786	0.121144
0.190758	0.579905
0.198720	0.283176
0.155068	0.560570
0.081120	0.083554
0.226631	0.615303
0.230899	0.749266
0.160510	0.165326
0.164636	0.221435
0.173479	0.296649
0.140226	0.338646
0.124060	1.671702
0.163686	0.441133
0.096360	0.149839
0.130771	0.181118
0.161452	1.018762
0.127321	0.442442
0.108674	0.317872
0.143091	1.146156
0.106770	0.190051
0.083914	0.290343
0.197235	0.847126
0.058161	0.132025
0.102941	0.574410
0.155105	0.514949
0.143182	0.396615
0.065771	0.127267
0.085875	0.157581
0.084759	0.211050
0.073448	0.196474
0.117668	0.808379
0.053971	0.182421
0.131862	1.128076
0.222339	1.729800
0.142095	0.533567
0.109252	0.174803
0.100753	0.423665
0.072517	0.274841
0.210605	1.165697
0.133521	0.568798
0.132396	0.260158
0.078199	0.242025
0.114775	0.455082
0.141026	0.450577
0.140551	0.818708
0.291814	1.739211
0.228878	1.338937
0.140271	0.480429
0.378263	0.788678
0.245116	1.096895
0.318854	0.954969
0.143002	0.318895
0.195964	0.365473
0.182423	0.155059
0.099918	0.159869
0.192558	0.206037
0.178877	0.398002
0.205328	0.540012
0.100724	0.204973
0.104796	0.325391
0.125071	0.267651
0.099710	0.150064
0.130101	0.179539
0.153400	0.439490
0.112227	0.299085
0.194850	0.616700
0.064867	0.145627
0.192214	0.468040
0.162177	0.524641
0.206448	1.197398
0.083901	0.353641
0.191753	0.714280
0.180057	0.322302
0.161598	1.041500
0.153312	0.518962
0.198884	1.395170
0.072254	0.302745
0.062978	0.139810
0.247176	1.761132
0.128229	0.698845
0.137009	0.268538
0.108837	0.249781
0.167354	0.743053
0.256492	2.504646
0.146008	0.479637
0.103873	0.227482
0.131021	0.963004
0.051631	0.078221
0.058630	0.150679
0.078471	0.216189
0.098541	0.311390
0.048566	0.112674
0.040699	0.088927
0.052664	0.153779
0.123640	0.730092
0.114369	0.304220
0.091538	0.205502
0.153596	0.304119
0.220095	0.435788
0.233130	1.012949
0.073039	0.183694
0.139551	0.190487
0.049757	0.125139
0.139059	0.346256
0.164121	0.768908
0.175703	0.456828
0.119512	0.603538
0.285662	1.576854
0.086510	0.499163
0.104919	0.244461
0.065214	0.237706
0.154970	1.586897
0.113290	0.343267
0.128639	0.395564
0.288932	1.840497
0.084226	0.258574
0.111514	0.306105
0.047855	0.121551
0.127860	0.290882
0.130414	0.466230
0.125024	1.300245
0.103243	0.446527
0.246066	1.444408
0.176207	0.481046
0.254483	2.520652
0.025347	0.076421
0.098645	0.468565
0.092689	0.116788
0.074387	0.311680
0.049399	0.137824
0.064865	0.140757
0.047259	0.120274
0.198583	1.033622
0.059733	0.230867
0.083327	0.387886
0.084989	0.238393
0.071348	0.209050
0.110928	0.335557
0.132495	0.274927
0.101227	0.234847
0.270157	2.069400
0.392124	2.495867
0.088906	0.148029
0.099695	0.162004
0.163692	1.381556
0.094614	0.282421
0.137383	0.387420
0.183204	0.753883
0.064097	0.095505
0.208489	1.491737
0.125019	0.895760
0.201602	0.335668
0.226053	0.788923
0.162521	0.307164
0.112305	0.335229
0.124671	0.256199
0.162862	0.271979
0.191027	0.447958
0.102350	0.284533
0.088809	0.170513
0.149248	0.170143
0.162318	0.318956
0.077963	0.145012
0.132506	0.314701
0.103727	0.250500
0.082843	0.191367
0.071232	0.115752
0.130205	0.194657
0.172491	0.578706
0.106474	0.159711
0.302470	0.474878
0.215094	0.749601
0.267438	0.167149
0.175333	0.227056
0.243606	0.393424
0.198187	0.448894
0.227502	0.481167
0.129947	0.236504
0.120019	0.189031
0.158636	0.193536
0.302580	1.196704
0.284770	1.210273
0.081506	0.353734
0.408863	0.259628
0.099289	0.163826
0.248239	0.615632
0.184978	0.190528
0.104687	0.125100
0.133125	0.654976
0.082513	0.467025
0.099600	0.185754
0.094387	1.597025
0.094858	0.575786
0.093359	0.288479
0.112662	0.283908
0.120056	0.297739
0.166681	2.011840
0.084960	0.391664
0.175557	1.422010
0.154675	1.024721
0.148399	0.516429
0.056628	0.191687
0.096579	0.231308
0.206419	0.430383
0.289486	0.959647
0.204891	2.804956
0.192207	0.284467
0.178964	0.319451
0.093297	0.164203
0.264436	1.381676
0.131771	0.345240
0.104689	0.302551
0.134080	0.266819
0.213766	0.550447
0.104741	0.175442
0.267828	2.012731
0.229696	0.588022
0.211243	0.891446
0.228218	0.446167
0.242866	0.945963
0.187973	0.360908
0.147420	0.468060
0.254399	2.323933
0.200392	0.335657
0.226441	0.228705
0.237465	0.794320
0.215828	0.468347
0.103293	0.158038
0.149523	0.311756
0.214097	0.314723
0.199448	0.487651
0.173716	0.425605
0.328796	3.236995
0.313731	2.167884
0.255454	1.450980
0.050868	0.094106
0.298559	0.892690
0.134673	0.232311
0.306609	1.759933
0.174194	0.235162
0.235593	0.697355
0.112264	0.340722
0.227217	0.435121
0.303670	0.362886
0.173088	0.377331
0.233823	0.773955
0.146878	0.337820
0.187749	0.429946
0.088381	0.170133
0.139120	0.176682
0.330692	1.802269
0.263208	1.054148
0.068353	0.219754
0.243499	1.191929
0.159602	0.293667
0.091745	0.147250
0.105480	0.193556
0.095494	0.259744
0.118209	0.465151
0.263439	1.228943
0.163521	0.498738
0.177094	1.301640
0.189912	0.803327
0.138572	0.272987
0.144447	0.609565
0.088163	0.367200
0.146249	0.523570
0.224856	1.306415
0.073496	0.085990
0.188237	0.750124
0.119016	0.387992
0.145340	0.405498
0.046780	0.089818
0.319026	3.321063
0.149077	0.421889
0.120166	0.216298
0.088752	0.214336
0.121607	0.329556
0.164358	0.705919
0.241618	1.285406
0.213276	0.512930
0.240777	0.963106
0.326017	1.051404
0.183280	0.235515
0.172751	0.379189
0.081470	0.145831
0.139955	0.158849
0.078789	0.201701
0.259018	1.137087
0.245666	0.334106
0.144209	0.266065
0.143476	0.322103
0.191457	0.429821
0.068292	0.167658
0.125383	0.261424
0.168028	0.373863
0.110301	0.346896
0.112559	0.115935
0.121312	0.282658
0.124109	0.290414
0.170002	0.549956
0.187501	1.351879
0.074808	0.167195
0.341090	1.613357
0.325786	1.342240
0.220497	0.630621
0.190866	0.502933
0.148277	0.253554
0.203712	0.454279
0.393913	1.548077
0.217567	0.488437
0.134716	0.978713
0.081453	0.124216
0.080245	0.156879
0.189244	0.523260
0.079628	0.323688
0.094317	0.353687
0.056016	0.125197
0.189617	0.686413
0.168040	1.198128
0.155073	0.197718
0.187894	1.174336
0.086933	0.144308
0.125109	0.397220
0.081109	0.202772
0.103698	0.208952
0.047548	0.083684
0.273447	1.497120
0.092374	0.124243
0.146466	0.276820
0.069861	0.106538
0.098839	0.138375
0.344612	2.072844
0.394349	1.528101
0.342530	0.707325
0.143305	0.275146
0.228556	0.292551
0.177687	0.628122
0.198683	0.472865
0.173340	1.319984
0.099874	0.145316
0.109849	0.170815
0.238071	0.321395
0.072435	0.081490
0.190896	0.616595
0.332590	1.601422
0.153784	0.615905
0.151100	0.334686
0.230681	0.702422
0.172470	0.601921
0.070649	0.127521
0.169849	0.377065
0.271691	0.730848
0.145872	0.218078
0.049326	0.094953
0.052303	0.082116
0.141194	0.400285
0.205739	0.259232
0.197359	0.309854
0.142031	0.196002
0.110350	0.270356
0.382922	2.144365
0.126216	0.240441
0.311375	1.200349
0.137298	0.194276
0.260467	1.103078
0.095720	0.091891
0.124333	0.133037
0.217479	0.207692
0.225927	0.488002
0.078247	0.120501
0.169089	0.471758
0.163663	0.367423
0.060949	0.115497
0.138260	0.403719
0.130751	0.414480
0.305801	1.322590
0.121660	0.228721
0.149364	0.248691
0.114186	0.295170
0.183662	0.659347
0.342892	1.721318
0.197908	0.521488
0.116136	0.254920
0.062260	0.129190
0.242813	0.473485
0.264622	1.393237
0.228133	2.701096
0.111529	0.451692
0.138607	1.115091
0.105085	0.254831
0.117757	0.598205
0.203577	1.168530
0.110412	0.485813
0.326606	1.837159
0.071597	0.148563
0.120121	0.195197
0.106565	0.208334
0.112820	0.263998
0.134348	0.280115
0.158640	0.181643
0.169036	0.557818
0.131987	0.168283
0.112910	0.315583
0.047429	0.143711
0.106507	0.527742
0.113835	0.204334
0.109463	0.308138
0.093352	0.186703
0.260807	1.157983
0.122595	0.519803
0.158843	0.591691
0.154454	0.849494
0.118627	0.555174
0.182699	0.677812
0.250105	2.089628
0.065171	0.159017
0.099301	0.294923
0.132389	0.617595
0.176762	0.365013
0.096728	0.307112
0.279576	1.438417
0.217243	0.849419
0.149332	0.458448
0.268360	2.577599
0.209585	0.578454
0.180674	0.441748
0.130897	0.356041
0.174875	0.449429
0.133793	0.267586
0.207369	1.086612
0.156750	0.217883
0.233422	0.833315
0.200048	0.771186
0.066970	0.109497
0.099770	0.187069
0.127203	0.629018
0.283034	2.509098
0.066301	0.117684
0.091900	0.203559
0.078291	0.215691
0.165285	0.679319
0.168988	0.609201
0.091563	0.115827
0.105193	0.180407
0.133930	0.802240
0.183118	0.924748
0.141572	0.355346
0.108689	0.490729
0.126030	0.269704
0.087644	0.111308
0.152993	0.143813
0.150801	0.509708
0.184668	0.400729
0.073462	0.289441
0.111579	0.899324
0.196103	2.032611
0.106741	0.588675
0.086185	0.227960
0.090071	0.276519
0.200878	0.552414
0.147894	0.432590
0.096381	0.128669
0.130418	0.378211
0.166836	0.616458
0.263643	0.569469
0.076378	0.198202
0.133622	0.308667
0.128569	0.156854
0.164639	0.415715
0.120357	0.223864
0.193708	1.063456
0.259449	1.593015
0.135344	0.700405
0.174445	0.395991
0.062389	0.167204
0.244637	0.503952
0.357079	3.151218
0.104558	0.233688
0.125690	0.442429
0.172238	1.272842
0.190425	0.848342
0.055994	0.272409
0.084822	0.119175
0.123778	0.352766
0.119838	0.140810
0.118095	0.270438
0.264661	0.809863
0.124419	0.325977
0.105393	0.217636
0.276851	1.054803
0.098238	0.228894
0.178549	0.359777
0.168969	0.910745
0.069449	0.319464
0.122841	0.302803
0.192811	0.398155
0.214934	1.033834
0.157324	0.375219
0.139544	1.245429
0.163781	0.233387
0.135189	0.399483
0.150719	0.402419
0.199876	1.594011
0.070976	0.136275
0.131745	0.260196
0.173362	0.584230
0.096501	0.253316
0.099657	0.301463
0.117189	0.186916
0.257212	0.573583
0.137652	0.324170
0.178290	0.580334
0.148555	0.673697
0.227956	0.545955
0.142329	0.245517
0.384732	0.986838
0.564617	3.003762
0.355353	1.376993
0.200605	0.416256
0.332077	1.705213
0.291787	0.561690
0.156189	0.338930
0.170036	0.499905
0.182492	0.571199
0.215908	0.405908
0.304404	1.573771
0.167434	0.160737
0.231057	0.646960
0.146679	0.210484
0.231440	1.112069
0.192520	0.387928
0.299180	1.183255
0.148133	0.143689
0.137264	0.333552
0.169577	0.190774
0.164288	0.224254
0.531752	3.642498
0.365385	3.732412
0.109334	0.192975
0.174050	0.349841
0.302656	0.656763
0.213161	0.595785
0.091493	0.210434
0.153318	0.503651
0.248021	1.088812
0.079577	0.117774
0.088687	0.138795
0.363066	1.653766
0.288231	0.652844
0.081140	0.098990
0.119450	0.391200
0.196387	0.178712
0.077869	0.139775
0.245862	0.579006
0.300164	0.613834
0.315834	1.517583
0.243024	0.577182
0.153506	0.099779
0.353303	2.321198
0.292232	0.514328
0.250646	1.220644
0.138677	0.182361
0.257262	2.060667
0.205252	0.370479
0.157663	0.279064
0.233277	0.430396
0.094357	0.167483
0.271874	0.732699
0.266780	2.098228
0.210589	0.244284
0.121646	0.322362
0.271769	1.134637
0.112964	0.131603
0.087688	0.111802
0.156586	0.655314
0.269729	1.073522
0.119332	0.190932
0.234809	0.518927
0.115907	0.211530
0.286089	2.354514
0.123805	0.322513
0.178670	0.261752
0.110872	0.216754
0.085821	0.249309
0.130293	0.322476
0.101430	0.155695
0.290787	1.868306
0.110788	0.172275
0.288466	1.924071
0.195258	0.418829
0.143507	0.227458
0.280986	0.779736
0.077470	0.218467
0.195987	1.202382
0.334524	0.386375
0.187067	0.104757
0.419970	1.520293
0.581751	2.830219
0.447283	0.762618
0.370109	0.555164
0.252077	0.541966
0.327271	0.577633
0.260503	0.216218
0.244013	0.413602
0.239427	0.227455
0.231281	0.460249
0.164410	0.325531
0.173016	0.409182
0.196638	0.498479
0.052283	0.382190
0.195682	0.362011
0.073353	0.249035
0.082016	0.110721
0.129844	0.207101
0.127689	0.395835
0.151697	0.738008
0.112936	0.158675
0.074637	0.188459
0.195326	1.915168
0.119522	0.375896
0.227093	2.075626
0.235155	1.522629
0.207015	1.173777
0.166227	0.381491
0.144976	0.375487
0.180169	0.378355
0.089841	0.237629
0.168010	0.409104
0.142862	0.420727
0.215688	1.074124
0.160017	0.396841
0.083016	0.353648
0.211361	0.974373
0.098386	0.524397
0.078252	0.194848
0.131398	0.401420
0.140202	0.349104
0.084333	0.171617
0.124601	0.352621
0.113863	0.218618
0.182815	1.219378
0.083928	0.219472
0.096895	0.335742
0.057369	0.476162
0.298592	3.039670
0.116669	0.243255
0.108903	0.231963
0.045812	0.111324
0.254023	1.472063
0.071152	0.238360
0.036167	0.105247
0.119373	0.298432
0.046238	0.141026
0.150494	0.501145
0.059807	0.142043
0.072439	0.221302
0.063913	0.147319
0.100919	0.163993
0.118988	0.251064
0.223410	0.528364
0.168003	1.065977
0.149740	0.939620
0.133004	0.295934
0.258694	1.558632
0.091532	0.165673
0.098950	0.211259
0.346380	2.689639
0.116506	0.248741
0.087676	0.135898
0.083761	0.170453
0.205584	0.513961
0.101208	0.214056
0.089918	0.135327
0.111390	0.211641
0.080573	0.116025
0.112896	0.216760
0.101674	0.185554
0.150432	0.286572
0.281697	1.500038
0.134074	0.217870
0.245582	0.405210
0.169539	0.282282
0.170838	0.667977
0.249133	0.758611
0.115822	0.191107
0.150272	0.267484
0.217499	0.608998
0.180764	0.527831
0.141866	0.146122
0.166211	0.718861
0.238331	0.785301
0.158227	0.969139
0.177443	0.655653
0.148677	0.298841
0.241160	0.805475
0.226589	0.771536
0.327445	3.015764
0.130531	0.259756
0.184858	0.343835
0.114731	0.360256
0.130194	0.412065
0.245509	2.289373
0.108068	0.352843
0.169720	0.375080
0.081108	0.193036
0.126426	0.228198
0.075649	0.149786
0.056250	0.236249
0.218789	0.573228
0.094367	0.431728
0.125268	0.278095
0.132788	0.176609
0.149027	0.601322
0.184537	0.852561
0.108438	0.155066
0.127704	0.320537
0.132023	0.433035
0.104255	0.109468
0.152331	0.586474
0.151121	0.312066
0.220721	0.752659
0.098058	0.160325
0.241635	1.007620
0.188970	0.506439
0.197247	1.006946
0.181399	0.576848
0.123855	0.466933
0.163163	0.513148
0.245244	1.183304
0.136868	0.454403
0.230442	0.708610
0.111222	0.202980
0.105381	0.372521
0.167478	0.816453
0.060166	0.081825
0.227822	0.596893
0.190479	0.958111
0.127934	0.199576
0.196632	0.524024
0.097076	0.417910
0.204082	1.052041
0.164945	0.283705
0.147033	0.283038
0.190000	0.666901
0.122208	0.310409
0.124099	0.285428
0.217943	0.794401
0.126835	0.239718
0.089580	0.278146
0.259271	0.820592
0.160289	0.347826
0.325221	1.156161
0.189227	0.891260
0.169241	0.512799
0.140489	0.381429
0.056104	0.127357
0.110168	0.372918
0.151184	0.324291
0.207718	0.393625
0.090687	0.156888
0.226975	0.612832
0.153319	0.381766
0.245437	0.522780
0.336613	1.329623
0.134961	0.198392
0.290530	0.424174
0.133241	0.163220
0.215601	0.458153
0.205161	0.681134
0.097093	0.210692
0.153597	0.260346
0.235381	0.577862
0.140409	0.266076
0.303826	1.763712
0.266460	1.000557
0.343451	3.264500
0.140409	0.273799
0.249049	0.540437
0.179072	0.471854
0.189820	0.527700
0.084321	0.173702
0.194352	0.394535
0.278702	1.020051
0.194302	0.681999
0.141446	0.321790
0.177291	0.404224
0.259305	0.352655
0.166784	0.365257
0.293303	0.918039
0.106422	0.368218
0.303335	1.663790
0.094214	0.307136
0.127173	1.318153
0.078899	0.084817
0.079520	0.181703
0.160189	0.358022
0.164031	0.620036
0.094259	0.187575
0.338376	2.529360
0.127475	0.351195
0.087370	0.117950
0.123490	0.267974
0.279057	0.925074
0.145301	0.518723
0.187775	2.251425
0.042154	0.145854
0.129678	0.305393
0.040283	0.126893
0.123779	0.618276
0.121892	0.218186
0.068426	0.161829
0.080539	0.205374
0.101908	0.585462
0.049800	0.124500
0.049490	0.098979
0.064944	0.140279
0.280723	3.612907
0.087156	0.291536
0.135664	0.554865
0.085238	0.271910
0.064992	0.151431
0.105376	0.187570
0.068730	0.100002
0.184443	0.630796
0.074099	0.092253
0.132418	0.158239
0.173110	2.766294
0.071409	0.118182
0.064025	0.152700
0.128865	0.996773
0.330197	2.212323
0.090400	0.307360
0.082642	0.102476
0.160730	0.790794
0.060205	0.152620
0.156397	1.025185
0.142059	0.894264
0.082211	0.203882
0.139675	0.409247
0.099407	0.221677
0.203630	0.420496
0.063506	0.239101
0.180510	0.738284
0.147555	0.920008
0.072151	0.207433
0.217771	0.451875
0.176868	1.527258
0.145889	0.679113
0.138191	0.492653
0.142165	0.555864
0.047503	0.287869
0.205517	0.729586
0.138209	0.247394
0.371103	2.850068
0.088205	0.182143
0.131395	0.174755
0.227721	0.413314
0.129439	0.202572
0.191644	0.481026
0.273104	0.559863
0.133858	0.212165
0.151175	0.190480
0.144234	0.253851
0.142068	0.399922
0.277248	0.428348
0.311740	2.297524
0.227612	0.380111
0.203028	0.509600
0.101506	0.339031
0.191780	3.442449
0.062172	0.107246
0.140056	0.761905
0.082068	0.226098
0.128462	0.186270
0.218402	1.354094
0.088118	0.183726
0.239686	2.323758
0.340207	1.498614
0.184134	0.394047
0.058740	0.108082
0.046096	0.126533
0.062417	0.104861
0.119860	0.233727
0.153726	0.343577
0.119407	0.157618
0.194843	0.557252
0.147076	0.173549
0.126557	0.299939
0.227542	1.298130
0.323222	1.208848
0.079618	0.158441
0.503078	1.021249
0.307817	0.310895
0.155328	0.117273
0.234514	0.168850
0.304192	0.918660
0.063497	0.122550
0.304898	0.785112
0.184743	0.393502
0.323096	0.520185
0.345586	0.381873
0.395757	0.629254
0.332302	0.355563
0.229758	0.322809
0.262384	0.356842
0.249139	0.394885
0.412009	0.510891
0.426103	0.532629
0.220612	0.274662
0.285401	0.498025
0.197123	0.160655
0.255079	0.613466
0.387295	1.632450
0.295747	0.860625
0.264318	0.224670
0.218986	0.175189
0.453468	0.600845
0.367720	0.632478
0.175317	0.151649
0.591060	1.208718
0.433605	1.146886
0.429545	1.073863
0.345133	0.334779
0.205625	0.125431
0.293979	0.338076
0.228207	0.295528
0.195214	0.182525
0.363225	1.271289
0.333780	2.034388
0.273239	0.446745
0.311471	1.445227
0.172735	0.366198
0.351694	1.107835
0.164084	0.253510
0.099841	0.099841
0.199362	0.316986
0.192309	0.282695
0.124567	0.163806
0.280817	0.533552
0.201045	0.457378
0.122234	0.168072
0.095430	0.158415
0.070363	0.119969
0.068341	0.095336
0.094380	0.240198
0.105905	0.151444
0.165321	0.635659
0.372708	1.220619
0.356538	0.518763
0.150523	0.682623
0.149306	0.268750
0.190995	0.975986
0.150960	0.208325
0.283072	1.344591
0.192375	0.387635
0.094507	0.181454
0.126001	0.129781
0.199981	0.525950
0.313959	0.616929
0.122536	0.158684
0.197302	1.016107
0.308852	1.446973
0.237829	0.533927
0.215415	0.658093
0.105578	0.153616
0.217044	0.498115
0.255866	0.777834
0.304479	2.396248
0.169206	0.365485
0.263051	0.393261
0.367749	0.912018
0.115719	0.215816
0.272844	0.885377
0.084069	0.093737
0.246482	0.671664
0.280839	0.744223
0.162364	0.185095
0.138605	0.293150
0.200529	0.349923
0.125670	0.204214
0.105737	0.157020
0.079092	0.168071
0.180560	1.327117
0.166575	0.991951
0.157043	0.448358
0.294519	1.631633
0.213412	2.222684
0.173035	0.599566
0.108990	0.245772
0.103887	0.285169
0.109158	0.229233
0.199029	0.663761
0.261456	0.266685
0.093587	0.140849
0.097692	0.188058
0.099990	0.510947
0.093542	0.163698
0.079146	0.180058
0.074725	0.090044
0.196052	0.488169
0.056575	0.112019
0.312306	1.044664
0.238279	1.915762
0.091024	0.245766
0.061424	0.132677
0.097085	0.242711
0.063797	0.121214
0.273402	2.572717
0.206564	0.672365
0.124839	0.254672
0.179494	0.709003
0.095230	0.179985
0.061652	0.160913
0.098359	0.204095
0.170125	0.437222
0.094409	0.314382
0.257313	2.311956
0.071208	0.152741
0.177580	1.943618
0.119927	0.254245
0.181168	0.226460
0.122917	0.466468
0.067434	0.167237
0.186863	0.592356
0.186150	0.485850
0.100863	0.315701
0.179728	1.938366
0.145839	0.717530
0.102901	0.207859
0.108325	0.182528
0.134625	0.852179
0.213640	1.638617
0.125200	0.167768
0.069491	0.109102
0.090458	0.135687
0.108151	0.148708
0.197703	0.336094
0.261288	1.295987
0.244698	1.115822
0.078729	0.182651
0.174261	0.675260
0.140336	0.315053
0.118232	0.556874
0.057586	0.118914
0.217483	0.934090
0.166108	0.323911
0.335998	1.639669
0.125244	0.187240
0.244966	0.978639
0.147683	0.445265
0.082256	0.233194
0.080930	0.097117
0.088660	0.355970
0.088486	0.193784
0.094749	0.270509
0.082081	0.274562
0.096721	0.312893
0.089222	0.199411
0.059825	0.127726
0.134932	0.368365
0.073693	0.194549
0.143433	0.527833
0.061016	0.156506
0.116602	0.279261
0.190829	1.197450
0.115221	0.222377
0.146071	0.197926
0.168064	0.315960
0.061609	0.167576
0.070899	0.141799
0.075285	0.226983
0.169397	0.265107
0.064551	0.185583
0.155151	0.568627
0.184656	0.497648
0.227875	0.451193
0.061863	0.150326
0.066867	0.215647
0.074849	0.337943
0.173858	0.392050
0.156407	0.459836
0.063118	0.165368
0.141188	0.288023
0.083992	0.187721
0.069242	0.125673
0.070308	0.129366
0.142018	0.480023
0.151136	1.788696
0.129277	0.617300
0.038868	0.085509
0.118722	0.385252
0.153367	0.748432
0.111577	0.183543
0.123488	0.254386
0.144068	0.237712
0.143214	0.423914
0.141252	0.314991
0.145388	0.326396
0.127538	0.221916
0.194876	0.393650
0.042067	0.110847
0.181392	0.476153
0.325611	0.604009
0.207856	0.474950
0.107956	0.221310
0.074346	0.200363
0.286974	2.610024
0.178000	0.603420
0.177952	0.268708
0.124066	0.301481
0.182370	0.464131
0.210158	0.619967
0.298138	0.666338
0.120311	0.226184
0.097273	0.231995
0.107442	0.275052
0.100659	0.137902
0.186141	0.687789
0.138088	0.349362
0.061805	0.294192
0.148216	0.323853
0.303262	1.285833
0.136295	0.250101
0.163357	0.526010
0.157842	0.685825
0.191156	0.327832
0.150787	0.213364
0.110191	0.250134
0.217558	0.778859
0.396849	1.843364
0.203969	0.179492
0.132035	0.345271
0.168668	0.180475
0.103332	0.162231
0.256587	2.318260
0.115632	0.393148
0.098261	0.177361
0.154372	0.315691
0.126522	0.206231
0.185584	0.427770
0.138660	0.382701
0.282119	1.492408
0.149296	0.517311
0.123014	0.345055
0.310962	1.607675
0.070395	0.123896
0.138332	0.519435
0.233513	0.561599
0.281031	1.590633
0.168064	0.291590
0.208193	0.434083
0.151826	0.394746
0.097059	0.164515
0.247484	0.898367
0.121021	0.620839
0.149470	0.346771
0.196890	0.885023
0.158537	0.420916
0.095338	0.501003
0.093917	0.168581
0.152308	0.461493
0.074344	0.161326
0.172645	0.368597
0.053855	0.117943
0.134631	0.489383
0.069607	0.158008
0.032482	0.216817
0.198635	0.192676
0.079305	0.149094
0.070591	0.118240
0.079979	0.199148
0.268968	1.958085
0.135733	0.385481
0.173154	0.590454
0.146640	0.849043
0.064830	0.342301
0.154203	0.433311
0.056900	0.234711
0.130746	0.515140
0.222798	0.921271
0.023907	0.111525
0.037675	0.094563
0.116636	0.326582
0.093536	0.600033
0.085712	0.268278
0.084591	0.304527
0.095903	0.238798
0.114706	0.141089
0.076871	0.184876
0.158672	1.003597
0.083741	0.109701
0.082631	0.186334
0.090643	0.183098
0.151840	0.427431
0.174812	0.785780
0.049013	0.110524
0.160307	0.904935
0.077849	0.359663
0.268455	2.782541
0.199534	1.866639
0.031682	0.177101
0.098643	0.392105
0.067625	0.490282
0.218098	1.698987
0.132883	0.941474
0.089927	0.142535
0.131332	0.516793
0.188957	0.763388
0.103360	0.233076
0.147826	0.577262
0.118037	0.291551
0.074771	0.211229
0.301641	3.667951
0.267440	1.404059
0.109682	0.187557
0.050758	0.089587
0.070494	0.151562
0.134000	0.332321
0.082313	0.165861
0.079246	0.306682
0.094470	0.233814
0.062372	0.147511
0.151466	0.302931
0.045888	0.161526
0.148769	0.300514
0.193658	1.264585
0.064038	0.145687
0.074192	0.264124
0.074950	0.228223
0.039682	0.152378
0.064674	0.140342
0.194522	1.364569
0.104373	0.180566
0.075211	0.178251
0.089575	0.214533
0.118031	0.239604
0.125994	0.293566
0.175872	0.634898
0.138205	0.371082
0.334698	1.539611
0.393687	2.669196
0.193800	0.218025
0.141250	0.282500
0.148763	0.361494
0.302677	1.445284
0.186235	0.795222
0.389936	2.926472
0.125360	0.419956
0.196655	1.330372
0.130615	0.519848
0.095620	0.151558
0.184650	1.385799
0.152993	1.110729
0.082465	0.213172
0.060503	0.168197
0.101148	0.252869
0.146816	0.306111
0.080872	0.142739
0.130481	0.383613
0.352035	2.552251
0.102727	0.191585
0.184401	0.766185
0.178356	0.239889
0.132124	0.649392
0.046609	0.196457
0.282001	0.542852
0.106796	0.665341
0.047657	0.101032
0.072757	0.184076
0.164743	1.337717
0.070478	0.123689
0.143493	1.059698
0.169469	0.202516
0.061124	0.141196
0.184064	0.455559
0.054226	0.091371
0.185753	0.743941
0.104372	1.073465
0.071049	0.186858
0.194172	1.074739
0.111835	0.339978
0.048382	0.163773
0.033760	0.117146
0.101734	0.669412
0.087393	0.275288
0.118054	0.422632
0.150656	0.334457
0.060849	0.113484
0.128282	0.466304
0.099005	0.179694
0.064079	0.110216
0.077830	0.170447
0.247947	1.914151
0.092860	0.210793
0.158926	0.228059
0.138486	0.275587
0.052033	0.077789
0.080471	0.132777
0.197607	1.070040
0.065275	0.141646
0.108439	0.276520
0.086903	0.160337
0.093122	0.251430
0.059066	0.107796
0.214089	0.939852
0.064442	0.330586
0.074971	0.236535
0.260384	0.568939
0.163641	0.261007
0.075155	0.305506
0.123367	0.313969
0.072591	0.197448
0.107428	0.260514
0.232977	1.353594
0.056076	0.159256
0.034211	0.091001
0.051268	0.154317
0.282111	2.654666
0.078024	0.136152
0.353602	2.208244
0.188426	0.370258
0.138733	0.777597
0.133387	0.218088
0.273025	0.774025
0.166729	0.275936
0.097573	0.229784
0.079357	0.205932
0.128869	0.228098
0.166631	0.333262
0.134462	0.570120
0.114079	0.396995
0.049904	0.295679
0.182867	0.703125
0.183741	0.522742
0.090632	0.449988
0.260884	1.231374
0.088149	0.139715
0.137534	0.358965
0.139262	0.282703
0.095723	0.149806
0.115384	0.369805
0.178625	1.244123
0.522070	1.861179
0.075223	0.107568
0.058495	0.155011
0.142598	1.112978
0.118634	0.460892
0.080418	0.340972
0.101935	0.221199
0.055571	0.133649
0.087439	0.196300
0.081518	0.268602
0.194866	0.468653
0.142651	0.321677
0.139582	0.487841
0.099849	0.150773
0.258728	0.640353
0.247378	0.583811
0.107665	0.360140
0.233971	0.432847
0.172474	0.313903
0.409753	1.761937
0.161337	0.139557
0.238555	0.409121
0.356344	1.806665
0.383486	0.847503
0.114561	0.115134
0.199623	0.381280
0.199723	0.294591
0.207690	0.167190
0.242088	0.567697
0.391307	1.733490
0.195133	0.716140
0.463641	0.871645
0.303038	1.233364
0.285776	1.313139
0.323498	1.360308
0.134756	0.357103
0.311086	2.130938
0.155839	0.276613
0.173493	0.610695
0.220511	0.686893
0.180190	0.533362
0.141574	0.337654
0.246305	1.219208
0.101630	0.267795
0.158710	0.518980
0.075614	0.108884
0.079481	0.208239
0.077898	0.280044
0.308158	2.328135
0.216390	0.703266
0.112121	0.182196
0.104397	0.128930
0.125545	0.158814
0.254457	0.800268
0.090925	0.319603
0.168855	0.533582
0.126138	0.267413
0.137574	0.338433
0.147290	0.309310
0.109006	0.293227
0.106195	0.193806
0.167264	0.223297
0.206134	0.392686
0.283618	1.724397
0.307394	0.819205
0.183347	0.372194
0.275575	1.868401
0.063862	0.149436
0.093277	0.234125
0.052021	0.088435
0.120677	0.170758
0.170093	0.269597
0.226802	1.068236
0.158242	0.867957
0.112029	0.201091
0.259659	1.189238
0.133630	0.312694
0.100732	0.213551
0.151437	0.318775
0.084423	0.139720
0.150390	0.458688
0.092855	0.186638
0.144015	0.421245
0.077448	0.121981
0.179207	0.264331
0.102775	0.303701
0.262721	1.217711
0.207461	0.450191
0.253930	2.882111
0.329889	1.943049
0.191481	0.878897
0.117686	0.227723
0.108390	0.210276
0.276938	3.579418
0.116762	0.462963
0.094917	0.219258
0.097713	0.160250
0.253349	0.919657
0.215457	0.428760
0.172914	0.350150
0.104094	0.143650
0.101391	0.207344
0.117640	0.349391
0.175294	0.543412
0.297338	0.518855
0.138283	0.392032
0.087000	0.167474
0.227213	1.155376
0.241341	1.448045
0.302188	0.899009
0.275631	2.014865
0.306591	1.212567
0.104619	0.174713
0.262164	0.648857
0.083495	0.136097
0.093596	0.133843
0.213306	0.729506
0.141528	0.195309
0.334795	1.260502
0.195867	0.397609
0.180539	0.542520
0.305191	1.004079
0.096675	0.132928
0.327618	3.161517
0.162476	0.347699
0.114100	0.168298
0.156683	0.376822
0.099291	0.181702
0.281142	0.649439
0.398801	3.417723
0.090787	0.154337
0.088835	0.197658
0.214503	0.332480
0.160358	0.262186
0.089775	0.250921
0.085869	0.173884
0.284487	3.080990
0.137998	0.232527
0.114801	0.344403
0.081222	0.142139
0.268091	0.709101
0.208532	0.558865
0.258682	0.821316
0.096545	0.215778
0.119274	0.212308
0.158207	0.252341
0.127850	0.415512
0.195746	0.261321
0.329222	1.894672
0.125139	0.253406
0.083895	0.143041
0.133021	0.349844
0.286065	2.288521
0.401664	2.885957
0.258758	0.337680
0.064592	0.095596
0.224821	1.051040
0.270148	1.847811
0.155054	0.178312
0.306228	1.694971
0.114712	0.236881
0.142422	0.249951
0.154812	0.466759
0.190393	1.774466
0.159865	0.296550
0.083174	0.219995
0.127903	0.161158
0.065851	0.100094
0.207178	0.939552
0.132303	0.345972
0.116141	0.695105
0.119172	0.267541
0.215629	0.209161
0.162972	0.677147
0.085461	0.189297
0.137904	0.683314
0.101400	0.360477
0.164763	1.150048
0.208706	0.513417
0.119097	0.186387
0.088628	0.183903
0.094865	0.223881
0.110251	0.361623
0.185193	0.757438
0.054083	0.142510
0.343700	2.368094
0.212205	1.194717
0.362206	1.930556
0.244341	1.165506
0.224131	1.157635
0.097841	0.372286
0.116082	0.406867
0.123930	0.571319
0.211459	0.523361
0.164678	0.241253
0.148603	0.312066
0.136479	0.303667
0.164843	0.329686
0.132981	1.254676
0.112449	0.659513
0.106331	0.155244
0.254834	0.935240
0.122336	0.187174
0.138460	0.461765
0.110537	0.179623
0.132268	0.261228
0.153223	0.409872
0.284621	1.790264
0.111853	0.267887
0.104734	0.545665
0.180692	0.826668
0.082164	0.173367
0.077748	0.243350
0.137847	0.700265
0.141774	0.560715
0.087994	0.157070
0.062032	0.349552
0.079683	0.317539
0.036013	0.160076
0.037527	0.122526
0.065142	0.198683
0.078927	0.192188
0.111966	0.195941
0.049391	0.127430
0.078005	0.274967
0.164448	1.149492
0.101057	0.275380
0.054813	0.187460
0.085230	0.224581
0.057932	0.128320
0.084965	0.197119
0.145302	0.386502
0.140867	0.857178
0.096797	0.175687
0.152262	0.290059
0.112063	0.414632
0.061096	0.179927
0.071860	0.174619
0.081909	0.135560
0.138808	0.639906
0.091028	0.203446
0.115090	0.220397
0.269975	1.672493
0.245090	2.593050
0.086140	0.193384
0.152750	0.381875
0.110651	0.190319
0.209015	0.431615
0.312645	0.462714
0.243332	1.360227
0.149891	0.329011
0.175932	0.433673
0.382845	1.621350
0.371185	0.695971
0.230559	0.358519
0.135040	0.211338
0.321035	0.922976
0.148600	0.370014
0.163917	0.414710
0.267029	1.965330
0.249596	0.993393
0.180633	0.402812
0.310004	0.728509
0.081770	0.130424
0.095379	0.194097
0.133537	0.454695
0.179906	0.421880
0.198111	0.461599
0.122449	0.296938
0.135969	0.452097
0.170073	1.396299
0.131466	0.322748
0.136329	0.322417
0.266668	2.056012
0.105444	0.308951
0.201792	1.993703
0.098481	0.323018
0.188211	0.759431
0.214228	1.113984
0.190547	0.615465
0.124800	0.326975
0.114265	0.259953
0.103267	0.245258
0.154054	0.349702
0.148052	0.266493
0.214733	0.336058
0.108899	0.268980
0.170587	0.300233
0.239702	0.744276
0.108542	0.433626
0.076171	0.139013
0.057364	0.108992
0.061638	0.116804
0.085819	0.169922
0.193496	1.021660
0.107738	0.103967
0.118681	0.214813
0.072241	0.192160
0.101374	0.288915
0.168194	0.551676
0.132895	0.291704
0.126517	0.216976
0.153347	0.499144
0.075798	0.188738
0.237878	0.829004
0.256615	0.954608
0.186866	0.654966
0.228409	0.484228
0.216654	0.666212
0.222625	0.569921
0.091355	0.159872
0.095888	0.155817
0.286918	1.589525
0.207530	0.376667
0.140753	0.892373
0.135694	0.703573
0.106941	0.433109
0.175939	1.068828
0.182008	1.411471
0.119621	0.152517
0.210961	0.477826
0.097359	0.213217
0.116337	0.490944
0.218293	0.960491
0.081560	0.117039
0.094345	0.172651
0.200828	0.504077
0.302558	0.901624
0.191050	0.738409
0.191168	1.162304
0.106310	0.157339
0.165207	0.415495
0.210054	0.455816
0.115515	0.313624
0.129093	0.768101
0.136485	0.716546
0.103091	0.347934
0.206336	1.392768
0.170194	0.790551
0.128023	0.257966
0.151221	0.501297
0.122454	0.395526
0.143390	0.243045
0.098878	0.283781
0.227133	1.019825
0.156500	0.690164
0.091592	0.097546
0.161773	0.351047
0.171889	0.831082
0.181346	0.444299
0.169370	0.301479
0.326644	1.690381
0.166590	0.248219
0.279048	0.872025
0.246184	0.691776
0.186061	0.517251
0.077917	0.113758
0.190620	0.626187
0.166474	0.369573
0.108549	0.362012
0.184956	0.257089
0.196530	0.308552
0.180059	0.523070
0.140941	0.269197
0.133931	0.442641
0.054403	0.153687
0.144081	0.772992
0.140027	0.189737
0.100150	0.176264
0.131645	0.299493
0.110009	0.155113
0.108197	0.216394
0.155790	0.764931
0.163963	0.210693
0.114541	0.545217
0.141584	0.460857
0.073107	0.150235
0.157196	0.379630
0.117627	0.808684
0.072683	0.217321
0.112387	0.262985
0.057833	0.121448
0.108188	0.254783
0.076338	0.236647
0.100554	0.376576
0.277572	0.972889
0.101012	0.277784
0.117640	0.281748
0.205219	1.749491
0.169894	0.297314
0.086103	0.266059
0.152201	1.080627
0.101215	0.199901
0.163682	0.638361
0.089816	0.192654
0.057708	0.340190
0.109297	0.466697
0.138617	1.099924
0.109828	0.374514
0.068234	0.215279
0.070137	0.176394
0.205552	0.766708
0.166484	0.238904
0.197682	0.402284
0.252813	0.754645
0.091553	0.242159
0.118945	0.384193
0.109149	0.140803
0.199697	0.590105
0.302381	1.019024
0.195245	0.463707
0.130205	0.253248
0.151215	0.189775
0.097575	0.185393
0.126680	0.314166
0.143451	0.309854
0.318177	2.531094
0.286187	2.023342
0.127965	0.491387
0.378422	2.113487
0.146013	0.682611
0.272461	1.525782
0.073015	0.143840
0.106969	0.204846
0.131801	0.259648
0.161687	0.452724
0.178538	0.424922
0.154207	0.201240
0.112596	0.167768
0.094735	0.127418
0.145860	0.396009
0.198304	0.819988
0.155012	0.789010
0.101019	0.213655
0.103981	0.148693
0.153667	0.342677
0.133023	0.167609
0.258557	1.105333
0.093308	0.194548
0.107921	0.195337
0.266477	1.017942
0.192835	0.363494
0.159073	0.373026
0.092303	0.160146
0.246065	0.494591
0.235497	0.586387
0.169419	0.282929
0.092563	0.182813
0.098193	0.233699
0.185370	0.426351
0.320477	1.451763
0.131730	0.167297
0.180326	0.832204
0.279310	1.213602
0.310507	1.268421
0.132622	0.228773
0.308993	1.341028
0.117019	0.194252
0.142306	0.281766
0.190581	0.323988
0.102599	0.137483
0.273997	0.587723
0.402281	2.210535
0.115142	0.145655
0.135056	0.253905
0.158274	0.326045
0.108170	0.149274
0.096126	0.223973
0.071761	0.101901
0.071213	0.190139
0.250517	1.019605
0.142381	0.410058
0.163544	0.485725
0.231863	0.642261
0.122911	0.165316
0.132853	0.827010
0.290956	1.498422
0.233148	1.085304
0.174795	0.705297
0.236802	1.561712
0.132085	0.246338
0.108987	0.322602
0.123346	0.630297
0.102202	0.256526
0.118264	0.238892
0.089479	0.166431
0.133849	0.706052
0.135374	0.445381
0.184855	0.998215
0.117396	0.210726
0.118074	0.178292
0.098093	0.177549
0.158125	0.509954
0.160617	0.933988
0.134405	0.204296
0.146224	0.340701
0.054179	0.131654
0.090184	0.230872
0.170845	0.456155
0.200240	1.852219
0.174842	0.479942
0.071477	0.210856
0.160325	1.490222
0.105501	0.284325
0.040277	0.148220
0.038270	0.144852
0.265509	3.346746
0.116991	0.243926
0.097518	0.248182
0.212989	1.249178
0.183121	0.450478
0.173088	0.171357
0.066821	0.118942
0.183130	0.542980
0.134825	0.300660
0.167503	0.530147
0.229052	0.655089
0.108268	0.192176
0.085452	0.243112
0.159845	0.413997
0.091457	0.350739
0.142597	0.396420
0.127813	0.291414
0.126256	0.335840
0.049428	0.254061
0.085457	0.291836
0.086378	0.386108
0.121058	0.400096
0.107230	0.547410
0.217980	0.984178
0.081737	0.387434
0.237747	0.526610
0.240394	0.336552
0.273087	2.807331
0.176213	0.579740
0.072984	0.271501
0.081240	0.304652
0.052708	0.176836
0.202330	1.252424
0.096145	0.148063
0.104550	0.228441
0.078476	0.662339
0.113415	0.328337
0.143832	0.411360
0.196759	0.550924
0.078037	0.138125
0.100929	0.242735
0.065111	0.206077
0.119221	0.352895
0.053199	0.161459
0.096726	0.197805
0.261281	1.716618
0.072891	0.087469
0.116914	0.195246
0.256698	1.459328
0.201874	0.898341
0.153860	0.156168
0.200864	1.262431
0.190359	1.002240
0.202849	0.752568
0.100036	0.186568
0.197886	0.613448
0.203702	0.487866
0.116482	0.155503
0.193839	0.358602
0.216527	0.699382
0.328713	2.485070
0.171195	1.098216
0.175766	0.543994
0.126029	0.211099
0.340886	2.602662
0.220273	0.971403
0.090096	0.163975
0.116438	0.192706
0.099590	0.218102
0.159005	0.767201
0.137640	0.381262
