Velocity(m/s)	Chord(mm)
0.094329	0.232992
0.229025	0.659592
0.168744	0.182244
0.256692	0.297762
0.184752	0.275280
0.100801	0.117937
0.148431	0.115034
0.128966	0.157339
0.119207	0.110863
0.288263	0.739395
0.222559	0.423975
0.130135	0.154861
0.120457	0.328245
0.315864	2.335815
0.061348	0.126070
0.155440	0.436786
0.241537	0.542251
0.098932	0.147903
0.127178	0.254355
0.091513	0.139558
0.095164	0.119907
0.127141	0.106163
0.226540	0.216346
0.135852	0.214646
0.134501	0.108946
0.158437	0.125958
0.138822	0.140904
0.119098	0.170311
0.093101	0.122893
0.104015	0.365092
0.077307	0.260136
0.097007	0.206140
0.138237	0.105060
0.147621	0.304100
0.138295	0.140370
0.254638	1.419607
0.141688	0.429315
0.235420	0.436704
0.152817	0.489777
0.117195	0.207436
0.122727	0.126409
0.156592	0.119010
0.134768	0.180589
0.128990	0.143179
0.146109	0.555943
0.095209	0.136625
0.049883	0.368134
0.103152	0.463152
0.037777	0.171695
0.167953	1.054744
0.128030	0.182443
0.091962	0.171050
0.105804	0.100514
0.254110	0.758520
0.175133	0.152365
0.116839	0.221994
0.306962	0.586297
0.137179	0.296307
0.116888	0.165981
0.131493	0.216964
0.093409	0.256875
0.186425	0.384967
0.165205	0.175943
0.132041	0.180236
0.168932	0.202719
0.137004	0.128784
0.156833	0.157617
0.186898	0.196243
0.244733	0.496809
0.324539	0.285594
0.170507	0.213133
0.258428	0.412192
0.179825	0.179825
0.201394	0.229589
0.155235	0.196372
0.212604	0.229612
0.209774	0.681767
0.114718	0.230583
0.100999	0.188363
0.165189	0.220528
0.203718	0.196588
0.197905	0.524448
0.296654	0.787616
0.204098	0.252061
0.268140	1.080605
0.216652	0.814613
0.161537	0.209999
0.177132	0.224072
0.247949	0.694257
0.202413	0.306656
0.138774	0.142244
0.084584	0.132374
0.284987	1.511856
0.157547	0.185905
0.193140	0.216317
0.070648	0.139530
0.062445	0.321278
0.134784	0.161067
0.193291	0.166231
0.074877	0.097714
0.081944	0.186422
0.341560	0.831699
0.255231	0.391779
0.187892	0.234865
0.223770	0.206987
0.138044	0.144947
0.164720	0.281671
0.117446	0.107463
0.110358	0.226787
0.083087	0.408787
0.109875	0.142288
0.153092	0.116350
0.152140	0.241142
0.120153	0.129165
0.157169	0.128093
0.142221	0.151466
0.245659	0.246887
0.141093	0.131922
0.200921	0.192885
0.235276	0.343503
0.210691	0.549903
0.134346	0.106805
0.300598	0.174347
0.265630	0.609622
0.375898	0.152239
0.253362	0.324304
0.266427	0.229127
0.132164	0.135468
0.138742	0.260835
0.134047	0.245305
0.201309	0.306995
0.183249	0.156678
0.217147	0.209547
0.306493	0.783089
0.574185	2.609671
0.253573	0.422199
0.184546	0.149482
0.184088	0.145429
0.353833	0.835047
0.135932	0.127096
0.243779	0.225495
0.255000	0.306000
0.187932	0.203906
0.176142	0.208728
0.188303	0.225022
0.289693	0.291142
0.265470	0.200430
0.365444	0.146178
0.498027	0.575221
0.283396	0.222466
0.266845	0.170781
0.453868	0.692148
0.352034	0.480526
0.319905	0.382287
0.335963	0.700482
0.179749	0.135710
0.230013	0.165609
0.156230	0.221847
0.121376	0.142010
0.146026	0.272338
0.126748	0.238287
0.111278	0.201970
0.169915	0.365317
0.111302	0.122432
0.198447	0.295685
0.210949	0.350176
0.187755	0.264735
0.130129	0.206255
0.116316	0.186105
0.091384	0.134792
0.119769	0.178456
0.143127	0.408627
0.116896	0.230870
0.089602	0.124546
0.097977	0.222898
0.129513	0.165777
0.113284	0.291140
0.151298	0.170210
0.308284	0.332947
0.212544	0.132840
0.264731	0.464603
0.171829	0.170111
0.127738	0.197355
0.188836	0.317244
0.188563	0.317728
0.148201	0.210446
0.201899	0.298810
0.181835	0.234568
0.125401	0.334822
0.078667	0.192733
0.056907	0.264333
0.143462	0.121226
0.197485	0.152064
0.186044	0.407435
0.292255	0.203118
0.310864	0.523805
0.159732	0.168518
0.200647	0.129417
0.247128	0.161869
0.261801	0.319397
0.288003	0.299523
0.194453	0.152646
0.180871	0.129323
0.205796	0.247984
0.308431	0.314600
0.346909	0.223756
0.196882	0.318949
0.182815	0.319927
0.131776	0.126505
0.183344	0.201679
0.200548	0.122334
0.331348	0.427439
0.379468	0.483821
0.176792	0.175908
0.208823	0.300705
0.140056	0.284314
0.151103	0.109549
0.254284	0.368712
0.161229	0.281344
0.269573	0.284399
0.165772	0.120185
0.273776	0.220390
0.143373	0.210041
0.133795	0.117070
0.210725	0.304498
0.169329	0.307333
0.200868	0.230998
0.126071	0.185954
0.204191	0.348146
0.099698	0.133097
0.128471	0.127829
0.208787	0.131536
0.235903	0.317290
0.253221	0.692561
0.089832	0.176520
0.112437	0.294585
0.076347	0.340507
0.198647	0.286052
0.127136	0.155741
0.220354	0.651147
0.241817	0.542879
0.100209	0.128769
0.192587	0.366878
0.236536	0.390284
0.137988	0.153856
0.092706	0.169188
0.148428	0.215220
0.177943	0.241112
0.155825	0.320220
0.212620	0.249828
0.072305	1.621078
0.133493	0.146842
0.105584	0.348428
0.118356	0.154455
0.188373	0.185547
0.128487	0.136196
0.116109	0.129461
0.222546	0.370539
0.159939	0.251904
0.124686	0.303609
0.060448	0.139333
0.246964	0.255607
0.202075	0.529436
0.214424	0.268030
0.100795	0.167319
0.195201	0.142497
0.105925	0.141939
0.208023	0.240267
0.236754	0.170463
0.137539	0.294332
0.157338	0.218700
0.313693	0.624250
0.104007	0.105568
0.181927	0.260155
0.312180	0.521341
0.137687	0.089497
0.248135	0.250616
0.171369	0.298183
0.208436	0.240744
0.311187	0.891551
0.221385	0.309938
0.146796	0.331026
0.128093	0.210712
0.329190	0.529996
0.307091	0.231854
0.197984	0.294997
0.238128	0.366717
0.325816	0.552258
0.177973	0.162845
0.349520	0.891277
0.187929	0.327936
0.202084	0.131354
0.085384	0.102033
0.098491	0.339301
0.085289	0.098082
0.115836	0.135528
0.108729	0.237572
0.169475	0.299972
0.132995	0.113046
0.212567	0.237012
0.106222	0.098786
0.108718	0.105456
0.280186	0.862974
0.119191	0.100120
0.122807	0.229035
0.107332	0.136312
0.133272	0.433134
0.057713	0.126392
0.172260	0.357440
0.154569	0.251174
0.141921	0.282423
0.060310	0.125143
0.029515	0.101975
0.091727	0.375164
0.087789	0.191379
0.101941	0.167693
0.110852	0.232789
0.291057	0.181911
0.223266	0.123913
0.357630	0.749234
0.448486	0.340849
0.378440	0.516571
0.374587	0.320272
0.179686	0.163514
0.275864	0.446899
0.218199	0.276022
0.337999	0.836548
0.195101	0.378495
0.100140	0.213298
0.198286	0.657316
0.087306	0.140126
0.070343	0.125913
0.111175	0.159536
0.093059	0.112137
0.067568	0.114865
0.131380	0.151087
0.077448	0.098746
0.111049	0.129927
0.256273	0.524079
0.116926	0.120434
0.173305	0.323214
0.258570	0.337434
0.166921	0.129364
0.133095	0.137088
0.107547	0.240368
0.179440	0.200076
0.127411	0.373951
0.101593	0.166105
0.088698	0.638625
0.051547	0.181446
0.115033	2.083825
0.078215	0.188889
0.149231	0.360392
0.087512	0.306294
0.114509	0.345816
0.069916	1.487466
0.097724	0.129484
0.061878	0.129016
0.073770	0.358521
0.127889	0.164977
0.153325	0.156391
0.102681	0.113463
0.059218	0.414819
0.136244	0.134881
0.048459	0.136654
0.140696	0.374956
0.316208	0.713049
0.274393	0.603665
0.245061	0.384746
0.159532	0.177081
0.279162	0.351744
0.297624	0.377982
0.294602	0.752708
0.155397	0.106447
0.179784	0.174390
0.230958	0.697494
0.383607	0.404706
0.291649	0.434557
0.202975	0.260822
0.169391	0.203270
0.167570	0.323409
0.107888	0.122453
0.155466	0.167903
0.179533	0.779174
0.203897	0.273222
0.243999	0.178119
0.260095	0.325119
0.100856	0.089258
0.184502	0.162362
0.142320	0.101047
0.159524	0.132405
0.126387	0.275524
0.169535	0.201747
0.146489	0.305429
0.324113	0.573681
0.263416	0.272635
0.342687	0.258729
0.287519	0.291832
0.248372	0.139088
0.427884	0.611874
0.154953	0.141782
0.232505	0.571961
0.203491	0.199421
0.217163	0.194361
0.087629	0.266831
0.209864	0.308499
0.158187	0.295018
0.196907	0.305206
0.225219	0.332198
0.142360	0.199304
0.294938	0.522040
0.221950	0.255243
0.216043	0.370514
0.308277	0.317525
0.418974	0.379171
0.682100	1.193675
0.255469	0.139231
0.326991	0.519915
0.260892	0.534828
0.263191	0.209237
0.537849	0.747610
0.192289	0.099029
0.393056	0.202424
0.555351	1.094041
0.392496	0.231573
0.516553	0.547546
0.308135	0.218776
0.243778	0.153580
0.304118	0.358859
0.272047	0.115620
0.588895	0.547673
0.434795	0.386967
0.245607	0.116663
0.610160	1.751160
0.398667	0.779394
0.295466	0.203872
0.463787	1.344981
0.430206	3.478212
0.160418	0.142772
0.092722	0.367180
0.113847	0.343818
0.136561	0.215767
0.198824	0.497060
0.104635	0.126085
0.189375	0.336141
0.104097	0.115028
0.091340	0.119199
0.152851	0.134509
0.303636	0.719618
0.243537	0.448108
0.214630	0.514039
0.218635	0.317021
0.140340	0.228052
0.180151	0.748527
0.091770	0.133067
0.214873	0.319086
0.221273	0.154891
0.209267	0.288789
0.168681	0.320493
0.221402	0.229151
0.263957	0.608422
0.187860	0.281791
0.214873	0.360986
0.200638	0.566803
0.139744	0.327001
0.139266	0.220736
0.270922	0.866950
0.073992	0.146505
0.216301	0.260643
0.295924	0.902567
0.196954	0.323989
0.166737	0.281786
0.319451	0.622929
0.411631	1.214313
0.143581	0.139274
0.203371	0.179984
0.332577	0.337566
0.274991	0.684727
0.140956	0.214958
0.278115	0.627149
0.155007	0.168182
0.304382	0.499186
0.124607	0.115884
0.265283	1.232239
0.312618	0.370452
0.217452	0.767607
0.204389	0.267750
0.251217	0.341655
0.220225	0.341348
0.154542	0.329947
0.130124	0.161353
0.076978	0.268653
0.124464	0.271330
0.108494	0.183355
0.132320	0.192526
0.073972	0.110958
0.146767	0.130622
0.142999	0.283138
0.152592	3.312782
0.154621	0.371864
0.099884	0.136841
0.053059	0.112219
0.198560	0.979896
0.073873	0.163999
0.109950	0.199010
0.137125	0.170035
0.102552	0.114859
0.130810	0.119037
0.153550	0.232628
0.256972	0.459980
0.358686	0.633080
0.201412	0.173214
0.160024	0.156824
0.170894	0.245232
0.311405	3.349163
0.121478	0.127552
0.124156	0.513387
0.098381	0.154458
0.101249	0.144279
0.072000	0.123481
0.052372	0.152140
0.095589	0.149597
0.125688	0.390261
0.067482	0.217291
0.085349	0.996446
0.126486	0.339614
0.178271	0.361890
0.200708	0.256906
0.092965	0.107839
0.243699	0.458154
0.216202	0.217283
0.070139	0.110119
0.242155	0.902026
0.127924	0.290389
0.138902	0.344477
0.058586	0.220283
0.082521	0.189385
0.119253	0.259972
0.134244	0.334267
0.104049	0.230990
0.088510	0.117718
0.130254	0.134162
0.199771	0.197773
0.165715	0.122629
0.129060	0.125188
0.197949	0.185082
0.279532	0.361993
0.276346	0.603817
0.211733	0.312306
0.038619	0.136903
0.161418	0.146891
0.140427	0.332111
0.126071	0.215582
0.169165	0.127720
0.283124	0.338333
0.108781	0.155013
0.071144	0.124858
0.200643	0.228734
0.170863	0.263130
0.108100	0.257277
0.105180	0.178806
0.159960	0.301525
0.102559	0.202041
0.132550	0.375117
0.162466	0.260758
0.104160	0.138012
0.109844	0.237264
0.086118	0.095160
0.134321	1.441941
0.139451	0.151304
0.100755	0.203525
0.096688	0.123761
0.067532	0.129323
0.094138	0.135087
0.083331	0.141662
0.125883	0.249248
0.238124	0.639363
0.096301	0.193564
0.123287	0.147944
0.181301	0.259260
0.135100	0.133749
0.111678	0.111678
0.200576	0.443272
0.272246	0.490042
0.182856	0.415082
0.228921	1.154907
0.122356	0.192710
0.182568	0.729359
0.125193	0.120185
0.084407	0.109307
0.102575	0.089753
0.112226	0.163851
0.167043	0.160362
0.132487	0.151698
0.199077	0.216994
0.305687	0.677096
0.355478	0.817600
0.132957	0.166197
0.079374	0.221454
0.075222	0.143298
0.129731	0.274382
0.120283	0.264022
0.084545	0.219816
0.140392	0.143901
0.116757	0.149449
0.255497	0.677067
0.261196	0.394406
0.248187	0.367317
0.208524	0.473350
0.117283	0.096759
0.249910	0.396108
0.219643	0.205366
0.155794	0.120740
0.235451	0.184829
0.217769	0.247168
0.127496	0.093072
0.140219	0.106567
0.190706	0.369970
0.124447	0.238316
0.135281	0.123106
0.343397	0.594078
0.188266	0.242863
0.136503	0.199294
0.126748	0.119776
0.099204	0.139878
0.301606	0.669566
0.195224	0.155203
0.241614	0.379334
0.271249	0.499099
0.257631	0.316886
0.209903	0.530006
0.185277	0.314044
0.231745	0.337189
0.263957	1.179886
0.147720	0.142550
0.338538	0.577207
0.174475	0.156156
0.308512	0.487449
0.360966	0.931293
0.168145	0.257262
0.258197	0.666147
0.242634	0.343327
0.225315	0.282770
0.196737	0.293138
0.124208	0.110545
0.155912	0.183196
0.375783	0.567433
0.201141	0.150856
0.362993	0.480966
0.208044	0.134188
0.228973	0.270188
0.176290	0.319967
0.107711	0.133561
0.146356	0.120743
0.204301	0.262527
0.241292	0.509126
0.292108	0.609045
0.172293	0.338557
0.089271	0.143279
0.123875	0.113346
0.253081	0.855413
0.257139	0.863986
0.103942	0.141881
0.164842	0.281879
0.050860	0.140882
0.082380	0.382242
0.108691	0.647796
0.109990	0.308522
0.199616	0.338350
0.144766	0.145489
0.178441	0.105280
0.224274	0.296041
0.154755	0.162493
0.222768	0.335267
0.208695	0.394434
0.119117	0.229896
0.106918	0.101572
0.178499	0.286490
0.079484	0.116841
0.137438	0.118197
0.080418	0.343386
0.072238	0.138335
0.110485	0.153021
0.121329	0.166827
0.159086	0.272833
0.158625	0.171315
0.190092	0.271832
0.112879	0.102156
0.078940	0.207217
0.152032	0.381601
0.112092	0.131708
0.132663	0.170472
0.117764	0.107754
0.219373	0.280797
0.218606	0.383654
0.129342	0.109294
0.125087	0.161988
0.201476	0.309266
0.286980	0.484995
0.160272	0.237202
0.127231	0.136137
0.125267	0.301268
0.159013	0.620151
0.053090	0.156351
0.196600	0.524922
0.121024	0.124655
0.183369	0.337399
0.152693	0.181704
0.161467	0.255925
0.404129	0.341489
0.421223	0.387525
0.398826	0.821582
0.263535	0.160756
0.246956	0.217322
0.509159	0.481156
0.200725	0.163591
0.117287	0.280903
0.143181	0.158215
0.098016	0.153886
0.059330	0.267576
0.128604	0.210910
0.253562	0.232009
0.274050	0.378189
0.249124	0.215492
0.188332	0.664810
0.228743	0.234461
0.096568	0.107191
0.164907	0.436180
0.195232	0.159114
0.286747	0.253771
0.246289	0.826299
0.190321	0.538610
0.218769	0.702248
0.172749	0.485424
0.092035	0.198795
0.091886	0.282548
0.226459	0.361201
0.235198	0.612690
0.133628	0.150332
0.183155	0.224364
0.120930	0.174140
0.142011	0.301063
0.085238	0.118907
0.230376	1.514721
0.085347	0.138262
0.140713	0.173077
0.255253	0.478600
0.102851	0.186161
0.198971	0.309400
0.266194	0.331411
0.188865	0.310683
0.197101	0.349855
0.102432	0.138283
0.114612	0.181660
0.165358	0.155436
0.189728	0.236212
0.154045	0.225676
0.195875	0.381956
0.186097	0.189819
0.220327	0.351422
0.218635	0.323580
0.176928	0.108811
0.216648	0.204733
0.323191	1.121472
0.168607	0.156805
0.286479	0.650307
0.210189	0.877538
0.113246	0.207240
0.123328	0.159710
0.123176	0.525963
0.252594	0.698423
0.139162	0.143337
0.362979	0.658807
0.260224	0.389036
0.139666	0.167600
0.098101	0.120174
0.198452	0.311569
0.144363	0.156634
0.115583	0.132921
0.189968	0.493916
0.147904	0.390468
0.232607	0.462888
0.237702	0.304258
0.178858	0.454299
0.165574	0.204483
0.187790	0.342717
0.246946	0.321030
0.269337	0.519819
0.195248	0.153270
0.150937	0.132069
0.230557	0.359668
0.162126	0.227786
0.249354	0.514916
0.126139	0.096496
0.106056	0.167569
0.188584	0.404513
0.122541	0.120090
0.131709	0.218637
0.115246	0.150396
0.086536	0.099517
0.148283	0.286927
0.103051	0.209709
0.060792	0.111858
0.111077	0.322122
0.080810	0.145458
0.083479	0.180315
0.093923	0.170001
0.132253	0.299554
0.125612	0.381860
0.136813	0.216164
0.112577	0.114829
0.157457	0.196034
0.156366	0.279113
0.073831	0.142863
0.115243	0.176322
0.127632	0.126994
0.112770	0.103749
0.194639	0.449616
0.211748	0.277390
0.135841	0.355903
0.193985	0.445195
0.165342	0.444771
0.178101	0.876258
0.172238	0.200658
0.197131	0.207974
0.149572	0.091987
0.167383	0.208392
0.107180	0.128080
0.134472	0.333490
0.188601	0.215948
0.103014	0.354883
0.076433	0.110063
0.099160	0.196336
0.138361	0.298860
0.054009	0.094516
0.125668	0.375746
0.060786	0.148926
0.144616	0.139554
0.217414	0.448959
0.188864	0.187919
0.215561	0.297475
0.127514	0.477539
0.196628	0.649857
0.145031	0.241476
0.111937	0.109139
0.157289	0.139987
0.136896	0.176596
0.176197	2.117885
0.233599	0.358574
0.146683	0.130548
0.223765	0.206983
0.185441	0.183587
0.229002	0.202667
0.175047	0.149665
0.104903	0.172566
0.151293	0.133894
0.219847	0.204458
0.155670	0.237397
0.135816	0.120197
0.118840	0.237681
0.101005	0.149993
0.099460	0.241688
0.053037	0.165211
0.145248	2.114082
0.121684	0.376003
0.115463	0.136246
0.087820	0.212084
0.133209	0.220460
0.098849	0.163100
0.065446	0.222843
0.103776	0.234015
0.217287	0.246621
0.104753	0.110515
0.169454	0.127938
0.155691	0.129224
0.092196	0.202832
0.161038	0.285843
0.140851	0.188036
0.118586	0.253182
0.102211	0.102722
0.097691	0.105018
0.119780	0.291065
0.086235	0.153498
0.065836	0.345637
0.123948	0.188400
0.187484	0.345908
0.086199	0.123695
0.124512	0.125757
0.073715	0.183551
0.087214	0.167451
0.069304	0.165982
0.155770	0.165116
0.105735	0.351568
0.116797	0.189211
0.090595	0.177567
0.086222	0.106485
0.166493	0.153174
0.158824	0.125471
0.263743	0.234731
0.244364	0.540044
0.102509	0.157351
0.097510	0.301793
0.097750	0.197945
0.150857	0.271543
0.127465	0.203306
0.162741	0.397088
0.287879	0.575757
0.179349	0.195490
0.094198	0.388566
0.098653	0.151925
0.178611	0.287564
0.120055	0.778560
0.220885	0.147993
0.299831	0.298332
0.323752	0.637792
0.256058	0.291907
0.463457	0.419428
0.399506	0.445449
0.285774	0.547258
0.171629	0.235990
0.144032	0.317591
0.168910	0.166377
0.189175	0.208092
0.269056	0.289236
0.372122	0.467013
0.322899	0.350345
0.355618	0.633000
0.395996	0.748433
0.187488	0.189363
0.161440	0.150946
0.279624	0.343937
0.277754	0.308306
0.218452	0.439088
0.210871	0.402763
0.148932	0.164570
0.311011	0.435416
0.294530	0.534572
0.255086	0.358396
0.218690	0.281017
0.115052	0.171427
0.150388	0.275961
0.166463	0.141494
0.138446	0.134293
0.154203	0.441021
0.092142	0.170003
0.086466	0.204491
0.073170	0.203777
0.106205	0.144438
0.047304	0.086803
0.110327	0.253752
0.123682	0.109458
0.095260	0.182422
0.105102	0.444581
0.156198	0.135112
0.125064	0.145700
0.128341	0.148233
0.116330	0.166933
0.125284	0.156605
0.159607	0.194721
0.129492	0.424733
0.102725	0.140733
0.070412	0.252077
0.025841	0.130365
0.139772	0.132783
0.147211	0.157516
0.296356	0.162996
0.166952	0.131057
0.228506	0.341617
0.203042	0.183753
0.118443	0.231556
0.226660	0.226660
0.150688	0.172537
0.197447	0.221140
0.217013	0.235459
0.180228	0.320805
0.240384	0.192307
0.287170	0.205327
0.379304	0.318616
0.284386	0.248838
0.241182	0.265300
0.131916	0.184683
0.305386	0.451971
0.161702	0.147957
0.295619	0.229105
0.154529	0.122078
0.295974	0.553472
0.099741	0.136147
0.340043	0.572973
0.063493	0.103176
0.128496	0.156123
0.058578	0.135021
0.103930	0.207860
0.142731	0.159859
0.102277	0.130915
0.173953	0.599270
0.139990	0.121091
0.100777	0.148646
0.145742	0.323548
0.083003	0.224107
0.128824	0.213203
0.189711	0.403137
0.196469	0.379184
0.136776	0.220209
0.107802	0.090553
0.188747	0.328419
0.162660	0.254563
0.090274	0.169265
0.205614	0.252905
0.058659	0.147528
0.270212	0.913316
0.212522	0.523868
0.307378	0.605535
0.138925	0.194495
0.172999	0.260363
0.174140	0.304745
0.139651	0.203191
0.117188	0.120704
0.108039	0.245249
0.081261	0.119859
0.075880	0.136964
0.147317	0.248965
0.143991	0.337659
0.116489	0.107753
0.202756	0.164233
0.194367	0.353747
0.157109	0.152396
0.066150	0.158099
0.061141	0.137873
0.137422	0.296832
0.188560	0.762724
0.145331	0.316821
0.124751	0.152820
0.137341	0.170989
0.142553	0.148256
0.102685	0.197668
0.063548	0.246883
0.141283	0.685927
0.126169	0.117968
0.147677	0.325627
0.189982	0.233678
0.235000	0.413600
0.151709	0.119092
0.217742	0.277621
0.168699	0.187256
0.130107	0.454723
0.090903	0.093630
0.054907	0.189428
0.043169	0.104254
0.097889	0.170327
0.100985	0.128756
0.114500	0.250755
0.112772	0.172542
0.144548	0.138766
0.210890	0.210890
0.118270	0.128323
0.182492	0.156943
0.092864	0.121188
0.185670	0.273863
0.064194	0.100464
0.110688	0.183188
0.143211	0.125309
0.104628	0.188330
0.144717	0.404484
0.171294	0.166155
0.182817	0.171848
0.112180	0.118911
0.087802	0.138288
0.106477	0.218278
0.247500	0.374963
0.112544	0.220587
0.108150	0.221708
0.174049	0.228004
0.175587	0.425799
0.080263	0.166546
0.059281	0.439570
0.061793	0.227091
0.098311	0.122397
0.090100	0.100461
0.178602	0.213429
0.242749	0.307077
0.118173	0.141216
0.152005	0.190006
0.120379	0.179967
0.127298	0.124752
0.157672	0.145847
0.210742	0.496298
0.121556	0.161062
0.337908	0.593029
0.146742	0.163617
0.114264	0.126833
0.067494	0.121489
0.081243	0.168579
0.174900	0.359420
0.141966	0.215789
0.131853	0.238655
0.111971	0.157319
0.118519	0.355557
0.097289	0.301597
0.057327	0.186313
0.106200	0.146025
0.146758	0.243619
0.110972	0.195311
0.138466	0.378705
0.092209	0.140619
0.039604	0.672275
0.131681	0.140240
0.161603	0.218972
0.202953	0.283120
0.224062	0.304724
0.088781	0.119410
0.130846	0.237485
0.121194	0.178762
0.122427	0.129160
0.096578	0.127483
0.172957	0.427205
0.282315	1.254892
0.107328	0.427704
0.235029	0.478284
0.123903	0.306039
0.066945	0.138910
0.062028	0.143284
0.114260	0.363918
0.091443	0.248268
0.151339	0.568279
0.098635	0.219463
0.150152	0.251505
0.092013	0.206570
0.331688	0.616939
0.123881	0.159187
0.246294	0.316488
0.143017	0.208089
0.182575	0.142409
0.084090	0.107215
0.101701	0.116956
0.174042	0.534310
0.084580	0.141248
0.143124	0.130243
0.138920	0.265337
0.152150	0.259416
0.107628	0.147988
0.177855	0.267672
0.116626	0.111378
0.406696	0.803226
0.184971	0.171098
0.318130	0.305405
0.142773	0.154195
0.215138	0.249560
0.399271	0.652808
0.302505	0.477958
0.208403	0.151092
0.339680	0.614821
0.191361	0.222935
0.177422	0.195164
0.365761	0.347473
0.287425	0.799042
0.242902	0.335204
0.274213	0.289294
0.215040	0.364492
0.296172	0.510896
0.329836	0.232534
0.253353	0.366095
0.255080	0.507609
0.160103	0.201729
0.163223	0.248099
0.155568	0.466704
0.131805	0.196390
0.184429	0.262811
0.213540	0.188982
0.244240	0.217373
0.336446	0.361680
0.279596	0.427782
0.172910	0.178097
0.186218	0.189012
0.201338	0.247646
0.340061	0.731131
0.226762	0.343544
0.281241	0.306553
0.091378	0.103714
0.268498	0.822946
0.182789	0.273270
0.162916	0.132776
0.195795	0.201669
0.182343	0.429417
0.182657	0.387233
0.132170	0.138779
0.043800	0.185494
0.040615	0.103974
0.090808	0.245637
0.075635	0.123664
0.179382	0.566847
0.115197	0.244217
0.097815	0.135963
0.221986	0.613792
0.204909	0.259210
0.141592	0.144424
0.107764	0.161107
0.100184	0.386207
0.161609	0.340188
0.154558	0.292116
0.078170	0.140315
0.182434	0.232604
0.163453	0.168356
0.272904	0.446198
0.192394	0.313602
0.250464	0.522217
0.221969	0.246386
0.366314	1.452434
0.239716	0.538162
0.152282	0.176647
0.159171	0.152804
0.103636	0.136800
0.191927	0.219757
0.125288	0.160995
0.199207	0.558775
0.193886	0.304401
0.228212	0.427897
0.102508	0.129673
0.140312	0.147327
0.136316	0.319661
0.166836	0.256927
0.126986	0.132065
0.191061	0.226408
0.114572	0.193055
0.126435	0.140975
0.222109	0.555274
0.052091	0.131009
0.176096	0.152323
0.144256	0.124060
0.068714	0.158387
0.176878	0.267970
0.148920	0.345495
0.203382	0.239991
0.332515	0.856227
0.369190	1.105724
0.161253	0.141097
0.112992	0.205646
0.034574	0.120316
0.115537	0.213743
0.124944	0.131191
0.158559	0.213262
0.177922	0.406552
0.115545	0.248422
0.128124	0.127484
0.127499	0.127499
0.147982	0.265627
0.264720	0.529440
0.330811	0.547492
0.251189	0.234861
0.125368	0.104056
0.315972	0.285955
0.258046	0.165149
0.271020	0.356391
0.548498	0.759670
0.164079	0.187871
0.215305	0.251907
0.498231	1.447362
0.213249	0.268694
0.147698	0.203824
0.287452	0.366502
0.162751	0.146476
0.273153	0.415193
0.164200	0.298844
0.190766	0.255626
0.183716	0.144217
0.131582	0.200005
0.101073	0.126846
0.098751	0.110107
0.113379	0.145125
0.112423	0.142778
0.102329	0.163726
0.097759	0.131974
0.109613	0.179765
0.148736	0.269212
0.169840	0.304014
0.157409	0.362827
0.080098	0.138970
0.100640	0.159011
0.140371	0.311624
0.072304	0.142440
0.042705	0.134521
0.107967	0.145215
0.065773	0.159499
0.177628	0.746926
0.069856	0.116660
0.161872	0.202340
0.191028	0.422172
0.193259	0.217417
0.207532	0.255264
0.177506	0.235195
0.134529	0.176234
0.153866	0.193871
0.192348	0.484716
0.136529	0.269645
0.084757	0.108489
0.180361	0.314730
0.125447	0.139873
0.170465	0.273597
0.180938	0.296738
0.179938	0.195233
0.207960	0.459591
0.152055	0.215919
0.209167	0.781240
0.121831	0.148634
0.145222	0.200407
0.061778	0.142089
0.070742	0.155633
0.139748	0.155819
0.207093	0.214341
0.199434	0.254279
0.090057	0.109869
0.177888	0.287289
0.114122	0.310412
0.171102	0.179657
0.248066	0.393185
0.269369	0.157581
0.160280	0.205959
0.306417	0.245133
0.129162	0.272531
0.077648	0.161895
0.136262	0.151251
0.246502	0.181179
0.130087	0.109924
0.242149	0.653803
0.231391	0.329733
0.267540	0.783893
0.207234	0.137810
0.264569	0.371720
0.192297	0.190374
0.179099	0.177308
0.309913	0.233985
0.096152	0.155766
0.188607	0.301771
0.146178	0.261658
0.233303	0.646249
0.116278	0.138371
0.127470	0.115360
0.135801	0.243763
0.110986	0.175913
0.304832	0.381040
0.249779	0.334704
0.139652	0.256262
0.195800	0.251604
0.151495	0.258300
0.139827	0.159403
0.213210	0.192955
0.298992	0.264608
0.164415	0.157839
0.374929	0.247453
0.280344	0.364447
0.310213	0.352092
0.388340	0.300964
0.328754	0.527651
0.312573	0.286004
0.071575	0.382568
0.060166	0.121536
0.162089	0.192886
0.235198	0.156407
0.180032	0.225940
0.366204	0.582265
0.252717	0.245135
0.366756	0.526294
0.156592	0.158158
0.216897	0.156166
0.186693	0.191361
0.200649	0.184597
0.218658	0.453714
0.327861	0.357369
0.212631	0.397621
0.164244	0.252115
0.079543	0.102611
0.074091	0.111878
0.171505	0.225529
0.105383	0.267672
0.114994	0.150642
0.131298	0.140489
0.155926	0.139553
0.076128	0.154920
0.079122	0.292357
0.164652	0.399282
0.061111	0.110305
0.135721	0.268049
0.089115	0.161299
0.100713	0.150566
0.106493	0.163467
0.061640	0.163653
0.114454	0.475555
0.097077	0.145615
0.127194	0.159628
0.137263	0.261487
0.152532	0.379805
0.175816	0.505472
0.129232	0.142801
0.152037	0.302554
0.097145	0.152518
0.215627	0.266300
0.246398	0.344957
0.088064	0.151910
0.122114	0.293685
0.173616	0.138025
0.301711	0.238351
0.177876	0.101389
0.111977	0.304578
0.117367	0.130864
0.214396	0.241195
0.151240	0.178463
0.183533	0.133061
0.200390	0.752466
0.133717	0.125025
0.275909	0.416622
0.163960	0.213968
0.174377	0.224946
0.247829	0.198263
0.331358	0.904606
0.199575	0.176624
0.171871	0.210542
0.110000	0.141900
0.242556	0.656115
0.138236	0.198369
0.138674	0.148381
0.193237	0.446377
0.091247	0.120902
0.101322	0.129186
0.170968	0.151307
0.149957	0.261675
0.288157	0.443761
0.208296	0.263494
0.083146	0.482663
0.115588	0.169336
0.093248	0.116560
0.054350	0.139136
0.082610	0.104915
0.064103	0.101924
0.186155	0.152648
0.192418	0.300172
0.295699	0.190726
0.220887	0.182232
0.165315	0.190112
0.146015	0.113892
0.337094	0.252821
0.161758	0.132642
0.158648	0.287152
0.140482	0.153125
0.305892	0.668374
0.159289	0.130617
0.175908	0.192619
0.216299	0.580762
0.177858	0.212541
0.234960	0.223212
0.208268	0.295740
0.145629	0.409217
0.129762	0.162851
0.126029	0.151234
0.234719	0.198337
0.102135	0.162395
0.025661	0.076726
0.044802	0.092964
0.175938	0.366830
0.163839	0.191692
0.168118	0.684242
0.224963	1.624234
0.190879	0.196605
0.164499	0.615228
0.189756	0.575911
0.172663	0.416980
0.131607	0.132923
0.228178	0.408439
0.200880	0.159699
0.146306	0.121434
0.260789	0.268613
0.261027	0.122683
0.288345	0.305646
0.292876	0.404168
0.261964	0.200402
0.388337	0.295136
0.236993	0.171820
0.316984	0.362947
0.322675	0.385596
0.456386	0.664041
0.197608	0.134374
0.200368	0.304559
0.111966	0.173547
0.161064	0.293942
0.103847	0.111636
0.171143	0.188258
0.149475	0.357992
0.080819	0.125270
0.106627	0.194595
0.095472	0.139390
0.129624	0.200917
0.088144	0.341116
0.130529	0.229731
0.114376	0.139539
0.087065	0.094901
0.113052	0.156011
0.112309	0.097147
0.132221	0.391374
0.064932	0.169148
0.219217	0.210449
0.150285	0.317102
0.150741	0.125115
0.165689	0.174802
0.114699	0.104376
0.221461	0.273504
0.139466	0.184792
0.150245	0.155504
0.128112	0.187043
0.062344	0.089464
0.281977	0.857210
0.218049	0.348879
0.116801	0.188633
0.079098	0.134071
0.121230	0.238218
0.196346	0.354404
0.349086	0.471267
0.205235	0.208314
0.240075	0.645801
0.208795	0.186871
0.284735	0.229212
0.224165	0.452814
0.218012	0.816456
0.163046	0.236417
0.142430	0.231449
0.185432	0.162253
0.098186	0.140897
0.203035	0.813155
0.114235	0.251317
0.130795	0.241970
0.128445	0.140647
0.112156	0.165430
0.057532	0.110749
0.125699	0.113758
0.102435	0.198723
0.131646	0.363343
0.112208	0.577313
0.094890	0.103430
0.136651	0.246654
0.065983	0.192011
0.081105	0.199924
0.053155	0.128368
0.092880	0.340869
0.080654	0.099608
0.095770	0.163766
0.120968	0.276412
0.130172	0.392468
0.203159	0.285439
0.078210	0.166196
0.158389	0.365086
0.153481	0.237895
0.102328	0.235866
0.106077	0.181391
0.160204	0.198653
0.138493	0.328229
0.105666	0.250956
0.138801	0.153375
0.122383	0.379387
0.143513	0.169345
0.228878	0.185391
0.229181	0.315124
0.179066	0.184438
0.196615	0.210378
0.325382	0.968010
0.145634	0.163839
0.157801	0.321124
0.139129	0.295649
0.111734	0.129053
0.100228	0.125285
0.279972	0.520747
0.262687	0.573971
0.305158	0.585903
0.240483	0.377558
0.296004	0.291564
0.316489	0.324401
0.296822	0.425940
0.126671	0.416747
0.120162	0.179042
0.122046	0.288639
0.125925	0.175666
0.123687	0.150898
0.079882	0.156969
0.271691	3.348596
0.113688	0.284220
0.060049	0.120099
0.095376	0.148786
0.097197	0.103029
0.109282	0.192883
0.055557	0.211672
0.075348	0.250909
0.174415	0.386329
0.190868	1.616652
0.075456	0.143743
0.066008	0.102643
0.086051	0.092074
0.102402	0.119810
0.127663	0.212558
0.099676	0.307998
0.074120	0.132674
0.189560	0.390493
0.171273	0.221799
0.142359	0.179373
0.166312	0.153007
0.205009	0.571974
0.143338	0.218591
0.159896	0.244641
0.106096	0.130498
0.161350	0.772059
0.068847	0.456799
0.174669	1.318748
0.139608	0.238731
0.109610	0.244978
0.109327	0.189682
0.260202	0.391604
0.303118	0.410725
0.235989	0.486138
0.155481	0.284531
0.204773	0.485313
0.095717	0.100503
0.089371	0.153272
0.119437	0.188710
0.059307	0.093408
0.185539	0.533425
0.088030	0.166376
0.124962	0.224932
0.167634	0.305931
0.224248	0.549407
0.136832	0.257244
0.183032	0.409076
0.175816	0.217133
0.103719	0.291969
0.221588	0.350108
0.095028	0.091702
0.130202	0.158846
0.148279	0.263195
0.172329	0.212827
0.159987	0.447163
0.091984	0.125098
0.153184	0.289517
0.125551	0.146266
0.208567	0.444249
0.094840	0.124240
0.270589	0.407237
0.218930	0.539662
0.170325	0.311695
0.108529	0.125894
0.132909	0.255186
0.292963	0.418936
0.086190	0.126268
0.152961	0.466530
0.099512	0.127873
0.106465	0.114450
0.140931	0.142340
0.127365	0.212700
0.088462	0.106154
0.088670	0.277536
0.099620	0.308821
0.057994	0.165862
0.096287	0.333634
0.085745	0.206216
0.063877	0.191630
0.069893	0.183819
0.231576	0.341575
0.166540	0.507114
0.154447	0.237849
0.147623	0.329938
0.121326	0.224452
0.158489	0.154527
0.108167	0.138995
0.059840	0.145711
0.127641	0.141043
0.141843	0.177304
0.194492	0.467754
0.144669	0.216280
0.173426	0.225453
0.224361	0.225482
0.183961	0.321931
0.144018	0.217467
0.088681	0.180466
0.064925	0.157444
0.109876	0.676284
0.065153	0.200020
0.069917	0.113265
0.067917	0.155190
0.115998	0.117158
0.163872	0.216311
0.131959	0.230928
0.164664	0.163017
0.134275	0.181271
0.188699	0.270783
0.228950	0.311373
0.196879	0.237239
0.352912	0.589364
0.363179	0.404944
0.122479	0.194129
0.228889	0.370801
0.232136	0.652302
0.150942	0.168301
0.155204	0.165292
0.199498	0.423933
0.181942	0.310212
0.215153	0.391579
0.173463	0.243716
0.139772	0.185896
0.094689	0.150555
0.144001	0.315362
0.050204	0.127770
0.176480	0.251483
0.110439	0.134735
0.160870	0.241305
0.231292	0.754013
0.162425	0.588791
0.207562	0.169163
0.220669	0.187568
0.186533	0.301250
0.164487	0.195739
0.178533	0.266014
0.146226	0.171815
0.247984	0.794789
0.149826	0.154321
0.167335	0.215026
0.143052	0.228883
0.113756	0.261638
0.257171	0.873096
0.167807	0.378405
0.126025	0.205421
0.139993	0.352781
0.130243	0.314538
0.285584	1.507882
0.122708	0.183448
0.098620	0.117851
0.086597	0.178823
0.068410	0.136820
0.157840	0.319627
0.196725	0.263612
0.180630	0.238432
0.144150	0.128294
0.158431	0.228933
0.227768	0.291543
0.131690	0.110620
0.255901	0.162497
0.324423	1.265249
0.453530	0.553306
0.214592	0.215665
0.327488	0.330763
0.191091	0.153828
0.235480	1.323396
0.184816	0.363164
0.106915	0.135782
0.127197	0.222595
0.131494	0.288629
0.078898	0.205530
0.140247	0.267170
0.112914	0.175016
0.085654	0.099358
0.111034	0.167106
0.059388	0.124418
0.109293	0.321867
0.160265	0.240398
0.149067	0.156520
0.200366	0.201368
0.207749	0.190091
0.170933	0.276911
0.278096	0.884346
0.262814	0.576878
0.125946	0.132873
0.115116	0.157710
0.136549	0.142011
0.103714	0.192390
0.116064	0.166552
0.124633	0.239919
0.144454	0.187068
0.191310	0.149222
0.181595	0.289644
0.234270	0.585675
0.190786	0.240391
0.113587	0.097685
0.228659	0.312120
0.180066	0.236786
0.105593	0.177396
0.115606	0.109247
0.086956	0.353910
0.154012	0.411981
0.049671	0.225508
0.098372	0.108209
0.192118	0.229581
0.220620	0.596778
0.158439	0.136257
0.242116	0.177955
0.161353	0.203305
0.070274	0.120168
0.112069	0.111509
0.091937	0.165945
0.192238	1.236088
0.095628	0.236202
0.105568	0.409075
0.148750	0.228332
0.085806	0.202502
0.149183	0.245406
0.134195	0.126814
0.235740	0.299390
0.387765	0.568076
0.091240	0.085765
0.364430	0.282433
0.283307	0.332886
0.346439	0.379350
0.377322	0.330157
0.292272	0.268890
0.154994	0.146470
0.251128	0.346557
0.103432	0.180489
0.134198	0.324088
0.075455	0.109409
0.089255	0.098627
0.082396	0.287149
0.060231	0.171356
0.117500	0.283764
0.134434	0.190897
0.136659	0.278784
0.156372	0.161845
0.135321	0.140057
0.080723	0.101711
0.113754	0.328750
0.118173	0.117582
0.189758	0.322589
0.244716	0.636261
0.134974	0.149821
0.137768	0.141212
0.102074	0.099012
0.084531	0.170330
0.164047	0.188654
0.124457	0.122590
0.109044	0.112315
0.110144	0.212028
0.125740	0.159690
0.092952	0.216578
0.148915	0.237519
0.143731	0.176070
0.137926	0.569635
0.144688	0.248140
0.148966	0.166097
0.324184	0.342014
0.357336	0.775419
0.429574	0.854852
0.246169	0.419718
0.248672	0.271052
0.265203	0.294375
0.207426	0.185646
0.164712	0.159771
0.122065	0.112300
0.178237	0.214775
0.267885	1.335407
0.180649	0.461558
0.131139	0.165235
0.196875	0.389813
0.166086	0.218403
0.311347	0.308234
0.173208	0.259812
0.332708	0.415884
0.242874	0.134795
0.189348	0.195028
0.246919	0.545692
0.119281	0.119281
0.290293	0.468824
0.177860	0.132505
0.315011	0.571745
0.165815	0.252039
0.148211	0.143764
0.154097	0.181834
0.202062	0.371795
0.116009	0.146171
0.131542	0.130884
0.130042	0.129392
0.189138	0.524857
0.103528	0.200328
0.182644	0.749754
0.096472	0.145673
0.145552	0.344959
0.136065	0.154434
0.142587	0.429186
0.094393	0.189729
0.188110	0.270879
0.148113	0.299189
0.117904	0.375525
0.089901	0.141594
0.120516	0.174146
0.089344	0.181815
0.091778	0.107381
0.098175	0.158552
0.126130	0.223881
0.125743	1.437237
0.101690	0.982327
0.125278	0.377713
0.134026	0.206400
0.146550	0.274781
0.219439	1.033559
0.286230	0.499471
0.183172	0.239955
0.173061	0.163542
0.204904	0.275595
0.246509	0.623667
0.126299	0.154085
0.130549	0.339427
0.149792	0.778172
0.219141	0.471153
0.125865	0.200126
0.116902	0.212177
0.089378	0.116191
0.150483	0.619239
0.239610	0.188093
0.175080	1.194920
0.147825	0.578736
0.210036	0.772934
0.171590	0.735263
0.085734	0.230195
0.137752	0.173567
0.193356	0.386712
0.091157	0.205559
0.172014	0.156532
0.173034	0.186011
0.162349	0.192384
0.124599	0.151387
0.163821	0.196585
0.210490	0.193651
0.157040	0.194730
0.259814	0.279301
0.264699	0.267346
0.229462	0.216842
0.333114	0.742845
0.330636	0.467851
0.242516	0.654793
0.500626	1.301627
0.353904	0.562707
0.298567	0.195561
0.319703	0.644201
0.206101	0.318427
0.095990	0.200138
0.120774	0.265702
0.128498	0.284622
0.108669	0.370019
0.094724	0.151559
0.111376	0.188783
0.062092	0.106177
0.118262	0.109392
0.090790	0.257844
0.137885	0.224063
0.163330	0.589620
0.077787	0.273033
0.096930	0.100323
0.106645	0.122641
0.286270	1.240978
0.310522	0.473545
0.285300	0.562042
0.270627	0.745579
0.123834	0.272434
0.119758	0.262869
0.135141	0.168927
0.191201	1.752361
0.144719	0.337195
0.147839	0.150796
0.154291	0.176663
0.256675	0.337528
0.173077	0.150577
0.393735	0.480357
0.261277	0.212941
0.204533	0.121697
0.387326	1.148423
0.302448	0.671435
0.300229	0.331753
0.232258	0.214839
0.171301	0.161023
0.188312	0.148766
0.307313	0.832818
0.250127	0.341424
0.194554	0.174126
0.588112	0.940978
0.418878	0.888022
0.149934	0.160429
0.227046	0.266779
0.149707	0.104795
0.201265	0.256613
0.147565	0.146827
0.211388	0.223014
0.251269	0.381929
0.254582	0.426426
0.229301	0.338219
0.183845	0.161784
0.220627	0.483172
0.193930	0.282168
0.187237	0.256515
0.175819	0.174061
0.133461	0.118113
0.210263	0.469938
0.192784	0.294959
0.164806	0.256273
0.258200	0.610643
0.152497	0.240183
0.174334	0.155157
0.280210	0.522592
0.243411	0.578101
0.346537	0.751985
0.136551	0.161813
0.144385	0.285161
0.171819	0.181269
0.244937	0.289026
0.312837	0.503668
0.283398	0.447769
0.076185	0.121134
0.097556	0.149748
0.198440	0.316512
0.133552	0.152917
0.195288	0.514583
0.203594	0.616891
0.217365	0.315179
0.194644	0.244278
0.277381	0.730898
0.134883	0.196255
0.279442	0.454093
0.182957	0.164661
0.203682	0.865649
0.321955	1.167088
0.313817	0.500538
0.115438	0.211828
0.124405	0.122539
0.283268	0.431983
0.095308	0.263049
0.100210	0.136787
0.190318	0.567149
0.185697	0.279473
0.146308	0.164596
0.189598	0.182014
0.475178	0.838689
0.164517	0.199888
0.262232	0.495618
0.178481	0.169557
0.107246	0.210202
0.063417	0.219104
0.097728	0.320549
0.085198	0.187861
0.115091	0.156524
0.129627	0.142590
0.154724	0.169423
0.167260	0.188168
0.106833	0.132473
0.123135	0.121904
0.158665	0.310190
0.199302	0.211261
0.252319	0.494545
0.201389	0.319201
0.182116	0.212166
0.285931	0.496090
0.333631	0.213524
0.277638	0.663555
0.252676	0.229935
0.171783	0.267982
0.099585	0.127469
0.277269	0.187157
0.203423	0.169858
0.301902	0.310959
0.210561	0.216878
0.190167	0.189216
0.259050	0.238326
0.216699	0.257872
0.181331	0.217597
0.081154	0.270648
0.191682	0.464828
0.073975	0.117621
0.072942	0.224661
