Velocity(m/s)	Chord(mm)
0.080189	0.107854
0.248636	1.095242
0.064414	0.086637
0.117319	0.172459
0.112213	0.172808
0.085200	0.135468
0.242102	1.199616
0.123746	0.228930
0.124833	0.263397
0.152851	0.189535
0.131634	0.140190
0.110976	0.120963
0.182853	0.500102
0.095006	0.106882
0.086869	0.107717
0.111814	0.147594
0.096865	0.150625
0.143266	0.166905
0.118088	0.185988
0.123609	0.166255
0.166453	0.541803
0.175742	0.246038
0.085299	0.207704
0.217058	0.693499
0.084278	0.145379
0.199393	0.649025
0.211326	0.524088
0.165743	0.151655
0.191115	0.747259
0.070636	0.144451
0.088763	0.113617
0.096023	0.122429
0.125891	0.297102
0.249067	1.119554
0.142714	0.218352
0.103327	0.182889
0.171981	0.292367
0.156160	0.349017
0.084364	0.112626
0.071098	0.097049
0.114635	0.153610
0.082324	0.154769
0.183032	0.945359
0.091309	0.174857
0.105683	0.168036
0.097055	0.214977
0.095540	0.143310
0.197583	0.861462
0.168878	0.277805
0.209610	0.524024
0.198020	0.238614
0.082044	0.081634
0.172328	0.159403
0.142765	0.147048
0.289132	0.401893
0.199237	0.195253
0.242601	0.315382
0.177853	0.195638
0.154754	0.167135
0.184952	0.172930
0.130331	0.153791
0.298123	0.688665
0.166077	0.435953
0.096239	0.093352
0.148318	0.473133
0.196890	1.601704
0.129009	0.139329
0.270796	0.697301
0.153469	0.267803
0.235834	0.700426
0.231680	0.720526
0.307795	1.614386
0.106499	0.140046
0.099021	0.113875
0.168654	0.315382
0.152462	0.332367
0.105031	0.152820
0.124425	0.256939
0.083335	0.107918
0.193309	0.435912
0.168239	0.263294
0.144827	0.209275
0.061357	0.088047
0.105721	0.259546
0.066771	0.107168
0.061833	0.095223
0.054335	0.084762
0.054919	0.091989
0.108475	0.288001
0.117581	0.245156
0.070276	0.128606
0.122429	0.274854
0.087520	0.238491
0.154242	0.340875
0.154657	0.515782
0.066609	0.112902
0.087303	0.145796
0.146333	0.416316
0.074950	0.091439
0.061888	0.088810
0.112559	0.141824
0.196840	0.616110
0.112699	0.182572
0.088553	0.097408
0.141658	0.170698
0.108069	0.216138
0.171222	0.333882
0.140113	0.424541
0.084573	0.113328
0.090529	0.200522
0.232767	0.417816
0.098620	0.223867
0.083395	0.090067
0.135309	0.493879
0.163035	0.146731
0.085687	0.091685
0.149818	0.171541
0.203809	0.527866
0.094068	0.143454
0.158180	0.400987
0.122947	0.194256
0.153809	0.245326
0.157085	0.900881
0.222422	0.204629
0.132738	0.110836
0.217198	0.994767
0.180828	0.290228
0.125612	0.165808
0.146750	0.242871
0.211743	0.555824
0.040245	0.105441
0.091309	0.293559
0.075934	0.191355
0.078046	0.218919
0.120561	0.423773
0.184563	0.463254
0.104165	0.165101
0.385738	1.631670
0.139841	0.225144
0.180570	0.523653
0.146848	0.458901
0.081013	0.137317
0.177700	0.264773
0.117584	0.408018
0.173570	0.360157
0.075098	0.095750
0.193638	0.387277
0.068103	0.096365
0.179044	0.296318
0.083345	0.115016
0.209116	0.943115
0.079419	0.138984
0.151678	0.185805
0.127528	0.133904
0.101671	0.137256
0.157558	0.353719
0.090606	0.176229
0.049427	0.126533
0.070636	0.099597
0.088160	0.122543
0.127538	0.218727
0.255059	0.580260
0.070465	0.107107
0.068335	0.145212
0.103723	0.349027
0.134581	0.313574
0.058793	0.087013
0.056414	0.110290
0.120961	0.207447
0.064751	0.141481
0.084317	0.112985
0.108749	0.297971
0.070909	0.132244
0.131677	0.423999
0.178170	0.528273
0.111820	0.339933
0.101455	0.238420
0.111458	0.219572
0.102574	0.128217
0.096988	0.175549
0.177544	0.264540
0.156384	0.257251
0.124910	0.201105
0.084749	0.160599
0.103704	0.177852
0.078285	0.132693
0.048689	0.144850
0.130134	0.333143
0.102582	0.247736
0.101475	0.117711
0.275388	0.717385
0.079907	0.107076
0.127109	0.215449
0.137325	0.218347
0.156208	0.226501
0.261515	0.758393
0.243982	0.622155
0.084517	0.179177
0.087669	0.097751
0.095570	0.134276
0.183901	0.276771
0.114696	0.166883
0.131533	0.234787
0.126838	0.197233
0.073909	0.088321
0.115357	0.227830
0.095528	0.185323
0.129638	0.233348
0.107306	0.351427
0.054582	0.076688
0.091388	0.185061
0.091840	0.142352
0.076711	0.152654
0.142775	0.297685
0.067056	0.137465
0.235188	0.909002
0.069564	0.121042
0.162292	0.554228
0.051883	0.088979
0.066362	0.170217
0.063371	0.133079
0.101287	0.157501
0.075326	0.154041
0.088599	0.246748
0.073717	0.224837
0.111683	0.522118
0.085491	0.209453
0.160714	0.247499
0.067901	0.117129
0.069413	0.106202
0.062062	0.127228
0.085033	0.175593
0.129029	0.442568
0.081361	0.202590
0.083927	0.233316
0.106606	0.167371
0.086224	0.253929
0.057834	0.097450
0.073262	0.146524
0.155943	0.305649
0.121120	0.215594
0.084655	0.181585
0.071941	0.106473
0.049036	0.127249
0.112083	0.191101
0.122906	0.154862
0.142422	0.279860
0.101383	0.193641
0.075957	0.154194
0.169239	0.281783
0.080475	0.092546
0.180687	0.531219
0.156540	0.502493
0.138082	0.347967
0.346845	1.416861
0.097203	0.117130
0.117409	0.181984
0.185883	0.502812
0.158455	0.513394
0.152088	0.216726
0.134561	0.362643
0.093396	0.182122
0.115239	0.125035
0.112094	0.294807
0.104074	0.180569
0.089592	0.152307
0.225508	0.211977
0.229430	0.308584
0.122715	0.119647
0.342805	1.395216
0.134953	0.219973
0.129334	0.176540
0.110271	0.242046
0.181172	0.192042
0.117080	0.145179
0.154477	0.424040
0.241235	0.654954
0.108195	0.155260
0.076395	0.090528
0.192180	0.348807
0.223878	0.410816
0.220239	0.311639
0.149527	0.254943
0.101128	0.104668
0.165140	0.180828
0.280988	1.877000
0.080391	0.125008
0.116280	0.219188
0.104682	0.087410
0.118741	0.128240
0.224874	0.655507
0.067211	0.171052
0.059121	0.162878
0.089437	0.338966
0.079978	0.101572
0.085901	0.179104
0.143812	0.404830
0.076430	0.091716
0.098378	0.148551
0.116909	0.303963
0.069243	0.106634
0.091323	0.120090
0.162292	0.559908
0.148511	0.752210
0.105424	0.195035
0.068505	0.097619
0.102247	0.241814
0.098897	0.219552
0.136647	0.259630
0.247244	1.437723
0.116854	0.217932
0.078369	0.105406
0.135589	0.331516
0.119476	0.173838
0.257576	0.319394
0.162127	0.309662
0.128769	0.194442
0.114025	0.259406
0.124763	0.149716
0.121574	0.153183
0.092800	0.090016
0.136147	0.131382
0.134707	0.212837
0.129600	0.127656
0.114580	0.103122
0.111568	0.118262
0.093573	0.183870
0.090114	0.152742
0.163912	0.455677
0.118359	0.233760
0.091180	0.161388
0.158314	0.255677
0.134610	0.113745
0.125555	0.121788
0.269422	1.285144
0.166096	0.194333
0.133769	0.223395
0.139783	0.190804
0.122840	0.157236
0.200140	0.279195
0.103004	0.128755
0.151121	0.169256
0.120574	0.133837
0.098530	0.212825
0.100941	0.089838
0.190846	0.678457
0.148740	0.504228
0.200874	0.598606
0.183398	0.754682
0.140784	0.336473
0.076242	0.169639
0.168152	2.161600
0.132902	0.261152
0.081860	0.157581
0.094670	0.141532
0.264825	1.089755
0.114610	0.199995
0.074558	0.133832
0.077265	0.090014
0.162646	0.349689
0.123050	0.269480
0.047926	0.153123
0.072158	0.104990
0.124228	0.393804
0.070885	0.139644
0.203224	0.318045
0.251972	0.313706
0.284908	0.376079
0.357996	1.233296
0.152153	0.154435
0.138603	0.363139
0.139936	0.379926
0.121699	0.267130
0.131722	0.096816
0.080771	0.195061
0.137979	0.155227
0.118577	0.357509
0.087656	0.108256
0.108138	0.106516
0.077422	0.104907
0.170721	0.209134
0.134548	0.130512
0.163633	0.353447
0.105179	0.113067
0.230392	0.441200
0.147905	0.146426
0.192188	0.263298
0.213014	0.319521
0.112522	0.222793
0.112751	0.199569
0.096110	0.142243
0.097614	0.186442
0.064804	0.100122
0.184525	0.606166
0.094017	0.156538
0.124919	0.215486
0.110080	0.131546
0.222987	0.431480
0.212793	0.191514
0.130793	0.269434
0.129452	0.176702
0.127282	0.189651
0.091863	0.144685
0.104783	0.347879
0.088972	0.231773
0.062065	0.132819
0.077073	0.097882
0.165917	0.338471
0.129521	0.231196
0.087239	0.164882
0.144655	0.321857
0.116515	0.254585
0.199352	0.291054
0.143216	0.408166
0.122301	0.297191
0.208913	0.291434
0.123039	0.141495
0.104207	0.202683
0.084970	0.183536
0.072429	0.086915
0.114497	0.359521
0.141248	0.373601
0.121950	0.242680
0.112141	0.209142
0.091188	0.179184
0.062561	0.104477
0.108710	0.177197
0.141884	0.219920
0.120085	0.268389
0.102183	0.192104
0.080482	0.103821
0.136941	0.462861
0.101037	0.176310
0.105062	0.143410
0.164232	0.443425
0.218660	0.684404
0.213177	0.219572
0.202510	0.480962
0.105550	0.151991
0.153627	0.123670
0.159974	0.297551
0.078195	0.140751
0.143702	0.313989
0.112447	0.175418
0.098287	0.143990
0.140656	0.538007
0.077186	0.126971
0.205086	0.785481
0.134532	0.176237
0.084302	0.170289
0.093372	0.160600
0.144272	0.192604
0.116514	0.226619
0.091112	0.180401
0.088572	0.156772
0.178921	0.585072
0.180780	0.202473
0.312945	1.289332
0.092321	0.172178
0.132490	0.237156
0.096425	0.149941
0.105972	0.270759
0.057382	0.139152
0.093118	0.123381
0.095047	0.209578
0.101168	0.133542
0.337074	0.306737
0.269629	0.531169
0.136292	0.388432
0.094323	0.239109
0.181941	0.698653
0.130631	0.229910
0.139381	0.258552
0.193682	0.949042
0.080648	0.137102
0.297298	1.400273
0.123873	0.151744
0.114699	0.160006
0.108810	0.310110
0.070296	0.175038
0.098299	0.308658
0.159802	0.468219
0.065949	0.176742
0.073279	0.127505
0.200098	1.924946
0.143413	0.487603
0.106325	0.215841
0.065707	0.113015
0.077089	0.200817
0.063522	0.101000
0.062965	0.145449
0.084456	0.174402
0.082151	0.139246
0.212435	0.171010
0.146559	0.236693
0.113741	0.187103
0.222536	1.389735
0.147376	0.446551
0.210042	0.540859
0.229002	0.614871
0.079976	0.143957
0.220545	0.741031
0.157171	0.277407
0.148948	0.339602
0.105498	0.140313
0.120159	0.346658
0.082000	0.162360
0.078081	0.108532
0.098706	0.249232
0.074889	0.085373
0.083267	0.167783
0.153752	0.263685
0.101088	0.239579
0.138797	0.258163
0.184427	0.905537
0.100554	0.185523
0.143379	0.445192
0.065043	0.128785
0.072830	0.137284
0.069578	0.172552
0.089175	0.191726
0.088721	0.143729
0.204503	0.519437
0.070355	0.107643
0.102972	0.248677
0.119060	0.331582
0.082279	0.098735
0.099733	0.163064
0.155071	0.515611
0.087401	0.144648
0.070936	0.119882
0.074480	0.115817
0.177977	0.838271
0.148604	0.394543
0.094651	0.174158
0.074973	0.128954
0.071348	0.151615
0.105773	0.432084
0.089962	0.148437
0.092288	0.137971
0.124989	0.139988
0.074619	0.117898
0.072136	0.167356
0.073143	0.130926
0.159828	0.489074
0.079050	0.163238
0.062219	0.146526
0.073460	0.189895
0.067388	0.134102
0.075570	0.191569
0.109408	0.180523
0.101094	0.214824
0.081971	0.136072
0.130402	0.555511
0.212678	0.277545
0.154919	0.158792
0.125865	0.159220
0.140143	0.161165
0.119354	0.279288
0.134931	0.161917
0.134709	0.320608
0.084511	0.252267
0.115673	0.154423
0.127890	0.348500
0.067578	0.106773
0.130132	0.179583
0.101942	0.192161
0.120105	0.168748
0.095764	0.088581
0.147111	0.516360
0.355737	1.983234
0.239395	0.561382
0.145186	0.255527
0.193711	0.568542
0.114936	0.163209
0.107410	0.193339
0.103203	0.196602
0.110045	0.196430
0.118398	0.284746
0.117827	0.260397
0.090252	0.197200
0.120863	0.186733
0.076209	0.138701
0.105817	0.235442
0.110633	0.292070
0.145951	0.267821
0.111335	0.145292
0.065273	0.109006
0.157634	0.348372
0.226147	0.357313
0.142430	0.205099
0.090909	0.109091
0.134279	0.367926
0.121561	0.152559
0.105831	0.135464
0.116919	0.180055
0.183816	0.477922
0.084354	0.109661
0.061916	0.099684
0.128072	0.219644
0.133639	0.181081
0.080980	0.075312
0.096533	0.145764
0.117917	0.295971
0.095207	0.185654
0.101084	0.143539
0.131435	0.293757
0.100817	0.269180
0.125719	0.258352
0.149658	0.104761
0.093257	0.206098
0.085304	0.125824
0.125229	0.174069
0.201730	0.482136
0.113203	0.115467
0.172318	0.287771
0.138467	0.215316
0.110883	0.213450
0.172415	0.429314
0.113560	0.133433
0.264440	1.014126
0.078229	0.210437
0.076151	0.116511
0.091422	0.093708
0.174761	0.375735
0.197296	0.317646
0.109499	0.153299
0.108634	0.182505
0.112925	0.267632
0.114757	0.329927
0.095623	0.131004
0.115746	0.340293
0.187145	0.460377
0.120923	0.256358
0.113058	0.290560
0.136486	0.275019
0.102195	0.087888
0.099052	0.118862
0.127117	0.174786
0.224265	0.796141
0.086890	0.181167
0.105875	0.335624
0.141532	0.329771
0.103390	0.165425
0.098943	0.129120
0.181027	0.520451
0.061304	0.126592
0.076548	0.123626
0.069156	0.105809
0.159888	0.305385
0.065260	0.133130
0.156675	0.643935
0.147454	0.589817
0.120604	0.265329
0.125972	0.182029
0.123399	0.408451
0.109854	0.128529
0.091293	0.107269
0.127269	0.283810
0.069201	0.087539
0.114973	0.259263
0.072516	0.092458
0.133429	0.292877
0.119799	0.274938
0.098337	0.215850
0.110653	0.112866
0.104305	0.141334
0.094220	0.138503
0.130485	0.155930
0.171049	0.382294
0.142512	0.167452
0.166038	0.309661
0.102725	0.173605
0.107750	0.179404
0.152585	0.292201
0.087435	0.109293
0.097823	0.150647
0.193990	0.186230
0.135204	0.217003
0.211420	0.543350
0.152311	0.208666
0.345389	1.020625
0.247172	1.082614
0.252492	0.167907
0.168966	0.243311
0.104912	0.112781
0.137865	0.208177
0.137594	0.156857
0.148027	0.180593
0.360049	1.703031
0.260460	0.866030
0.061255	0.090963
0.063977	0.087009
0.102578	0.291835
0.144545	0.371480
0.142789	0.360541
0.079704	0.094449
0.059464	0.106441
0.068171	0.225304
0.034929	0.083654
0.093747	0.209056
0.089958	0.102102
0.148934	0.349994
0.174811	0.499959
0.099497	0.110442
0.206299	0.671504
0.134790	0.238579
0.096336	0.173405
0.105356	0.193328
0.147825	0.446432
0.097864	0.086610
0.349640	0.924797
0.140421	0.136208
0.106956	0.167921
0.114518	0.108219
0.117072	0.190243
0.118334	0.138450
0.135822	0.251270
0.097692	0.131884
0.127960	0.246964
0.122887	0.256218
0.124574	0.135163
0.118092	0.115140
0.125962	0.352695
0.172778	0.172778
0.087159	0.122459
0.133567	0.140914
0.074663	0.105648
0.140036	0.219856
0.129044	0.145174
0.150195	0.287623
0.084013	0.123499
0.076523	0.120523
0.067238	0.125398
0.163688	0.812711
0.107791	0.256003
0.088419	0.096377
0.132906	0.156164
0.129453	0.141104
0.124458	0.168640
0.118667	0.113327
0.158937	0.121587
0.119321	0.097843
0.261307	0.653267
0.285471	0.785045
0.125559	0.094797
0.113775	0.129135
0.142775	0.324812
0.119188	0.276517
0.109401	0.183247
0.107153	0.118940
0.163934	0.212295
0.201651	1.874350
0.165864	0.203183
0.144524	0.166203
0.122409	0.118124
0.225352	0.365070
0.119171	0.122150
0.146129	0.257917
0.166916	0.408944
0.213557	0.249862
0.167146	0.253226
0.281464	0.353237
0.184687	0.246557
0.124565	0.168163
0.169369	0.274378
0.112841	0.138794
0.227322	0.637637
0.242315	0.872333
0.219015	0.306620
0.139993	0.373783
0.160954	0.209240
0.096165	0.098088
0.126107	0.303287
0.090339	0.123764
0.084023	0.146621
0.211472	0.526566
0.108037	0.184203
0.072925	0.103918
0.139041	0.148079
0.085684	0.083114
0.099965	0.173939
0.115887	0.370259
0.081063	0.104571
0.093093	0.206667
0.170939	0.205981
0.097351	0.142132
0.083112	0.123006
0.099542	0.125423
0.101486	0.140051
0.151859	0.174638
0.153346	0.337361
0.096264	0.135250
0.094813	0.237032
0.148439	0.366645
0.095778	0.137920
0.075148	0.158937
0.100519	0.159825
0.093045	0.127472
0.096305	0.244133
0.068906	0.122997
0.069727	0.096921
0.103958	0.260936
0.173646	0.545249
0.196427	1.814004
0.142105	0.317604
0.114674	0.256296
0.078416	0.121545
0.154037	0.769416
0.081941	0.175763
0.075962	0.133314
0.080153	0.215210
0.070862	0.148810
0.085865	0.127510
0.103178	0.106789
0.094938	0.160920
0.156722	0.318145
0.132346	0.156830
0.355547	0.391102
0.361300	0.460657
0.201401	0.125876
0.148732	0.095932
0.138458	0.153688
0.118635	0.161344
0.203646	0.174118
0.186386	0.163088
0.081321	0.089859
0.193888	0.682484
0.065075	0.093058
0.078913	0.386673
0.094722	0.265697
0.086337	0.154112
0.121241	0.351600
0.159328	0.184023
0.087169	0.103731
0.154491	0.526813
0.143452	0.253192
0.169902	0.504610
0.140075	0.250033
0.106889	0.173694
0.168096	0.247942
0.156875	0.152954
0.256954	1.250083
0.176700	0.250914
0.119934	0.227874
0.109327	0.113154
0.186360	0.376448
0.118271	0.167945
0.122480	0.143915
0.152596	0.179301
0.189372	1.628602
0.128705	0.084302
0.105741	0.120016
0.164820	0.343649
0.169461	0.311807
0.116661	0.352316
0.117355	0.195397
0.153689	0.363475
0.131893	0.250597
0.118411	0.197746
0.190749	0.986171
0.118690	0.152516
0.141260	0.230960
0.118471	0.160528
0.131572	0.217752
0.147802	0.305211
0.188626	0.326322
0.145470	0.284394
0.109304	0.246481
0.134253	0.283945
0.098773	0.132850
0.120070	0.264153
0.199075	1.201418
0.124381	0.313441
0.092235	0.150804
0.148963	0.391029
0.171803	0.788578
0.140831	0.174631
0.129680	0.204246
0.215812	0.623697
0.115686	0.135932
0.199330	0.459455
0.181114	1.012428
0.122058	0.150742
0.121169	0.117534
0.122098	0.125761
0.192720	0.312206
0.131002	0.259385
0.076311	0.098441
0.120622	0.274414
0.095238	0.210952
0.140440	0.456430
0.120379	0.264835
0.196156	0.597296
0.204421	0.472214
0.093242	0.256883
0.143320	0.242928
0.140985	0.334838
0.090397	0.130624
0.300864	1.466713
0.100780	0.180900
0.156979	0.448961
0.175603	0.308184
0.128326	0.195056
0.162734	0.518308
0.140469	0.193145
0.133900	0.311986
0.068709	0.106498
0.073612	0.105634
0.110480	0.167930
0.164539	0.293702
0.142413	0.180865
0.103024	0.125174
0.360315	1.080945
0.097387	0.093005
0.168902	0.203527
0.095191	0.188003
0.074992	0.083616
0.088074	0.167780
0.118079	0.225532
0.127317	0.269913
0.133295	0.291916
0.175159	0.303901
0.077136	0.164685
0.214093	0.451737
0.112501	0.219939
0.134632	0.359469
0.122050	0.250203
0.255135	0.696518
0.135493	0.137526
0.188202	0.149620
0.183978	0.417630
0.137826	0.489283
0.106484	0.127248
0.155720	0.348035
0.289656	1.116624
0.190128	0.323218
0.186422	0.395214
0.188874	1.506273
0.171989	0.278623
0.155258	0.355540
0.240491	0.681793
0.121266	0.236469
0.162423	0.194095
0.172012	0.123849
0.133223	0.244464
0.216174	0.576103
0.134374	0.215670
0.074891	0.157646
0.143288	0.272247
0.074417	0.194229
0.132604	0.155810
0.110031	0.173299
0.080536	0.125637
0.100888	0.090799
0.159118	0.494061
0.111203	0.157909
0.145054	0.287208
0.131419	0.360089
0.129920	0.185135
0.114597	0.280189
0.082899	0.176990
0.094940	0.136239
0.200185	0.854788
0.179966	0.476911
0.105556	0.203195
0.082302	0.252668
0.096562	0.230301
0.102537	0.254292
0.085320	0.110489
0.102601	0.232905
0.125123	0.417284
0.093373	0.196550
0.112770	0.458409
0.080979	0.146977
0.154578	0.393401
0.079943	0.199859
0.085306	0.170612
0.083434	0.128488
0.212060	2.266921
0.102349	0.294766
0.055060	0.186101
0.038837	0.108550
0.089540	0.129834
0.120282	0.315139
0.064301	0.106097
0.080393	0.122197
0.123637	0.127346
0.149682	0.353999
0.076067	0.103831
0.074221	0.120610
0.119861	0.221143
0.115724	0.205989
0.124713	0.256909
0.076490	0.239797
0.174678	0.462896
0.059839	0.103522
0.105634	0.275704
0.300899	1.199081
0.162554	0.312103
0.138906	0.241001
0.105411	0.106465
0.185181	0.237031
0.103017	0.127741
0.139743	0.158608
0.130393	0.234055
0.144650	0.313891
0.075258	0.114768
0.133346	0.232688
0.162230	0.335005
0.152750	0.312374
0.071611	0.088081
0.083410	0.157646
0.138690	0.209423
0.070121	0.097468
0.245422	0.927695
0.111071	0.219366
0.136012	0.148933
0.099459	0.144713
0.139951	0.358975
0.119724	0.267583
0.117407	0.331086
0.078933	0.093536
0.146616	0.231653
0.104317	0.139263
0.121164	0.236876
0.171330	0.314391
0.117291	0.160102
0.149948	0.244416
0.120723	0.184102
0.138073	0.238866
0.148545	0.308230
0.158711	0.295995
0.148968	0.263674
0.086545	0.144097
0.095251	0.133352
0.210393	0.585944
0.172413	0.354308
0.153955	0.274041
0.121806	0.177228
0.185324	0.505009
0.075077	0.116745
0.261961	0.682408
0.240485	1.043703
0.080222	0.164856
0.071111	0.190933
0.083997	0.152875
0.151754	1.375650
0.062954	0.111429
0.059607	0.115339
0.069111	0.129929
0.117077	0.224787
0.089793	0.130199
0.084800	0.223873
0.082415	0.153705
0.053454	0.072965
0.064763	0.114306
0.126291	0.299309
0.076189	0.145141
0.075364	0.104755
0.272019	1.613072
0.142054	0.293342
0.128101	0.216491
0.173045	0.492314
0.143430	0.232357
0.119518	0.138641
0.151531	0.388677
0.190206	0.370902
0.108525	0.123176
0.085936	0.118162
0.116498	0.154942
0.203491	1.213823
0.101327	0.135272
0.160108	0.175318
0.135638	0.179042
0.106474	0.137351
0.101163	0.108245
0.181633	0.317858
0.092179	0.103240
0.099353	0.118230
0.115569	0.309725
0.195715	0.817108
0.131082	0.235948
0.157777	0.870929
0.106160	0.241514
0.110809	0.137957
0.180154	0.339590
0.220608	0.827279
0.149120	0.331047
0.124676	0.153351
0.110258	0.216658
0.186966	0.349626
0.083168	0.104792
0.124350	0.220100
0.196785	0.360117
0.155751	0.271006
0.161087	0.344725
0.144210	0.170168
0.154526	0.595696
0.099147	0.105592
0.125203	0.296105
0.176406	0.364278
0.086047	0.095943
0.197593	0.455452
0.224233	0.196204
0.244224	0.266204
0.143942	0.238224
0.107279	0.105670
0.208701	0.447663
0.111544	0.210819
0.220801	1.169141
0.194486	0.392861
0.103061	0.178295
0.132677	0.167836
0.084216	0.104849
0.115657	0.248663
0.175606	0.435503
0.233094	0.822822
0.119820	0.154568
0.083184	0.106476
0.159504	0.393177
0.193283	0.351776
0.216675	0.379181
0.128663	0.129306
0.242330	0.539185
0.158733	0.124606
0.189041	0.286396
0.154811	0.257761
0.111692	0.144082
0.137152	0.246187
0.142625	0.159027
0.087986	0.188290
0.114460	0.256963
0.141003	0.134658
0.216369	0.340782
0.096195	0.093790
0.075977	0.090792
0.191162	0.289611
0.093254	0.072272
0.139090	0.205157
0.180459	0.191287
0.155915	0.323524
0.097958	0.179263
0.190095	0.364983
0.118910	0.206309
0.092714	0.204435
0.076223	0.120813
0.072554	0.098673
0.115312	0.234083
0.092354	0.180552
0.079460	0.152167
0.079449	0.188295
0.123871	0.402582
0.081097	0.129350
0.183447	0.290764
0.227994	1.093232
0.091536	0.233418
0.076450	0.126524
0.219957	2.030206
0.156198	0.242108
0.138692	0.523563
0.100362	0.212767
0.070975	0.114270
0.061119	0.137824
0.116154	0.368210
0.057701	0.151177
0.074969	0.135694
0.130164	0.260328
0.079227	0.159643
0.084238	0.216912
0.092510	0.232199
0.047776	0.131383
0.150717	0.718920
0.099206	0.390870
0.034018	0.174851
0.251880	0.224173
0.099158	0.104611
0.136245	0.539529
0.099524	0.222437
0.081899	0.737909
0.074903	0.085389
0.082650	0.134306
0.089480	0.131089
0.094928	0.165174
0.114936	0.252860
0.083659	0.243030
0.165327	0.399265
0.136011	0.177495
0.220331	0.885732
0.126139	0.138122
0.119663	0.223171
0.084099	0.132036
0.177715	0.603343
0.131767	0.094872
0.102184	0.186996
0.185015	0.728960
0.152259	0.804689
0.188455	0.487157
0.074063	0.093690
0.122939	0.083599
0.173681	0.338679
0.181446	0.195054
0.114091	0.111809
0.142031	0.154813
0.332075	0.692377
0.174351	0.229271
0.140067	0.140767
0.141112	0.123473
0.093591	0.111841
0.190181	0.328062
0.131713	0.090882
0.177851	0.192969
0.196482	0.386087
0.128702	0.110040
0.121405	0.187571
0.145023	0.206657
0.366459	1.181830
0.148237	0.430629
0.147468	0.370145
0.118090	0.140527
0.099816	0.248543
0.104500	0.247665
0.085540	0.106925
0.109784	0.153697
0.106489	0.121398
0.108591	0.097732
0.193206	0.379650
0.121994	0.220809
0.151391	0.423137
0.137654	0.192028
0.193516	0.275760
0.211783	0.304968
0.109043	0.166835
0.136463	0.207423
0.115130	0.422528
0.117230	0.376896
0.328935	1.376594
0.083749	0.113480
0.109306	0.170518
0.096573	0.165139
0.155346	0.187192
0.134381	0.357454
0.173269	0.327478
0.227634	0.685178
0.100729	0.149582
0.070430	0.094376
0.134989	0.250404
0.113156	0.222351
0.133055	0.232846
0.106954	0.145458
0.092016	0.143546
0.198678	0.532456
0.129684	0.188691
0.124934	0.163664
0.204477	1.127693
0.153653	0.151348
0.333939	1.063597
0.140430	0.207134
0.168792	0.198331
0.197338	0.561426
0.126660	0.153892
0.289255	1.690696
0.163660	0.281496
0.201195	0.398366
0.137153	0.150183
0.100557	0.095027
0.182185	0.279654
0.113751	0.127401
0.117723	0.127141
0.121763	0.126025
0.202133	0.130376
0.204091	0.239806
0.291964	0.478821
0.128902	0.165640
0.146694	0.154763
0.148936	0.154893
0.160503	0.187788
0.143131	0.205393
0.124094	0.116648
0.147078	0.152962
0.108105	0.126482
0.193092	0.263571
0.343245	1.743685
0.105004	0.131780
0.212867	0.587514
0.095121	0.085609
0.185619	0.559642
0.210696	0.763775
0.184365	0.245206
0.103927	0.174598
0.159945	0.329486
0.244266	0.766994
0.221488	0.428580
0.146209	0.173258
0.145782	0.138493
0.139432	0.159650
0.189232	0.388871
0.101975	0.140726
0.193462	0.510740
0.287393	1.323443
0.094216	0.106935
0.116734	0.195529
0.216365	1.616250
0.090995	0.090085
0.112722	0.264333
0.093981	0.129693
0.088775	0.107862
0.079413	0.140959
0.165921	0.351751
0.138856	0.401987
0.123741	0.266042
0.122252	0.166263
0.185731	0.208947
0.118790	0.145517
0.096006	0.134888
0.089646	0.174361
0.082560	0.190713
0.157173	0.511598
0.114165	0.351628
0.088723	0.137521
0.109550	0.176376
0.166450	0.163121
0.157846	0.174419
0.184591	0.210434
0.125238	0.126491
0.177359	0.297077
0.179922	0.495684
0.130833	0.262975
0.106204	0.203911
0.078829	0.111937
0.062680	0.118779
0.100164	0.191813
0.110159	0.279803
0.181191	0.366005
0.110062	0.422639
0.112695	0.344282
0.122348	0.126630
0.140879	0.212023
0.105465	0.312704
0.072147	0.089101
0.155341	0.403109
0.137054	0.262459
0.088516	0.115071
0.156368	0.574652
0.111613	0.239409
0.144381	0.193470
0.115859	0.178422
0.111430	0.113102
0.118845	0.133107
0.151196	0.331876
0.115169	0.158357
0.127822	0.136769
0.195132	0.328797
0.134227	0.199999
0.176751	0.292523
0.126483	0.172017
0.250665	0.867302
0.193487	0.267979
0.185227	0.396385
0.139257	0.184516
0.111177	0.178438
0.157306	0.310680
0.134118	0.167648
0.100604	0.197183
0.076462	0.104753
0.064051	0.074299
0.101160	0.196756
0.099555	0.164265
0.152205	0.557070
0.177084	0.536566
0.120504	0.196422
0.110412	0.160097
0.125950	0.275201
0.140938	0.226911
0.105825	0.098417
0.191072	0.443288
0.103401	0.104435
0.098210	0.189545
0.090438	0.183590
0.086282	0.157034
0.139271	0.350266
0.099867	0.312084
0.074215	0.135814
0.135426	0.284395
0.068359	0.090918
0.085223	0.115903
0.085906	0.165798
0.072157	0.107875
0.167576	0.178468
0.117836	0.196786
0.115697	0.227345
0.126986	0.273019
0.092265	0.206213
0.248672	1.054371
0.070618	0.142296
0.065984	0.140875
0.061067	0.096486
0.065140	0.169690
0.090739	0.218228
0.097875	0.172749
0.129645	0.230120
0.177059	0.293917
0.354296	1.117803
0.208828	0.243285
0.307217	0.666661
0.281403	0.333463
0.298357	0.219292
0.298378	0.681794
0.258674	0.275487
0.105600	0.112991
0.127649	0.221470
0.210740	0.738645
0.104553	0.124941
0.091809	0.110171
0.121160	0.282303
0.121808	0.277723
0.104496	0.183912
0.092010	0.098451
0.086024	0.116562
0.099567	0.136407
0.129004	0.394108
0.076685	0.107358
0.086129	0.117996
0.086559	0.128107
0.320430	1.057418
0.138058	0.341694
0.068246	0.097933
0.095331	0.115827
0.338017	1.617414
0.123671	0.297428
0.113522	0.232153
0.106597	0.188676
0.140450	0.275283
0.151845	0.295339
0.089385	0.103239
0.150384	0.457167
0.135703	0.223231
0.261141	0.450468
0.164194	0.209348
0.142792	0.411241
0.170660	0.209058
0.146881	0.364265
0.088359	0.105589
0.110029	0.134235
0.107490	0.178970
0.134408	0.179434
0.085772	0.111074
0.093751	0.120939
0.099935	0.216860
0.214727	0.767650
0.112971	0.249666
0.174832	0.483410
0.072273	0.116722
0.135012	0.598102
0.067097	0.179484
0.068127	0.134891
0.190540	0.315344
0.321489	3.060580
0.183366	0.380484
0.187307	0.270658
0.123760	0.206679
0.150641	0.253076
0.130485	0.539556
0.259409	0.715969
0.082111	0.098944
0.192148	0.435216
0.136298	0.294404
0.167890	0.304720
0.071380	0.127056
0.130594	0.124064
0.082403	0.141321
0.118776	0.244085
0.088334	0.197427
0.106523	0.142208
0.068022	0.098973
0.095868	0.152909
0.090263	0.169694
0.067072	0.122741
0.077976	0.124372
0.174840	0.469445
0.093504	0.158488
0.109824	0.118610
0.312148	1.346921
0.064566	0.085873
0.112217	0.184596
0.112669	0.209002
0.189538	0.364860
0.073357	0.112236
0.184766	0.697493
0.128891	0.268738
0.145037	0.246563
0.223809	0.561760
0.228673	0.408181
0.102489	0.099415
0.144515	0.243508
0.156749	0.141074
0.212126	0.554709
0.166089	0.426019
0.174262	0.466150
0.248587	0.698529
0.155517	0.292372
0.186922	0.357955
0.124731	0.179613
0.090872	0.107229
0.190789	0.313849
0.169535	0.431466
0.126576	0.248722
0.127543	0.265926
0.206884	0.298948
0.138417	0.331508
0.198120	0.463600
0.118398	0.161021
0.133966	0.209657
0.108765	0.200128
0.182361	0.521553
0.094603	0.103117
0.157605	0.304179
0.134293	0.141007
0.148215	0.381655
0.096266	0.107817
0.105291	0.177416
0.088599	0.133341
0.092398	0.147837
0.194500	0.381221
0.166777	0.512839
0.110720	0.122899
0.147812	0.549122
0.132795	0.257621
0.089081	0.160346
0.091375	0.104625
0.169726	0.169726
0.107143	0.237322
0.092541	0.131871
0.085430	0.262698
0.136790	0.558787
0.146319	0.250205
0.137285	0.463338
0.097924	0.175774
0.110027	0.103426
0.103055	0.106146
0.166910	0.448988
0.107939	0.213718
0.116913	0.149063
0.133856	0.355387
0.155017	0.393743
0.278047	0.588070
0.081812	0.135399
0.286767	1.577221
0.195639	1.005582
0.069292	0.100820
0.052596	0.091780
0.094414	0.124154
0.107707	0.287038
0.098459	0.218579
0.121289	0.209223
0.202110	1.289462
0.121332	0.227497
0.131529	0.389326
0.112129	0.164829
0.098888	0.232882
0.120399	0.251031
0.149108	0.345930
0.244028	0.286733
0.129126	0.140102
0.155247	0.260039
0.216794	0.223298
0.158586	0.175237
0.083131	0.098510
0.209331	0.232358
0.185723	0.337088
0.191980	0.203499
0.325474	0.590736
0.219649	0.694091
0.204510	0.170766
0.120810	0.147992
0.238914	0.623567
0.197265	0.177539
0.145490	0.466296
0.250292	0.514350
0.224319	0.388072
0.125635	0.182799
0.100454	0.146160
0.103833	0.110582
0.192678	0.325626
0.092555	0.161972
0.098512	0.132498
0.073257	0.117944
0.097840	0.127682
0.096433	0.138381
0.082896	0.116469
0.121784	0.156493
0.098256	0.124294
0.212746	0.551013
0.178126	0.553971
0.192351	0.503959
0.111108	0.144996
0.094201	0.100324
0.157645	0.214397
0.088336	0.087453
0.183904	0.342061
0.218322	0.299101
0.186072	0.301436
0.129708	0.180943
0.102033	0.093360
0.201945	0.312004
0.154259	0.796750
0.095567	0.114202
0.140006	0.288413
0.075859	0.093686
0.081618	0.115081
0.175913	0.344790
0.142752	0.281221
0.103927	0.205775
0.097547	0.176072
0.123683	0.236852
0.135562	0.335517
0.103909	0.256136
0.066222	0.260252
0.123749	0.590899
0.139090	0.387364
0.151178	0.357537
0.188211	0.208914
0.167193	0.487367
0.116189	0.272463
0.108503	0.119354
0.235259	0.744593
0.106862	0.217464
0.176356	0.298924
0.121864	0.218137
0.115376	0.172488
0.119152	0.178727
0.140891	0.235288
0.114091	0.229894
0.170715	0.489099
0.087766	0.085133
0.175256	0.312831
0.090582	0.148102
0.142957	0.282339
0.098590	0.283940
0.157250	0.156464
0.161392	0.423655
0.107676	0.120058
0.126972	0.348537
0.157486	0.340169
0.121771	0.225277
0.136168	0.253272
0.232435	0.539250
0.081707	0.093963
0.189741	0.303585
0.141446	0.235508
0.092290	0.106133
0.161288	0.346769
0.196425	0.296602
0.109138	0.115141
0.082162	0.097773
0.083218	0.114425
0.260235	0.660997
0.270603	1.267773
0.199719	0.642098
0.092342	0.118659
0.062323	0.077592
0.098398	0.265182
0.078663	0.146314
0.079073	0.140354
0.094046	0.144831
0.125325	0.159163
0.119232	0.215213
0.105269	0.182642
0.089038	0.138900
0.109015	0.218031
0.104086	0.310177
0.140895	0.230363
0.130083	0.322607
0.085338	0.132701
0.104557	0.278122
0.092225	0.257307
0.128143	0.446578
0.095246	0.341933
0.075658	0.153964
0.078839	0.171080
0.109199	0.234777
0.227525	1.179715
0.083082	0.150794
0.098164	0.153136
0.107999	0.140939
0.090669	0.163658
0.125098	0.133229
0.202061	0.277833
0.150175	0.687803
0.158549	0.409849
0.199261	0.468264
0.162499	0.276249
0.088340	0.228800
0.156214	0.357731
0.116894	0.199888
0.148865	0.281355
0.156162	0.213941
0.111129	0.123909
0.074398	0.134661
0.107472	0.230527
0.110991	0.350731
0.148261	0.748717
0.222380	1.176389
0.050725	0.130363
0.165707	0.785452
0.063457	0.132307
0.096765	0.373515
0.051037	0.101564
0.105964	0.122388
0.164920	0.480743
0.113769	0.207060
0.142168	0.408023
0.119585	0.246943
0.106115	0.314632
0.170611	0.639791
0.077408	0.128110
0.144106	0.272360
0.089822	0.132039
0.119749	0.187407
0.275971	0.531244
0.093863	0.253899
0.079866	0.159732
0.084732	0.167770
0.091984	0.171089
0.143628	0.285820
0.114639	0.174252
0.176415	0.176415
0.124902	0.278531
0.245870	0.398309
0.084778	0.100885
0.220587	0.647422
0.133929	0.204242
0.086772	0.128857
0.162700	0.323772
0.278440	0.934165
0.376392	1.827382
0.173826	0.212937
0.272628	0.419848
0.167052	0.292341
0.160102	0.220140
0.087097	0.079258
0.179252	0.199866
0.135623	0.189195
0.282400	0.913564
0.127934	0.173351
0.145704	0.186501
0.133297	0.232604
0.166386	0.186352
0.119072	0.228618
0.147018	0.441053
0.112308	0.184746
0.139902	0.323174
0.097096	0.119427
0.172127	0.475071
0.118501	0.273737
0.120692	0.220866
0.142180	0.333411
0.075729	0.087846
0.149193	0.259596
0.114580	0.121455
0.092374	0.110387
0.099070	0.154053
0.130776	0.313210
0.080125	0.113377
0.081323	0.174844
0.139869	0.336386
0.119702	0.314217
0.131753	0.380108
0.078596	0.091171
0.124828	0.134815
0.093596	0.171280
0.104629	0.166884
0.089764	0.123425
0.167223	0.229931
0.086625	0.144230
0.138469	0.122545
0.199893	0.235874
0.159406	0.241501
0.313681	1.094747
0.068533	0.087037
0.204548	0.514437
0.156421	0.377756
0.168565	0.253691
0.123235	0.423313
0.091147	0.207360
0.080085	0.150159
0.120951	0.214688
0.168689	0.271590
0.096328	0.202289
0.104035	0.293379
0.134132	0.403737
0.115457	0.214172
0.111390	0.486218
0.071010	0.138470
0.057097	0.104202
0.122143	0.307190
0.097955	0.205216
0.137588	0.456793
0.107996	0.091257
0.158656	0.291134
0.094820	0.163565
0.144471	0.395128
0.124042	0.238161
0.057541	0.125439
0.106367	0.212735
0.087828	0.278852
0.082722	0.184056
0.091776	0.113344
0.112391	0.394491
0.075918	0.214849
0.140810	0.347097
0.085336	0.089603
0.090943	0.159151
0.119969	0.310720
0.094369	0.162315
0.144883	0.273105
0.080320	0.114456
0.107708	0.284888
0.133195	0.273049
0.116827	0.285642
0.146301	0.187265
0.083841	0.112766
0.112591	0.130605
0.064142	0.118984
0.130343	0.286754
0.276874	1.020281
0.142448	0.154557
0.152791	0.130637
0.266955	0.951695
0.110427	0.171161
0.084112	0.094626
0.105423	0.127035
0.341995	0.524962
0.147217	0.198744
0.102542	0.271224
0.156086	0.343389
0.116881	0.162465
0.136467	0.368462
0.170675	0.310628
0.301776	0.703137
0.128749	0.204712
0.115954	0.127549
0.122426	0.175069
0.193304	1.028379
0.106703	0.122175
0.320879	0.680264
0.088517	0.123924
0.110479	0.190576
0.114515	0.124248
0.122397	0.156668
0.095907	0.191813
0.209498	0.536314
0.254962	0.452557
0.102282	0.359011
0.114289	0.152575
0.191839	0.259941
0.113648	0.142060
0.132817	0.222468
0.101071	0.158177
0.132543	0.381723
0.081480	0.142183
0.205774	0.541186
0.124456	0.131301
0.097907	0.180639
0.119083	0.125633
0.171751	0.478327
0.183719	0.644853
0.116382	0.165845
0.312059	0.689650
0.079610	0.227684
0.085008	0.115610
0.112553	0.189088
0.154329	0.246927
0.147457	0.278694
0.276736	0.521647
0.125285	0.153474
0.088860	0.117739
0.156343	0.350989
0.105163	0.250289
0.230991	0.538208
0.115363	0.184003
0.090486	0.117632
0.106310	0.136077
0.097310	0.344478
0.132368	0.263412
0.176646	0.569684
0.127209	0.185089
0.207936	0.477212
0.107804	0.183806
0.115888	0.293777
0.082225	0.098670
0.115056	0.137492
0.103089	0.130407
0.128181	0.128822
0.140441	0.366551
0.081460	0.210980
0.254542	0.965986
0.078373	0.085035
0.175553	0.467848
0.120583	0.230314
0.086502	0.170842
0.201204	0.261565
0.120859	0.256826
0.319932	0.871814
0.200316	0.776225
0.143114	0.300539
0.102433	0.154161
0.099233	0.101217
0.200454	0.332754
0.117580	0.132278
0.191345	0.290844
0.309109	1.479087
0.216622	0.428912
0.135503	0.095530
0.169630	0.474965
0.133231	0.119242
0.153752	0.379000
0.114437	0.284948
0.178763	0.411154
0.194915	0.289449
0.166184	0.265064
0.275897	1.012544
0.129957	0.337887
0.249141	1.223282
0.094260	0.134792
0.177944	0.493795
0.164585	0.391711
0.102270	0.131417
0.187851	1.258603
0.145886	0.280102
0.114661	0.219575
0.203220	0.273331
0.153384	0.312137
0.154546	0.330729
0.129141	0.245369
0.099827	0.147745
0.114015	0.164752
0.194100	0.188277
0.251770	0.506058
0.080817	0.098192
0.123512	0.155008
0.101060	0.185950
0.114192	0.242087
0.177726	0.317241
0.258407	0.830779
0.194711	0.435179
0.143354	0.358385
0.132095	0.142002
0.121576	0.349531
0.307693	0.976924
0.211341	0.369847
0.096364	0.261627
0.176588	0.383197
0.132154	0.220697
0.220679	0.404946
0.230218	1.237422
0.149679	0.212545
0.147192	0.141305
0.197180	0.353938
0.145655	0.162406
0.139880	0.260178
0.074486	0.138917
0.059174	0.100597
0.081844	0.183740
0.097556	0.379007
0.064360	0.093000
0.171665	0.458345
0.071387	0.089947
0.055819	0.089032
0.084580	0.174657
0.091312	0.190386
0.133879	0.208182
0.065017	0.106953
0.219402	0.681243
0.097615	0.200598
0.090872	0.125858
0.115734	0.128465
0.096450	0.316838
0.120753	0.400899
0.136802	0.192207
0.090190	0.149264
0.102981	0.194119
0.093188	0.205946
0.147789	0.271192
0.087498	0.188121
0.121972	0.330543
0.100486	0.249204
0.108791	0.145780
0.099206	0.170138
0.128173	0.261472
0.126689	0.368033
0.101229	0.293563
0.094380	0.200557
0.073773	0.075248
0.116918	0.253713
0.153311	0.485231
0.062865	0.101212
0.123710	0.163297
0.170584	0.395756
0.152533	0.412602
0.044777	0.107241
0.081326	0.152486
0.057724	0.089472
0.113002	0.264424
0.090776	0.191991
0.055714	0.105857
0.106994	0.439210
0.045360	0.177359
0.221550	0.628093
0.070592	0.150714
0.129955	0.196231
0.108022	0.147449
0.165351	0.190980
0.104034	0.149810
0.079110	0.092954
0.086614	0.088346
0.127335	0.141979
0.116316	0.129693
0.133779	0.424749
0.084622	0.105355
0.122377	0.233128
0.065879	0.084654
0.201772	0.318800
0.118828	0.228743
0.119819	0.262404
0.119757	0.206581
0.105087	0.199666
0.096530	0.361505
0.109065	0.206677
0.074190	0.141702
0.079262	0.132763
0.088017	0.111342
0.160599	0.759634
0.159370	0.341052
0.095459	0.213351
0.120692	0.228711
0.073391	0.091372
0.121433	0.319976
0.113233	0.270061
0.156637	0.357916
0.103727	0.328813
0.072316	0.169220
0.072177	0.118370
0.176108	0.311712
0.068027	0.093537
0.117726	0.223091
0.155408	0.284398
0.153367	0.309802
0.190942	0.825823
0.097141	0.108312
0.177024	0.307136
0.139864	0.346162
0.092960	0.098538
0.162483	0.428143
0.200579	0.540561
0.163997	0.289455
0.106365	0.152634
0.134602	0.177675
0.122662	0.170500
0.146769	0.239968
0.221808	0.434744
0.204274	0.618950
0.249011	0.547824
0.173345	0.194147
0.332581	1.134102
0.219191	0.643324
0.129810	0.184979
0.136907	0.248486
0.188790	0.148200
0.110054	0.183791
0.112530	0.128847
0.135381	0.138766
0.189878	0.248740
0.101774	0.135868
0.148302	0.257303
0.170508	0.152605
0.153363	0.253816
0.148744	0.252121
0.134508	0.170826
0.228551	0.233122
0.169556	1.325080
0.125807	0.087436
0.102740	0.140754
0.158156	0.291797
0.128491	0.300668
0.120096	0.142914
0.228765	0.539886
0.148998	0.332265
0.103542	0.181716
0.125831	0.184972
0.086152	0.272671
0.124121	0.297269
0.121588	0.235880
0.129453	0.198711
0.181825	0.513656
0.135287	0.270574
0.136746	0.196230
0.194110	0.349398
0.170871	0.212734
0.113810	0.096169
0.196623	0.259543
0.145008	0.264640
0.120674	0.084472
0.136845	0.339375
0.067717	0.136450
0.069032	0.156357
0.091651	0.151225
0.089476	0.141820
0.155694	0.458520
0.094555	0.187219
0.066509	0.083802
0.070024	0.143548
0.202205	0.464061
0.082937	0.183706
0.224682	0.613382
0.179369	0.378469
0.086074	0.118782
0.177853	0.258776
0.323945	1.012329
0.118006	0.162848
0.256849	0.615154
0.121060	0.211249
0.086008	0.141053
0.120172	0.218713
0.105797	0.175624
0.094172	0.221775
0.079929	0.109103
0.093893	0.153045
0.152239	0.239015
0.213079	0.239713
0.128432	0.142560
0.243078	0.295340
0.164429	0.135654
0.166317	0.294380
0.216438	0.443698
0.182433	0.547299
0.114538	0.158636
0.196364	0.203237
0.229519	0.228371
0.145877	0.361775
0.140385	0.188818
0.212227	0.342746
0.129990	0.192385
0.099122	0.225502
0.053789	0.290728
0.215173	0.995177
0.142420	0.338958
0.111107	0.276657
0.092694	0.123283
0.147201	0.170017
0.095747	0.119205
0.090421	0.127494
0.100567	0.098053
0.121058	0.211247
0.136675	0.440776
0.111100	0.154430
0.205036	0.518740
0.134595	0.364079
0.315888	2.002731
0.114137	0.297326
0.177189	0.759253
0.075786	0.101175
0.116207	0.159204
0.100665	0.182203
0.068571	0.132341
0.095377	0.122560
0.143445	0.269676
0.098724	0.138213
0.089832	0.132502
0.162953	0.364201
0.085583	0.100560
0.116050	0.135199
0.122084	0.104382
0.104803	0.168209
0.124371	0.227600
0.113621	0.153957
0.146679	0.186283
0.216039	0.477446
0.164446	0.331358
0.259829	0.740513
0.157177	0.121812
0.330640	0.672852
0.172528	0.257929
0.176269	0.259997
0.338796	1.179010
0.191448	0.171346
0.170409	0.284583
0.212920	0.250181
0.134832	0.307417
0.092841	0.182432
0.119205	0.295628
0.151220	0.288074
0.192909	0.447549
0.130476	0.538212
0.076847	0.116039
0.092456	0.226981
0.092305	0.190609
0.077689	0.121971
0.181922	0.349291
0.093420	0.223742
0.093493	0.229525
0.255592	0.495848
0.090046	0.154428
0.060182	0.151357
0.074665	0.117970
0.075152	0.196523
0.093574	0.235340
0.123396	0.326382
0.101629	0.211897
0.076168	0.141672
0.121869	0.201083
0.117697	0.120639
0.118067	0.109212
0.105768	0.136970
0.132049	0.296449
0.169902	0.273543
0.279545	0.658329
0.197701	0.319287
0.133581	0.145604
0.165424	0.291146
0.146204	0.152053
0.101406	0.100899
0.265143	0.662856
0.160417	0.195709
0.166321	0.320169
0.216893	0.148572
0.194365	0.516039
0.078362	0.133215
0.154635	0.392772
0.131141	0.223595
0.230403	0.573704
0.066935	0.101072
0.189287	0.327467
0.093356	0.215653
0.244705	1.699473
0.156515	0.263727
0.182896	0.352989
0.101015	0.247993
0.218304	0.925607
0.079818	0.134493
0.091743	0.130734
0.128522	0.310380
0.293166	1.596288
0.197398	0.677075
0.103593	0.131563
0.149383	0.510888
0.252938	0.934606
0.067916	0.112401
0.170870	0.492105
0.089845	0.080411
0.130706	0.240498
0.161434	0.313989
0.121479	0.155493
0.119937	0.234477
0.125638	0.168983
0.102053	0.180124
0.283773	0.668286
0.090654	0.125102
0.114997	0.121897
0.148190	0.263778
0.192986	0.353164
0.134383	0.157228
0.104305	0.184099
0.210362	0.256642
0.125495	0.197027
0.118744	0.148430
0.217865	0.745098
0.130007	0.273015
0.202510	1.015590
0.142227	0.264541
0.144306	0.267688
0.133420	0.186121
0.114130	0.123831
0.079120	0.089010
0.123464	0.306191
0.198788	0.241528
0.107000	0.093625
0.191986	0.312938
0.179079	0.236384
0.194675	0.337761
0.178228	0.161297
0.182965	0.481199
0.119450	0.141549
0.172869	0.261032
0.224824	0.506977
0.128275	0.207806
0.100459	0.114020
0.088099	0.122017
0.149831	0.248720
0.150255	0.184063
0.264859	0.825036
0.153133	0.117913
0.230390	0.398574
0.151377	0.508626
0.127580	0.331070
0.110608	0.180291
0.309260	0.740677
0.307979	0.694493
0.085612	0.102735
0.214847	0.403912
0.112893	0.173290
0.138191	0.350313
0.182159	0.267774
0.134308	0.176615
0.181247	0.088811
0.171099	0.326799
0.320349	0.909790
0.106480	0.202844
0.115275	0.088762
0.134016	0.592350
0.124305	0.128034
0.134037	0.293542
0.207679	0.343708
0.189389	0.246206
0.175178	0.335465
0.207189	0.721018
0.101023	0.145474
0.178431	0.221255
0.224795	0.708105
0.256528	0.583601
0.071021	0.100140
0.100801	0.153722
0.109935	0.131372
0.228055	0.556453
0.192415	0.308825
0.092375	0.173203
0.287486	0.957329
0.301382	1.553625
0.314695	0.851250
0.143692	0.276606
0.223066	0.311177
0.124613	0.128975
0.130151	0.117136
0.093803	0.151492
0.119160	0.233554
0.144464	0.305541
0.109794	0.155907
0.158050	0.259202
0.088535	0.103143
0.125459	0.217044
0.299886	0.554789
0.238441	0.575836
0.114618	0.146138
0.131122	0.222907
0.110726	0.202628
0.204761	0.323522
0.111301	0.114640
0.226492	0.306896
0.218376	0.442210
0.168250	0.267518
0.154856	0.215249
0.365728	0.963694
0.214994	0.321416
0.172391	0.229280
0.128964	0.177326
0.180341	0.379618
0.187472	0.153727
0.173138	0.130719
0.146142	0.189984
0.255956	0.618134
0.196185	0.196185
0.243034	1.138613
0.116348	0.208263
0.227426	0.601543
0.150527	0.272454
0.293045	0.852761
0.150105	0.304714
0.177205	0.364156
0.147659	0.256188
0.141329	0.191501
0.099021	0.142096
0.114531	0.103078
0.081904	0.103609
0.126822	0.339884
0.139298	0.239592
0.062737	0.080617
0.133969	0.147365
0.081617	0.130180
0.105072	0.222226
0.097872	0.123319
0.220467	0.340622
0.163859	0.126172
0.159285	0.473872
0.124612	0.192525
0.134417	0.243295
0.156757	0.350351
0.200775	0.335295
0.146231	0.255904
0.114195	0.159302
0.181957	0.239273
0.117752	0.160732
0.124959	0.099967
0.105760	0.085137
0.172209	0.390914
0.115733	0.160291
0.153918	0.223950
0.109134	0.144602
0.326727	0.789045
0.125317	0.169805
0.219531	0.596026
0.168022	0.370489
0.176222	0.296053
0.159760	0.491261
0.188206	0.184442
0.136073	0.168730
0.119321	0.332905
0.231048	0.650400
0.196381	0.614671
0.159702	0.167687
0.149866	0.188082
0.148307	0.163138
0.246655	0.765864
0.144371	0.322669
0.109472	0.149429
0.181179	0.331558
0.105409	0.115422
0.114220	0.109652
0.129187	0.132416
0.206879	0.208948
0.178883	0.170833
0.294529	0.603785
0.138520	0.231328
0.145277	0.274573
0.226288	0.450314
0.101606	0.127516
0.118640	0.283549
0.112662	0.280528
0.137364	0.214288
0.146696	0.119557
0.175794	0.261932
0.130553	0.184079
0.173824	0.243354
0.114661	0.125554
0.313768	1.686503
0.109300	0.178159
0.089626	0.157742
0.126036	0.168258
0.106368	0.205823
0.102187	0.218681
0.084207	0.099785
0.106406	0.429882
0.092143	0.334939
0.058615	0.075906
0.078682	0.168379
0.163812	0.332538
0.146421	0.333108
0.072295	0.079886
0.113719	0.135895
0.112613	0.177365
0.141724	0.369192
0.260367	0.381438
0.107582	0.168365
0.144240	0.310116
0.191759	0.243534
0.095482	0.830215
0.103188	0.124342
0.078657	0.119165
0.171723	0.555525
0.115700	0.331481
0.062509	0.106890
0.120933	0.199540
0.064258	0.128517
0.105543	0.279688
0.089715	0.183915
0.059351	0.091994
0.071212	0.123197
0.125882	0.305263
0.103059	0.159741
0.071184	0.101081
0.108759	0.241990
0.137873	0.315729
0.100274	0.160438
0.183658	0.351704
0.134925	0.186870
0.224254	0.302743
0.130540	0.163828
0.092181	0.140114
0.181605	0.605652
0.086148	0.216662
0.079599	0.120990
0.222644	0.735840
0.068043	0.123497
0.079638	0.093575
0.098038	0.272054
0.102203	0.225868
0.177332	0.447763
0.212338	0.376899
0.217720	0.470275
0.191160	0.623183
0.170845	0.281893
0.188443	0.121546
0.157276	0.196596
0.148233	0.171210
0.101755	0.115492
0.224869	0.312568
0.140367	0.251959
0.132877	0.114939
0.091744	0.132570
0.171557	0.425461
0.089401	0.113539
0.136967	0.406792
0.093246	0.159916
0.114348	0.255568
0.128221	0.267340
0.193301	0.516114
0.093791	0.233539
0.123549	0.281691
0.085968	0.128952
0.088741	0.144648
0.067789	0.112529
0.127365	0.161116
0.208421	0.439769
0.156726	0.409055
0.084248	0.087618
0.097856	0.156570
0.155504	0.314119
0.181713	0.287106
0.115619	0.195396
0.126658	0.312844
0.180477	0.396148
0.127812	0.392384
0.098698	0.193448
0.154678	0.211135
0.217119	0.551481
0.102562	0.122562
0.174683	0.462037
0.172527	0.577102
0.133144	0.183073
0.106635	0.121564
0.088186	0.118169
0.131935	0.205819
0.285787	0.818781
0.146097	0.393730
0.149322	0.158281
0.089842	0.157224
0.128123	0.261371
0.168062	0.315117
0.178731	0.268097
0.156923	0.232246
0.064475	0.085107
0.091414	0.170944
0.145055	0.433715
0.130623	0.328518
0.125747	0.306823
0.094356	0.193902
0.102213	0.105791
0.112728	0.096382
0.133921	0.235031
0.205473	0.280471
0.169932	0.243003
0.215040	0.351590
0.276886	0.938645
0.140119	0.248711
0.137629	0.146575
0.155531	0.295510
0.162575	0.291010
0.108431	0.139876
0.355822	1.569174
0.177362	0.607464
0.141441	0.357846
0.115802	0.178335
0.111921	0.156689
0.198160	0.627177
0.389506	1.184099
0.124571	0.148240
0.101690	0.112876
0.165289	0.369421
0.124924	0.315433
0.083227	0.136492
0.117341	0.269298
0.092777	0.115972
0.267736	0.585003
0.112961	0.116350
0.118140	0.180164
0.275730	0.439789
0.302054	1.477043
0.206461	0.626609
0.174649	0.412171
0.089454	0.141337
0.072692	0.149745
0.140529	0.593031
0.082817	0.217394
0.095472	0.189989
0.369794	0.928182
0.143558	0.208877
0.142437	0.237158
0.109257	0.117997
0.101809	0.172057
0.107012	0.239172
0.067281	0.147681
0.177604	0.540803
0.087927	0.245757
0.105779	0.154437
0.178732	0.497770
0.128963	0.208275
0.109327	0.190776
0.088228	0.149547
0.137122	0.352402
0.125709	0.172850
0.078701	0.188490
0.080809	0.140608
0.142950	0.340935
0.067924	0.114452
0.093188	0.316375
0.090909	0.212728
0.097284	0.235915
0.092881	0.167186
0.096321	0.150743
0.123289	0.296510
0.221577	0.689105
0.094773	0.225086
0.063358	0.115312
0.074121	0.114146
0.081918	0.172028
0.088145	0.216837
0.169395	0.405701
0.089090	0.200006
0.188347	0.487818
0.092326	0.195269
0.147446	0.285308
0.065246	0.098848
0.145612	0.246084
0.139705	0.139007
0.328248	0.663061
0.208633	0.538273
0.243168	0.206693
0.244695	0.259377
0.236815	0.285363
0.205911	0.615674
0.237161	0.468393
0.194842	0.239655
0.089504	0.217495
0.229660	0.157317
0.205481	0.276371
0.215906	0.448006
0.154627	0.164678
0.284898	0.584041
0.198894	0.410716
0.151585	0.296350
0.334904	1.615911
0.106715	0.196355
0.085640	0.174276
0.103727	0.235460
0.078170	0.087160
0.076591	0.115652
0.075095	0.197500
0.071750	0.119463
0.134112	0.293705
0.088163	0.135331
0.098816	0.214431
0.103715	0.150387
0.064443	0.126631
0.074377	0.144291
0.322641	1.201838
0.085428	0.265255
0.129550	0.379582
0.123768	0.480840
0.064222	0.148031
0.076104	0.150685
0.070742	0.158817
0.107592	0.169457
0.085438	0.190100
0.111808	0.320331
0.126487	0.177714
0.093423	0.111641
0.119183	0.235983
0.114562	0.221104
0.175892	0.642006
0.075347	0.117164
0.142511	0.385493
0.145950	0.306494
0.121142	0.227142
0.148079	0.458305
0.084386	0.157801
0.120575	0.138661
0.163509	0.389152
0.084721	0.142331
0.056257	0.210401
0.083363	0.191318
0.327954	1.697163
0.332749	1.024867
0.099730	0.273259
0.146976	0.350538
0.124410	0.271214
0.162926	0.308745
0.068536	0.135359
0.070232	0.129577
0.064393	0.125566
0.069794	0.138191
0.094862	0.251385
0.066105	0.185424
0.146699	0.378483
0.107586	0.140400
0.106204	0.237365
0.128911	0.143736
0.163304	0.227810
0.114466	0.198025
0.168590	0.239398
0.087089	0.174179
0.121897	0.246842
0.102977	0.165278
0.134662	0.325209
0.100181	0.137248
0.385634	1.234030
0.097216	0.248386
0.111448	0.133181
0.092438	0.146514
0.076608	0.137895
0.092882	0.179727
0.149202	0.351370
0.149156	0.222988
0.129665	0.363063
0.120753	0.093584
0.127965	0.096613
0.175298	0.236652
0.127424	0.252299
0.124375	0.220143
0.208253	0.989201
0.097681	0.119660
0.092234	0.153570
0.100038	0.116544
0.133290	0.195269
0.158869	0.171579
0.105600	0.130944
0.143653	0.140780
0.251077	0.561157
0.180301	0.358798
0.126807	0.225717
0.099369	0.110797
0.087494	0.085306
0.180942	0.412547
0.129944	0.084463
0.143588	0.276408
0.143458	0.205145
0.125343	0.198669
0.128749	0.129392
0.089135	0.183618
0.135893	0.151521
0.192729	0.152256
0.164014	0.373953
0.112072	0.122159
0.167395	0.585884
0.173275	0.297167
0.138341	0.176385
0.183202	0.323352
0.259062	0.492218
0.358319	1.123331
0.153323	0.282113
0.123986	0.102908
0.130977	0.138180
0.221224	0.526514
0.136525	0.247793
0.131758	0.162062
0.154447	0.219315
0.227246	0.411315
0.107995	0.137693
0.117357	0.194813
0.124361	0.096380
0.169221	0.356210
0.134106	0.148187
0.131959	0.193320
0.202113	0.613414
0.178055	0.365012
0.131791	0.134427
0.120843	0.128698
0.242586	0.435442
0.138958	0.431464
0.129179	0.245440
0.154656	0.436131
0.119643	0.447465
0.088067	0.145751
0.063710	0.083779
0.109865	0.153262
0.115787	0.259942
0.145763	0.535681
0.135818	0.278427
0.201434	0.600274
0.073269	0.156064
0.093301	0.147416
0.196890	0.544402
0.095017	0.266521
0.264005	0.902896
0.114003	0.231427
0.240250	0.432449
0.111293	0.348905
0.122308	0.398724
0.185984	0.522615
0.152183	0.480137
0.224389	0.351168
0.160873	0.182591
0.155813	0.183860
0.230225	0.202598
0.203516	0.648198
0.130191	0.208305
0.128385	0.139939
0.130311	0.112719
0.133146	0.174421
0.203655	0.692428
0.113977	0.185213
0.158280	0.443974
0.152995	0.131576
0.115818	0.178938
0.088706	0.190719
0.073324	0.101187
0.095070	0.169700
0.177903	0.760536
0.111413	0.275190
0.086737	0.117529
