Velocity(m/s)	Chord(mm)
0.235160	0.213995
0.344456	0.513239
0.213687	0.213687
0.121630	0.118590
0.256626	0.499138
0.229537	0.724189
0.170948	0.949615
0.176670	0.247339
0.308849	0.931181
0.170374	0.186560
0.208277	0.124966
0.128920	0.132788
0.249824	0.241080
0.098275	0.166576
0.109657	0.320200
0.133241	0.465676
0.199036	0.444845
0.134849	0.278464
0.237591	0.497753
0.073884	0.147769
0.103129	0.248025
0.232270	0.183493
0.086406	0.148618
0.091353	0.106883
0.096953	0.212811
0.119229	0.218190
0.087954	0.091032
0.085594	0.165197
0.074351	0.126026
0.115988	0.415816
0.108669	0.147790
0.145570	0.411237
0.112097	0.170948
0.164404	0.424162
0.151459	0.247635
0.130855	0.234885
0.085590	0.169469
0.086424	0.114512
0.131661	0.362726
0.069865	0.136586
0.098510	0.268931
0.146489	0.342784
0.085603	0.247391
0.091641	0.139752
0.082235	0.189964
0.116777	0.298364
0.086148	0.160235
0.200979	1.025997
0.105233	0.167320
0.073775	0.157509
0.095352	0.136830
0.121002	0.196024
0.079201	0.108506
0.097398	0.153888
0.191399	0.697648
0.112726	0.090181
0.125967	0.296023
0.112014	0.175862
0.190989	0.380068
0.190681	0.566323
0.193632	0.393073
0.079245	0.133924
0.125021	0.318803
0.082314	0.119767
0.088405	0.210846
0.149638	0.543934
0.092694	0.227564
0.137918	0.226185
0.109736	0.406573
0.126718	0.466321
0.103162	0.099552
0.203407	0.727180
0.142433	0.138872
0.156291	1.009640
0.067443	0.170632
0.076637	0.143312
0.052606	0.114156
0.125098	0.228303
0.126032	0.157540
0.066051	0.133422
0.185456	0.343094
0.098529	0.152228
0.156424	0.463797
0.120567	0.124787
0.213038	0.814869
0.182248	0.338981
0.098410	0.162869
0.173380	0.643240
0.082415	0.113733
0.103145	0.172768
0.126435	0.183962
0.111063	0.212685
0.144074	0.399086
0.097637	0.196249
0.142031	0.105103
0.071664	0.148702
0.095107	0.219696
0.093693	0.182234
0.123492	0.293294
0.108278	0.201397
0.083430	0.138493
0.103042	0.281819
0.080094	0.149376
0.068033	0.131984
0.061723	0.130853
0.070372	0.179097
0.127033	0.329652
0.133685	0.714547
0.092126	0.223405
0.065513	0.098598
0.075289	0.147943
0.115846	0.322631
0.086950	0.136076
0.060468	0.119424
0.180774	0.470916
0.140044	0.278688
0.103882	0.388517
0.042917	0.129393
0.059962	0.175390
0.056876	0.144180
0.080228	0.140398
0.098509	0.312767
0.172273	0.765753
0.146805	0.840457
0.118232	0.468200
0.089926	0.137587
0.133890	0.212215
0.072106	0.200455
0.074348	0.199996
0.082145	0.184416
0.127454	0.233879
0.069761	0.122430
0.085501	0.244959
0.062851	0.147072
0.126077	0.362472
0.098986	0.117794
0.103651	0.152368
0.140500	0.378649
0.115339	0.113032
0.141711	0.179265
0.086368	0.104938
0.098761	0.124439
0.154788	0.618380
0.075393	0.107059
0.069970	0.132242
0.084964	0.235775
0.120757	0.253589
0.110631	0.144373
0.081484	0.142189
0.159546	0.445930
0.088167	0.188237
0.071351	0.188725
0.106228	0.123225
0.173668	0.189298
0.127416	0.181568
0.081902	0.117939
0.176356	0.921461
0.132531	0.178255
0.173882	0.243434
0.280925	1.077349
0.171681	0.385425
0.182159	0.235896
0.173533	0.271579
0.121567	0.135547
0.251601	0.706998
0.263883	1.146571
0.159193	0.386839
0.367704	1.566417
0.116524	0.230134
0.196366	0.379967
0.207352	0.645902
0.193504	0.459573
0.206564	0.434817
0.128020	0.145943
0.105582	0.169459
0.151321	0.224712
0.130617	0.190700
0.146670	0.219272
0.203741	0.286256
0.231921	0.488194
0.107012	0.123063
0.138376	0.229704
0.209782	0.494037
0.125813	0.308243
0.110294	0.115809
0.184360	0.968810
0.185243	0.482558
0.151582	0.241774
0.140446	0.232438
0.114011	0.263364
0.052012	0.121187
0.101226	0.152851
0.285069	1.262857
0.076046	0.113309
0.108689	0.194552
0.206593	1.014372
0.241325	0.660025
0.124889	0.191080
0.109399	0.184885
0.135826	0.150767
0.147178	0.341454
0.152183	0.453505
0.222269	1.214700
0.121820	0.200394
0.154273	0.207497
0.195002	0.282753
0.018092	0.062418
0.112346	0.268507
0.192442	0.526328
0.106073	0.222222
0.203723	0.444117
0.117770	0.194909
0.119908	0.357925
0.040604	0.146175
0.080405	0.138699
0.076980	0.155884
0.094307	0.166452
0.124845	0.401378
0.077842	0.117931
0.080010	0.127215
0.091001	0.145147
0.103402	0.166994
0.158834	0.669487
0.157442	0.455007
0.123147	0.122531
0.187962	0.543211
0.155271	0.452616
0.161118	0.366543
0.230961	1.246033
0.072782	0.156117
0.094413	0.225176
0.094968	0.184237
0.143841	0.133772
0.239295	0.762156
0.083953	0.156573
0.092742	0.200323
0.081254	0.105224
0.072350	0.129868
0.166755	0.365194
0.106330	0.202558
0.111316	0.200369
0.080376	0.209380
0.235740	0.841592
0.071458	0.110045
0.174232	0.669050
0.198742	1.183511
0.075802	0.113703
0.055391	0.108012
0.091025	0.095576
0.078998	0.126001
0.053313	0.125019
0.110190	0.179058
0.129128	0.321528
0.080950	0.107664
0.072912	0.197592
0.145916	0.410023
0.084620	0.115930
0.176375	0.348340
0.106615	0.284663
0.121891	0.153583
0.227476	0.472012
0.101555	0.224944
0.084016	0.162992
0.096452	0.105615
0.145535	0.395855
0.076825	0.131755
0.070499	0.142759
0.187070	0.488252
0.149505	0.140534
0.202521	0.654143
0.221948	0.514919
0.105502	0.141373
0.141729	0.204089
0.183179	0.256451
0.072193	0.184813
0.099617	0.198239
0.145794	0.454876
0.194280	1.243395
0.105085	0.282153
0.126423	0.309104
0.094591	0.271950
0.146311	0.285307
0.191648	0.561530
0.094009	0.267457
0.140685	0.593692
0.143333	0.247966
0.116259	0.219729
0.142807	0.343451
0.152335	0.143195
0.079607	0.119410
0.148198	0.556485
0.114525	0.102500
0.142874	0.405047
0.121196	0.282386
0.093317	0.127845
0.115567	0.180285
0.124350	0.219478
0.166205	1.003045
0.145398	0.245723
0.109221	0.092292
0.138723	0.110978
0.176794	0.190054
0.144186	0.152837
0.288608	1.096710
0.172927	0.243826
0.233782	0.549389
0.215179	0.315238
0.196926	0.268803
0.153374	0.263037
0.187399	0.334507
0.111858	0.150450
0.094510	0.103961
0.178270	0.274535
0.126713	0.119110
0.143195	0.171118
0.097286	0.123553
0.109358	0.192469
0.101418	0.207906
0.209362	0.251234
0.122071	0.192871
0.074621	0.102604
0.082211	0.111806
0.123069	0.305211
0.083664	0.104162
0.128828	0.179071
0.068164	0.098156
0.131596	0.250033
0.119559	0.144069
0.151170	0.225999
0.111429	0.237343
0.089402	0.105494
0.190873	0.306351
0.175619	0.502271
0.081689	0.222193
0.083071	0.187325
0.123665	0.534235
0.149263	0.474657
0.101703	0.117467
0.149387	0.311473
0.105211	0.174650
0.059910	0.091663
0.264444	1.751942
0.121291	0.437862
0.068752	0.092128
0.204231	0.861854
0.111951	0.134901
0.121942	0.248151
0.087660	0.166115
0.126097	0.266064
0.173154	0.316006
0.140466	0.290063
0.113572	0.230552
0.193406	0.828744
0.116391	0.150144
0.202260	0.458118
0.151252	0.115708
0.117404	0.195478
0.176779	0.231581
0.171103	0.307130
0.127519	0.220609
0.155134	0.278466
0.158368	0.398296
0.175915	0.148648
0.151176	0.192749
0.178492	0.415886
0.159215	0.365398
0.226618	1.016381
0.159423	0.261453
0.113811	0.146816
0.195713	1.152749
0.131545	0.153908
0.112162	0.085804
0.150340	0.167629
0.176107	0.489578
0.176100	0.281761
0.125101	0.092575
0.248149	0.292815
0.113623	0.088626
0.125380	0.099677
0.149838	0.213519
0.177992	0.283007
0.111477	0.250267
0.207882	0.440709
0.141442	0.128712
0.147640	0.115159
0.112473	0.232258
0.148290	0.274337
0.123768	0.255580
0.132810	0.379174
0.064455	0.087659
0.197543	0.349650
0.134423	0.155931
0.153818	0.332246
0.080897	0.110829
0.102529	0.177887
0.157845	0.278596
0.129919	0.153304
0.141091	0.141091
0.119745	0.107771
0.136403	0.171868
0.169148	0.363668
0.194009	0.178488
0.112485	0.134982
0.112449	0.087711
0.190181	0.593365
0.278220	0.873610
0.204337	0.922581
0.160547	0.176602
0.079974	0.147953
0.090266	0.181435
0.168420	0.325892
0.234777	0.974326
0.086307	0.184696
0.118594	0.192715
0.072564	0.150570
0.126208	0.350859
0.135313	0.227326
0.067184	0.158555
0.100394	0.188239
0.241096	0.658193
0.146569	0.216190
0.097404	0.098378
0.143720	0.225640
0.180381	0.550161
0.357431	0.566528
0.129198	0.165374
0.078137	0.110955
0.144153	0.197490
0.100326	0.102834
0.133836	0.209453
0.188251	0.408504
0.182016	0.357662
0.145549	0.213230
0.194615	0.304572
0.116956	0.235667
0.150753	0.314320
0.241384	0.370524
0.132807	0.308113
0.272675	0.553531
0.197506	0.369336
0.176580	0.294006
0.178978	0.375853
0.111118	0.220014
0.306258	1.845207
0.202574	0.303861
0.149891	0.245821
0.111617	0.241093
0.215651	0.594120
0.090781	0.144796
0.134895	0.250904
0.396265	1.670256
0.134915	0.211142
0.149522	0.293811
0.156222	0.324160
0.185079	0.517295
0.188124	0.319811
0.132632	0.309033
0.179778	0.521356
0.129048	0.274872
0.111719	0.113953
0.151139	0.220663
0.103891	0.140253
0.130404	0.157137
0.179919	0.366135
0.252234	0.525908
0.211777	0.347315
0.143282	0.101013
0.146946	0.220419
0.149467	0.144983
0.114268	0.214252
0.094996	0.155319
0.138975	0.277949
0.144161	0.254444
0.131691	0.233093
0.088031	0.182664
0.136894	0.316225
0.163226	0.250552
0.104520	0.171935
0.064852	0.109600
0.095141	0.218824
0.274111	0.605785
0.106108	0.144837
0.137124	0.367492
0.117320	0.160142
0.129947	0.177377
0.116128	0.143418
0.130218	0.214208
0.127550	0.270407
0.186620	0.146496
0.094600	0.092708
0.113880	0.184486
0.256486	0.948999
0.100451	0.203915
0.247879	0.685386
0.191353	0.170304
0.139693	0.383458
0.095273	0.122902
0.138154	0.203778
0.132453	0.313252
0.123611	0.243514
0.103339	0.186010
0.337362	1.074497
0.103793	0.222117
0.164036	0.282143
0.216780	1.848049
0.108497	0.151896
0.112787	0.158465
0.146203	0.301908
0.088382	0.131247
0.096857	0.120102
0.093614	0.131996
0.082826	0.139976
0.089273	0.111591
0.114008	0.277609
0.139570	0.345435
0.128045	0.201030
0.112478	0.146784
0.087259	0.147468
0.126536	0.327728
0.118580	0.267397
0.105729	0.263265
0.129841	0.636221
0.106961	0.193065
0.160947	0.432142
0.075202	0.162436
0.082159	0.195126
0.079351	0.103157
0.090316	0.150827
0.098960	0.125679
0.256310	1.614753
0.120990	0.196003
0.068068	0.119460
0.070867	0.121892
0.097742	0.234093
0.135312	0.155609
0.114566	0.260638
0.198959	0.836622
0.131686	0.262055
0.152320	0.376230
0.083925	0.122951
0.084296	0.098626
0.087550	0.154088
0.130704	0.210434
0.184655	0.294524
0.076229	0.126159
0.201185	0.325919
0.206459	0.349948
0.247422	0.426803
0.186716	0.318350
0.246657	2.376544
0.114289	0.157718
0.101830	0.193478
0.163012	0.230662
0.211297	0.305324
0.167377	0.233491
0.162662	0.162662
0.170718	0.346557
0.229865	0.425249
0.103233	0.184270
0.068873	0.128448
0.197489	0.729721
0.089415	0.217726
0.101222	0.191816
0.079256	0.156134
0.091619	0.148881
0.120667	0.450087
0.095955	0.225014
0.087498	0.161434
0.105215	0.250412
0.201699	0.736201
0.100477	0.122079
0.112023	0.232447
0.124074	0.145787
0.155898	0.235406
0.108630	0.399215
0.243942	0.614734
0.141529	0.403358
0.063821	0.099242
0.191339	0.338669
0.046747	0.098637
0.132951	0.491920
0.096991	0.129483
0.175922	0.584939
0.093109	0.129422
0.083436	0.148933
0.057975	0.167837
0.112192	0.233921
0.111642	0.256777
0.187578	0.650895
0.122442	0.109586
0.304555	1.021782
0.152408	0.676691
0.177491	0.626543
0.124706	0.224471
0.149583	0.358251
0.080002	0.126803
0.099978	0.311432
0.123114	0.808860
0.144915	0.835434
0.096499	0.278881
0.082618	0.149125
0.134576	0.442083
0.112310	0.231920
0.081174	0.216734
0.117885	0.519283
0.048138	0.350202
0.061136	0.106071
0.103722	0.400887
0.116082	0.445756
0.048387	0.174677
0.080745	0.269689
0.067289	0.163176
0.090506	0.201828
0.095537	0.228810
0.073857	0.218618
0.078934	0.179969
0.126192	0.286456
0.046984	0.175485
0.088600	0.244979
0.066107	0.108415
0.126505	0.206836
0.171566	0.602196
0.152192	0.525062
0.056991	0.091470
0.057650	0.103770
0.064954	0.158489
0.096413	0.128229
0.059246	0.086203
0.117514	0.354893
0.072454	0.128607
0.055979	0.127632
0.065866	0.107033
0.065755	0.110469
0.087871	0.142352
0.141999	0.465045
0.103847	0.199386
0.226893	0.367566
0.078038	0.101450
0.106104	0.141119
0.102588	0.184658
0.086638	0.189737
0.072411	0.145909
0.053110	0.086569
0.178577	0.284830
0.073032	0.103340
0.048268	0.105706
0.114201	0.411123
0.162075	0.731767
0.062062	0.104886
0.153098	1.158951
0.059329	0.093739
0.083495	0.215000
0.070713	0.113140
0.093131	0.185331
0.067760	0.198876
0.061335	0.249633
0.066066	0.138409
0.085080	0.125918
0.134947	0.193649
0.172582	0.630787
0.119484	0.169667
0.076772	0.143180
0.064097	0.128834
0.097069	0.215978
0.077935	0.101706
0.070602	0.222748
0.072440	0.164076
0.271472	0.924362
0.073509	0.227143
0.152236	0.591437
0.088686	0.113962
0.084489	0.219671
0.195799	0.796901
0.083819	0.157998
0.187482	0.750867
0.081860	0.148577
0.099915	0.214817
0.098664	0.125304
0.099906	0.162347
0.122387	0.342685
0.087727	0.112729
0.092593	0.124074
0.093947	0.139041
0.136146	0.342408
0.146158	0.385858
0.114830	0.121720
0.392570	1.428956
0.139662	0.122903
0.397173	1.374217
0.124224	0.129193
0.105214	0.163081
0.112243	0.109998
0.169638	0.182361
0.156849	0.301934
0.107663	0.215325
0.081264	0.145868
0.108541	0.207855
0.119199	0.160323
0.187933	1.025177
0.106796	0.125485
0.098796	0.484101
0.215357	0.834509
0.091732	0.166951
0.330193	1.477612
0.153381	0.513827
0.083760	0.126896
0.068166	0.139739
0.125969	0.382944
0.071326	0.109843
0.108479	0.198516
0.241907	0.627749
0.156402	0.214270
0.152330	0.280287
0.160656	0.187164
0.101712	0.217665
0.126871	0.185866
0.122277	0.223156
0.112003	0.281688
0.082263	0.250492
0.102026	0.159161
0.166648	0.886565
0.165066	0.527385
0.084006	0.300320
0.069416	0.124601
0.064465	0.142145
0.170440	0.387752
0.209111	0.476772
0.093590	0.176884
0.139257	0.358586
0.094673	0.152424
0.063075	0.114165
0.105005	0.162233
0.223899	1.877396
0.094797	0.323732
0.139885	0.575629
0.097092	0.140298
0.087381	0.146364
0.128058	0.357282
0.191345	0.600823
0.227008	2.384720
0.066954	0.210571
0.067801	0.108481
0.103738	0.178429
0.070409	0.098220
0.055480	0.114288
0.089970	0.159246
0.118569	0.331401
0.112242	0.273310
0.106961	0.293072
0.125487	0.357637
0.140749	0.394098
0.058498	0.112608
0.218693	1.191874
0.098268	0.209311
0.137193	0.274386
0.099980	0.313938
0.102808	0.341836
0.089189	0.139134
0.110266	0.141141
0.174898	0.675105
0.151508	0.296956
0.208573	0.127230
0.112058	0.219634
0.184387	0.632449
0.105426	0.243535
0.139897	0.274199
0.071645	0.130036
0.130137	0.268732
0.125094	0.299599
0.122353	0.239811
0.074869	0.117918
0.140147	0.573199
0.057903	0.121307
0.141569	0.283137
0.071909	0.134469
0.104811	0.178703
0.112177	0.422346
0.131013	0.324913
0.065787	0.109536
0.068786	0.103522
0.076759	0.144307
0.088484	0.264125
0.124802	0.549127
0.144454	0.383525
0.075827	0.188808
0.113810	0.203151
0.103972	0.295279
0.074455	0.174598
0.071010	0.208770
0.145486	0.598673
0.061190	0.100964
0.170638	0.277287
0.099496	0.257197
0.134417	0.373680
0.110910	0.120337
0.132900	0.413982
0.130566	0.339471
0.087574	0.176899
0.062815	0.172741
0.099150	0.374293
0.077817	0.236953
0.070990	0.214744
0.172033	0.939299
0.069546	0.208290
0.076571	0.126724
0.206805	0.744498
0.058063	0.130352
0.061627	0.125103
0.085207	0.279052
0.210990	0.459957
0.141709	1.140756
0.061941	0.120785
0.068432	0.184766
0.077246	0.095785
0.052126	0.094869
0.071522	0.100846
0.096649	0.191365
0.176427	0.597206
0.103686	0.334907
0.103748	0.161847
0.178145	1.716427
0.107251	0.521237
0.105020	0.178533
0.076062	0.165054
0.097634	0.257267
0.110064	0.293870
0.093693	0.275458
0.056293	0.104987
0.365558	0.427702
0.138980	0.144539
0.115752	0.434648
0.159860	0.354090
0.259742	1.016891
0.148227	0.302382
0.070991	0.093353
0.074405	0.111608
0.302614	1.850485
0.121739	0.229478
0.133249	0.140578
0.097702	0.165605
0.074889	0.099228
0.068760	0.085950
0.104198	0.220380
0.157928	0.352970
0.149383	0.453379
0.250040	0.720116
0.101830	0.120668
0.219766	0.402171
0.150849	0.195350
0.203136	0.505810
0.136305	0.200369
0.097030	0.094119
0.174703	0.228861
0.224983	0.557957
0.173288	0.111771
0.156743	0.399695
0.256500	0.513000
0.101392	0.169324
0.197437	0.474835
0.184725	0.395312
0.156950	0.353922
0.222540	0.514067
0.138883	0.253462
0.204472	0.543895
0.136190	0.143000
0.196602	0.399102
0.242636	0.435532
0.197504	0.226142
0.132820	0.189268
0.229885	0.212644
0.154864	0.127763
0.228113	0.295406
0.184746	0.326076
0.135659	0.143799
0.183515	0.215630
0.169216	0.201367
0.147511	0.169638
0.201377	0.450077
0.104022	0.095701
0.170248	0.315810
0.116121	0.167795
0.182320	0.281684
0.160614	0.389488
0.135962	0.121686
0.134824	0.200888
0.149267	0.647820
0.087793	0.090866
0.157778	0.352634
0.087966	0.100281
0.117485	0.344819
0.309401	1.143237
0.097751	0.188659
0.083963	0.143156
0.059333	0.132016
0.249106	0.799631
0.141312	0.273438
0.110857	0.170166
0.107259	0.193602
0.134934	0.458101
0.251714	1.486369
0.181690	0.322500
0.131036	0.334141
0.069706	0.141851
0.127951	0.259101
0.271150	0.902931
0.100343	0.336148
0.113460	0.270601
0.182396	0.230731
0.065236	0.177769
0.085206	0.198530
0.155557	0.472895
0.056676	0.132622
0.066534	0.146041
0.120500	0.261485
0.123901	0.282495
0.087985	0.157053
0.172527	1.400916
0.125227	0.261099
0.146184	0.357420
0.329469	1.522145
0.122629	0.383828
0.180667	0.346881
0.101750	0.267603
0.112444	0.163044
0.129547	0.277231
0.087510	0.104137
0.278481	0.957973
0.080177	0.147926
0.083751	0.147820
0.111567	0.261624
0.115089	0.264129
0.136413	0.312385
0.096451	0.159145
0.126901	0.232864
0.087953	0.255944
0.118189	0.248789
0.088747	0.129127
0.063622	0.107840
0.105271	0.215805
0.059657	0.099329
0.143847	0.286255
0.176708	0.812857
0.126462	0.157445
0.099000	0.214830
0.137017	0.469283
0.153221	0.166245
0.198174	0.683699
0.121131	0.148386
0.250301	0.289098
0.377608	1.480225
0.109352	0.114820
0.215407	0.229409
0.205246	0.162144
0.214545	0.203817
0.197846	0.315564
0.251223	0.656947
0.230376	0.349019
0.287828	0.405837
0.161721	0.177893
0.317810	0.521209
0.209960	0.290795
0.204878	0.265317
0.133531	0.123516
0.185391	0.221542
0.184079	0.224576
0.260606	0.443031
0.166918	0.210317
0.298050	1.056586
0.101249	0.094668
0.155214	0.256103
0.106486	0.128316
0.180373	0.340906
0.201748	0.258237
0.254349	0.424762
0.161970	0.117429
0.163794	0.312847
0.185105	0.306349
0.220516	0.617444
0.098669	0.100643
0.119012	0.253495
0.092144	0.200873
0.184401	0.340219
0.064834	0.118970
0.121243	0.274616
0.116884	0.269417
0.208928	0.609025
0.128405	0.247822
0.108252	0.136397
0.142071	0.316107
0.108661	0.219495
0.203475	0.582955
0.100202	0.151806
0.075904	0.142699
0.104227	0.151129
0.100160	0.124199
0.098968	0.244945
0.094383	0.311463
0.082688	0.167030
0.272568	1.158412
0.185351	0.669117
0.069611	0.100936
0.091742	0.218805
0.137311	0.357008
0.104736	0.206330
0.183354	0.487722
0.151047	0.299072
0.070882	0.147789
0.194310	0.493547
0.055291	0.151222
0.133541	0.405963
0.138337	1.117067
0.055613	0.190753
0.093461	0.384125
0.090757	0.191950
0.211293	1.002587
0.072992	0.139779
0.104463	0.363009
0.098476	0.288042
0.086779	0.112813
0.194906	0.821527
0.097691	0.173890
0.132581	0.475967
0.092452	0.242225
0.341312	1.227018
0.110799	0.269241
0.116063	0.291898
0.159109	0.644391
0.055084	0.109617
0.076231	0.121207
0.090618	0.198907
0.144323	0.348539
0.129950	0.329424
0.094230	0.261487
0.151277	0.220108
0.141526	0.179737
0.130261	0.126353
0.216673	0.676018
0.172921	0.454783
0.108150	0.164929
0.138234	0.213572
0.264000	0.974159
0.114593	0.178766
0.072718	0.123258
0.063052	0.140922
0.078529	0.172370
0.144463	0.465892
0.127940	0.427320
0.091849	0.192883
0.087740	0.118010
0.083162	0.151354
0.143364	0.146231
0.115335	0.145322
0.119021	0.111285
0.166318	0.189602
0.166976	0.384880
0.120474	0.151797
0.194838	0.757922
0.114166	0.246598
0.105224	0.224654
0.090978	0.160122
0.095420	0.202290
0.180187	0.260370
0.134126	0.195153
0.114666	0.122119
0.221454	0.501594
0.126178	0.150152
0.208962	0.852565
0.189640	0.395400
0.148281	0.326218
0.206617	0.477285
0.107180	0.162378
0.196922	0.651813
0.232289	0.360048
0.270654	0.937816
0.159816	0.139839
0.248019	0.700652
0.144417	0.226735
0.218936	1.141752
0.178111	0.214624
0.197126	0.257250
0.204152	0.421573
0.156094	0.203703
0.121021	0.293475
0.178212	0.282466
0.243726	0.459423
0.120702	0.127341
0.141253	0.113709
0.112824	0.138209
0.304919	0.497018
0.177144	0.159429
0.180341	0.307482
0.189934	0.160494
0.306654	0.961359
0.129220	0.158294
0.189747	0.580626
0.080360	0.099647
0.158219	0.175623
0.168714	1.056148
0.190083	0.320290
0.094733	0.106101
0.135838	0.167760
0.156946	0.296627
0.107294	0.084226
0.173537	0.411283
0.163347	0.165797
0.122809	0.175002
0.133811	0.272305
0.086714	0.135708
0.248691	0.895288
0.173622	1.617284
0.083034	0.199696
0.072221	0.132164
0.067401	0.129410
0.152911	0.340228
0.103433	0.226519
0.132351	0.344114
0.065392	0.211869
0.069185	0.097551
0.118359	0.247963
0.080537	0.123221
0.079301	0.158602
0.057832	0.115665
0.098308	0.147462
0.201771	0.376302
0.107421	0.183153
0.204549	0.300688
0.099723	0.149584
0.136281	0.217368
0.141753	0.328867
0.162462	0.408591
0.097694	0.183176
0.071415	0.121406
0.104294	0.262821
0.174403	1.225183
0.051934	0.112696
0.070306	0.114950
0.085258	0.155597
0.079993	0.225581
0.051183	0.164299
0.062064	0.125059
0.081315	0.189463
0.060997	0.124433
0.044881	0.120057
0.083913	0.146847
0.073482	0.261227
0.077480	0.170842
0.086303	0.246827
0.123762	0.340345
0.164717	1.966716
0.164635	0.535886
0.158158	0.474473
0.102957	0.210547
0.112567	0.173353
0.108199	0.196382
0.083424	0.159757
0.058612	0.091435
0.134728	0.673639
0.143673	0.206889
0.068495	0.178772
0.107754	0.283932
0.213949	1.076164
0.163918	0.543389
0.117217	0.213334
0.076087	0.140001
0.085146	0.192005
0.087424	0.157800
0.177105	0.580903
0.090389	0.119766
0.127208	0.299574
0.136572	0.157740
0.114178	0.193531
0.172834	0.499490
0.137060	0.173381
0.117759	0.223153
0.067134	0.124868
0.147883	0.358616
0.120173	0.123778
0.124547	0.315104
0.130077	0.258853
0.101161	0.125945
0.130994	0.281636
0.108636	0.228678
0.135689	0.246276
0.095505	0.144691
0.223036	0.728213
0.110670	0.187032
0.175654	0.538379
0.162136	0.207534
0.174454	0.225046
0.317575	0.876508
0.309553	0.544814
0.147521	0.213167
0.116347	0.093659
0.113652	0.148884
0.171776	0.266252
0.119290	0.127640
0.237046	0.520315
0.136661	0.164677
0.125375	0.111584
0.129649	0.160764
0.189113	0.428341
0.200513	0.407042
0.160595	0.350900
0.074683	0.161315
0.159888	0.381332
0.172597	0.369358
0.196337	0.548763
0.136863	0.159446
0.210217	0.516083
0.155141	0.235039
0.110131	0.170703
0.137443	0.432259
0.163615	0.275692
0.073739	0.109502
0.158595	0.293400
0.087229	0.123428
0.220658	0.557162
0.109725	0.214513
0.075447	0.095440
0.104431	0.228704
0.108668	0.320570
0.092532	0.153140
0.090395	0.169492
0.082445	0.153348
0.111688	0.326128
0.174964	0.442658
0.092225	0.115281
0.163180	0.471591
0.140754	0.232245
0.118751	0.290941
0.092738	0.266159
0.149789	0.381212
0.122451	0.355109
0.088102	0.208801
0.109332	0.268958
0.082612	0.087982
0.149390	0.268902
0.159534	0.218561
0.198971	0.221852
0.167051	0.328255
0.287681	0.746533
0.159656	0.393553
0.089342	0.112571
0.152849	0.157434
0.087801	0.113263
0.106729	0.131277
0.210355	0.407036
0.091475	0.107941
0.077309	0.128720
0.134301	0.247786
0.121739	0.176521
0.135445	0.233643
0.126337	0.162343
0.097330	0.191254
0.081623	0.157124
0.146255	0.794896
0.115978	0.253412
0.104427	0.131578
0.103805	0.208648
0.115491	0.220588
0.165845	0.233841
0.111040	0.235404
0.107856	0.122417
0.113451	0.199673
0.129429	0.279566
0.096307	0.214765
0.117866	0.410175
0.096319	0.134847
0.070220	0.098659
0.099472	0.118372
0.109177	0.171409
0.090454	0.184073
0.059815	0.139368
0.084229	0.199201
0.165427	0.481393
0.077096	0.122197
0.265271	0.620734
0.130425	0.290196
0.162381	0.291474
0.101720	0.135797
0.327886	1.791897
0.130664	0.145038
0.333459	0.790299
0.134077	0.201786
0.169395	0.586954
0.141498	0.214369
0.099531	0.275202
0.178107	0.350870
0.096119	0.328726
0.125032	0.268820
0.123571	0.205746
0.109226	0.274157
0.140821	0.226018
0.129792	0.346544
0.087672	0.083727
0.139801	0.161470
0.270118	0.746877
0.122161	0.126436
0.211830	0.524278
0.195916	0.345792
0.195533	0.168158
0.221782	0.282773
0.225580	0.267312
0.374674	1.324473
0.110217	0.148242
0.122020	0.278817
0.175939	0.383547
0.106619	0.581072
0.250422	1.367301
0.127132	0.232651
0.227462	0.489044
0.264386	1.565165
0.210823	0.362615
0.144343	0.229506
0.127901	0.123425
0.094306	0.163150
0.078199	0.115735
0.115717	0.105303
0.125679	0.235647
0.111311	0.108528
0.173778	0.212878
0.165130	0.448329
0.152330	0.207169
0.132938	0.191430
0.200081	0.503204
0.123113	0.194518
0.128747	0.167371
0.129016	0.179332
0.217448	0.715405
0.149250	0.201487
0.193416	0.442922
0.134095	0.177676
0.086762	0.154003
0.095203	0.183742
0.147601	0.258303
0.166637	0.257454
0.121882	0.310799
0.196544	0.553270
0.071509	0.183064
0.082733	0.105485
0.153512	0.580276
0.120629	0.200244
0.168095	0.526979
0.138606	0.449083
0.114643	0.323867
0.099299	0.196116
0.062781	0.136862
0.185827	0.694995
0.069823	0.161989
0.071042	0.129297
0.095028	0.192906
0.093759	0.118606
0.065199	0.170170
0.195416	1.480277
0.086916	0.188609
0.113377	0.274939
0.055158	0.139550
0.058716	0.120661
0.064040	0.133523
0.053897	0.113723
0.044370	0.084302
0.165494	0.412081
0.045466	0.084793
0.077433	0.141315
0.073049	0.141714
0.084771	0.142839
0.089877	0.313670
0.101458	0.410398
0.091917	0.209112
0.105316	0.247492
0.199455	0.832724
0.056835	0.104007
0.082835	0.290335
0.072219	0.172965
0.109150	0.241767
0.141533	0.271036
0.091104	0.134833
0.063005	0.108054
0.088422	0.156949
0.092500	0.170663
0.057154	0.120881
0.166336	0.750174
0.088597	0.113405
0.088308	0.152772
0.061974	0.102258
0.138934	0.509192
0.086817	0.158006
0.130372	0.267262
0.067472	0.112003
0.069085	0.125044
0.078589	0.215333
0.094390	0.256739
0.068635	0.102953
0.128966	0.219887
0.119123	0.260285
0.092232	0.350482
0.088457	0.339232
0.094936	0.162341
0.100584	0.188594
0.218300	1.243216
0.197531	0.493827
0.087694	0.098656
0.079684	0.117135
0.101593	0.114292
0.385271	0.974735
0.121636	0.183062
0.121067	0.319616
0.094876	0.142789
0.067550	0.090517
0.131474	0.250458
0.091985	0.195008
0.164087	0.376581
0.064074	0.102519
0.108242	0.142339
0.066529	0.089148
0.079027	0.131580
0.095695	0.210528
0.109435	0.229266
0.079014	0.212943
0.229369	0.486263
0.066109	0.124615
0.080761	0.170406
0.097885	0.307357
0.075178	0.118782
0.092105	0.192039
0.080984	0.118236
0.076095	0.218772
0.268826	2.151949
0.071532	0.118027
0.066599	0.138194
0.115451	0.345199
0.089713	0.264204
0.087783	0.137820
0.112452	0.222654
0.059804	0.094789
0.098537	0.282308
0.103844	0.222225
0.125034	0.153791
0.113712	0.242207
0.153827	0.302270
0.113336	0.102002
0.382548	1.635392
0.112386	0.173636
0.145706	0.861121
0.143772	0.437066
0.060029	0.104451
0.081824	0.171422
0.192539	0.592058
0.155988	0.822839
0.182945	0.812276
0.080067	0.144922
0.102425	0.162343
0.118930	0.217643
0.073347	0.157697
0.170021	0.838202
0.247192	1.493042
0.118499	0.244701
0.104717	0.232995
0.075248	0.122278
0.226103	1.638118
0.139783	0.374617
0.099411	0.203793
0.069308	0.131685
0.098659	0.283644
0.085080	0.248009
0.104471	0.190659
0.097719	0.152930
0.084767	0.239042
0.069109	0.099517
0.189649	0.708340
0.120156	0.170020
0.111347	0.130276
0.235497	1.536620
0.091974	0.094733
0.121898	0.255376
0.066670	0.137006
0.117903	0.183339
0.110447	0.177820
0.107157	0.204671
0.125486	0.145564
0.268667	1.477668
0.207567	0.614399
0.097126	0.152487
0.246053	1.083863
0.094020	0.110004
0.137164	0.433440
0.298746	0.960468
0.096166	0.140403
0.147846	0.186286
0.116819	0.322422
0.087917	0.138469
0.308631	1.240696
0.126456	0.282629
0.110896	0.126421
0.297365	1.083895
0.218961	0.373328
0.189808	0.270476
0.135032	0.196472
0.140485	0.247254
0.108084	0.232382
0.150421	0.206829
0.113486	0.083412
0.150048	0.327855
0.103564	0.104081
0.078280	0.141296
0.140708	0.154076
0.144589	0.221221
0.225938	0.302757
0.101195	0.106254
0.060916	0.097770
0.208607	0.360890
0.112589	0.288228
0.067814	0.126135
0.101888	0.152323
0.112547	0.343267
0.119662	0.225563
0.108890	0.261881
0.073714	0.081822
0.110619	0.124447
0.186749	0.183014
0.131772	0.191728
0.174435	0.300900
0.205650	0.365029
0.110063	0.140331
0.151552	0.194744
0.262832	0.400818
0.160211	0.171426
0.144748	0.213504
0.241377	0.529821
0.140794	0.156985
0.162481	0.262407
0.141718	0.266430
0.302585	1.065100
0.167835	0.395251
0.096750	0.127710
0.121478	0.185861
0.212983	0.694324
0.214259	0.816328
0.296719	0.732896
0.201174	0.550211
0.105404	0.150728
0.280365	1.226595
0.187610	0.410865
0.124906	0.181738
0.191465	0.276667
0.131488	0.280069
0.228499	1.087657
0.251331	0.610735
0.157108	0.586013
0.225321	0.285032
0.147590	0.252379
0.097032	0.132448
0.077316	0.117520
0.102496	0.260853
0.070421	0.087323
0.053015	0.081643
0.114158	0.152972
0.158267	0.181215
0.146822	0.478638
0.123656	0.198467
0.102597	0.244180
0.071797	0.145389
0.133395	0.420193
0.060073	0.118043
0.082693	0.150088
0.078545	0.174762
0.082980	0.183800
0.077425	0.186982
0.065486	0.104450
0.109662	0.282380
0.059666	0.150358
0.081953	0.113915
0.152978	0.328902
0.089304	0.136636
0.223664	0.502126
0.067763	0.089447
0.098356	0.163272
0.069505	0.124067
0.182650	0.860281
0.073826	0.126612
0.143932	0.593720
0.061096	0.121581
0.101365	0.110995
0.110621	0.272680
0.084712	0.139774
0.093001	0.175772
0.066432	0.132201
0.091813	0.224942
0.060447	0.199476
0.117461	0.321842
0.079284	0.196227
0.073451	0.117522
0.078504	0.153868
0.100101	0.276780
0.108835	0.140942
0.118631	0.350554
0.064197	0.265454
0.267335	1.455637
0.065397	0.089266
0.084344	0.144229
0.085079	0.212697
0.088205	0.132307
0.088163	0.144146
0.074134	0.105271
0.068157	0.131883
0.070598	0.088248
0.079834	0.190405
0.146573	0.304139
0.088224	0.254084
0.092494	0.196087
0.116047	0.429374
0.083092	0.132116
0.087921	0.155181
0.098158	0.168831
0.125884	0.429895
0.095427	0.135506
0.087448	0.177082
0.095609	0.253841
0.083823	0.549880
0.087884	0.216195
0.079273	0.143880
0.245245	1.494771
0.124069	0.187345
0.180053	0.674298
0.073182	0.150389
0.145870	0.614841
0.104962	0.150095
0.141863	0.380902
0.066410	0.162372
0.173346	0.525240
0.395175	2.147779
0.136847	0.134110
0.231653	0.569865
0.097479	0.175461
0.102517	0.152237
0.107145	0.202503
0.134481	0.161377
0.108789	0.209419
0.120404	0.239605
0.108557	0.267051
0.055528	0.101894
0.074656	0.126915
0.074721	0.088918
0.164717	0.183659
0.216563	0.911732
0.092897	0.278228
0.050295	0.167986
0.093490	0.170620
0.099626	0.301370
0.081709	0.091105
0.190336	2.085126
0.181109	0.272568
0.218345	0.538220
0.156048	0.205984
0.112898	0.160880
0.173854	0.227749
0.178801	0.365649
0.136775	0.168917
0.199231	0.256011
0.159466	0.276673
0.077852	0.092644
0.161801	0.469223
0.085926	0.123734
0.109166	0.137004
0.122165	0.122165
0.196223	0.806475
0.074069	0.121844
0.120588	0.238162
0.087045	0.115334
0.077871	0.137832
0.089946	0.196981
0.055392	0.104969
0.081537	0.298426
0.212852	0.608756
0.129800	0.473120
0.099546	0.212034
0.107769	0.218231
0.106920	0.297237
0.080877	0.215538
0.087154	0.150777
0.063263	0.128108
0.076267	0.279900
0.055669	0.224902
0.102835	0.312104
0.067911	0.143971
0.187422	0.355164
0.100484	0.266786
0.089200	0.395157
0.058277	0.106648
0.054029	0.091848
0.094417	0.196859
0.119951	0.393440
0.090785	0.184747
0.187393	0.600594
0.076892	0.114569
0.160338	0.403251
0.209018	0.708572
0.110673	0.302138
0.096657	0.323319
0.096343	0.106941
0.116626	0.268824
0.084697	0.129163
0.069623	0.097124
0.171773	0.316062
0.093587	0.155823
0.097354	0.140677
0.095296	0.099108
0.151793	0.180633
0.163530	0.346684
0.209663	0.268368
0.108844	0.124626
0.106004	0.120845
0.146808	0.163691
0.120087	0.171123
0.108877	0.137730
0.126591	0.165202
0.100591	0.114170
0.169493	0.264409
0.128045	0.163258
0.193174	0.534126
0.119984	0.144581
0.114985	0.187426
0.249686	0.555551
0.318172	2.699687
0.142232	0.132276
0.116907	0.117491
0.107096	0.106025
0.197772	0.234359
0.146660	0.152526
0.161847	0.283233
0.148790	0.421077
0.128045	0.146611
0.141072	0.167170
0.155921	0.357839
0.285467	0.442474
0.242235	0.713383
0.155344	0.335543
0.143881	0.176974
0.233513	0.333924
0.189691	0.339547
0.198372	0.244989
0.255246	0.524530
0.081271	0.125564
0.210339	0.397541
0.079664	0.127861
0.210656	1.333454
0.134021	0.240568
0.117438	0.327652
0.172563	0.196721
0.126005	0.207908
0.139911	0.265131
0.134972	0.266569
0.142323	0.229141
0.111937	0.244582
0.123945	0.267721
0.075764	0.182212
0.074963	0.094453
0.142539	0.328551
0.145896	0.174346
0.054949	0.088193
0.073143	0.230768
0.077648	0.254297
0.079861	0.241182
0.080774	0.264938
0.085686	0.253203
0.133889	0.341417
0.061462	0.124460
0.066395	0.112872
0.089992	0.266375
0.105694	0.116792
0.112782	0.379513
0.101437	0.108030
0.121015	0.169421
0.139176	0.235902
0.134612	0.167592
0.255966	0.748701
0.177056	0.337292
0.241072	0.185625
0.181718	0.168998
0.227710	0.151427
0.379869	0.681865
0.241179	0.261680
0.206823	0.243017
0.180238	0.250530
0.256830	0.715272
0.180573	0.243773
0.153195	0.232856
0.117901	0.150324
0.168054	0.372239
0.328828	1.514255
0.169437	0.173673
0.181175	0.295315
0.143671	0.238494
0.191753	0.689352
0.103212	0.164108
0.133300	0.196618
0.238846	0.741618
0.114019	0.176159
0.154892	0.400395
0.092795	0.104395
0.137228	0.292981
0.105601	0.149426
0.214672	0.866200
0.081584	0.110547
0.180905	0.270453
0.057490	0.094283
0.124100	0.390295
0.096121	0.563748
0.176704	0.455896
0.104032	0.269443
0.312722	1.379104
0.238990	0.550871
0.128371	0.197692
0.087526	0.105032
0.191550	0.307438
0.101036	0.182875
0.181043	0.301437
0.149093	0.392114
0.141084	0.390803
0.144475	0.508553
0.086738	0.105386
0.093984	0.172460
0.082412	0.143397
0.107673	0.122208
0.141769	0.219741
0.102652	0.168350
0.083578	0.150023
0.097734	0.180319
0.136530	0.445088
0.130864	0.490086
0.115981	0.298072
0.147769	0.837110
0.067588	0.154777
0.083921	0.148120
0.121690	0.237295
0.142039	0.345866
0.090373	0.155893
0.317377	0.980696
0.119101	0.323954
0.151160	0.583477
0.083112	0.377330
0.053787	0.115105
0.101187	0.137615
0.115703	0.233721
0.067911	0.103904
0.134445	0.276957
0.110729	0.119034
0.160214	0.265956
0.165998	0.582652
0.127594	0.409576
0.110892	0.334895
0.050804	0.163589
0.172782	0.395672
0.235639	0.525476
0.108821	0.270963
0.102524	0.178905
0.168487	0.309174
0.110659	0.129470
0.153186	0.200673
0.121707	0.157002
0.122685	0.206111
0.122218	0.201048
0.123528	0.173557
0.085942	0.179188
0.089451	0.134624
0.098834	0.141333
0.175704	0.398849
0.095018	0.173408
0.164454	0.372488
0.121828	0.238173
0.211737	0.947522
0.115166	0.141078
0.127222	0.179383
0.079481	0.104120
0.234099	0.900112
0.091713	0.127939
0.103137	0.321788
0.145505	0.212437
0.185098	0.216565
0.092503	0.095278
0.268644	1.212927
0.078320	0.141760
0.079933	0.088725
0.123429	0.140091
0.127620	0.317775
0.061914	0.119185
0.144744	0.355346
0.128814	0.402543
0.074753	0.158103
0.100379	0.206781
0.128001	0.210561
0.168867	0.440744
0.074887	0.102595
0.083551	0.097337
0.084410	0.134634
0.071427	0.143925
0.082838	0.273366
0.095116	0.231132
0.094317	0.272575
0.066455	0.141881
0.058074	0.092338
0.078914	0.119554
0.147869	0.531588
0.100088	0.171150
0.057929	0.121361
0.079053	0.139529
0.069014	0.148380
0.087311	0.158469
0.145473	0.237121
0.127672	0.201722
0.118327	0.099986
0.261373	0.576328
0.084326	0.123537
0.101572	0.179783
0.225890	0.947607
0.166981	0.369863
0.115840	0.154647
0.241591	0.399833
0.122976	0.125436
0.170780	0.376571
0.123942	0.148730
0.142064	0.246481
0.228768	0.383186
0.129342	0.227642
0.078306	0.118634
0.093487	0.157525
0.130350	0.417118
0.151057	0.234894
0.312517	0.518778
0.176226	0.163890
0.161009	0.136053
0.186145	0.397420
0.173623	0.195326
0.126417	0.314778
0.112145	0.240551
0.274703	0.462875
0.286442	0.459740
0.148914	0.533111
0.191159	0.516129
0.167570	0.306652
0.135531	0.161960
0.278252	0.466072
0.220005	0.821720
0.124008	0.160591
0.098804	0.148700
0.098206	0.226364
0.131392	0.396804
0.226839	0.918700
0.220700	0.664307
0.160271	0.297302
0.113543	0.109569
0.151343	0.227771
0.134327	0.235744
0.179733	0.245336
0.175541	0.394089
0.174920	0.334097
0.173345	0.290353
0.224597	0.320051
0.114197	0.147885
0.133209	0.211137
0.087408	0.115815
0.131709	0.233125
0.245000	0.777875
0.079093	0.098866
0.134071	0.278198
0.261419	0.613028
0.247863	0.422607
0.195370	0.457166
0.147537	0.257452
0.166432	0.351172
0.232886	0.560091
0.196442	0.754337
0.143799	0.214261
0.166600	0.265726
0.136906	0.358694
0.167720	0.514900
0.094043	0.265671
0.099343	0.241404
0.057438	0.095922
0.176064	0.520270
0.110391	0.165586
0.121534	0.170148
0.190587	0.929113
0.098256	0.133137
0.192561	0.672040
0.130957	0.144053
0.161510	0.345632
0.123694	0.387164
0.108310	0.295688
0.142187	0.221812
0.113351	0.366690
0.076508	0.146130
0.173127	0.891602
0.144468	0.627714
0.078786	0.105573
0.162432	0.468616
0.095734	0.210616
0.087371	0.129310
0.090464	0.208972
0.097007	0.216811
0.119010	0.312997
0.064767	0.105246
0.208184	0.896231
0.120986	0.174825
0.175061	0.184690
0.226145	0.641121
0.096189	0.176987
0.095878	0.260789
0.082907	0.201878
0.098727	0.160925
0.109235	0.393246
0.090074	0.312557
0.113191	0.226382
0.070125	0.152171
0.072959	0.160144
0.157863	0.498057
0.122135	0.258926
0.137952	0.445586
0.076299	0.146113
0.059731	0.086013
0.122894	0.270368
0.078756	0.113015
0.108780	0.207770
0.132442	0.259586
0.066864	0.144426
0.173636	0.414121
0.170083	0.442216
0.097282	0.116739
0.093962	0.204837
0.142426	0.377428
0.086250	0.114282
0.122092	0.117819
0.103380	0.139047
0.106631	0.159946
0.073102	0.162286
0.120526	0.276005
0.086274	0.214823
0.146393	0.649987
0.183389	0.647363
0.124999	0.168749
0.205873	0.944956
0.114463	0.267844
0.082207	0.089194
0.132177	0.463942
0.111829	0.290196
0.054677	0.088030
0.088983	0.179301
0.114747	0.193349
0.093946	0.173800
0.180035	0.863267
0.090662	0.245694
0.108077	0.404750
0.149428	0.228624
0.269080	0.380748
0.139744	0.160007
0.259580	0.414029
0.206334	0.403383
0.207460	0.309115
0.165112	0.281515
0.108908	0.090394
0.228436	0.551674
0.167743	0.362324
0.093605	0.102498
0.163218	0.430896
0.081559	0.088491
0.209364	0.602967
0.160026	0.158426
0.169998	0.289847
0.351485	1.198565
0.289370	0.797215
0.356897	1.729167
0.119040	0.127372
0.109406	0.140587
0.191407	0.406739
0.159146	0.298399
0.144777	0.235263
0.225427	0.351665
0.126010	0.140501
0.225409	0.339241
0.263622	0.970130
0.356026	3.117007
0.107823	0.150953
0.133817	0.277670
0.290898	1.685753
0.084179	0.132582
0.266264	1.758671
0.095755	0.126397
0.072639	0.104600
0.078549	0.175557
0.128879	0.382770
0.128047	0.192071
0.130730	0.223548
0.178547	0.852560
0.081843	0.177598
0.134331	0.339185
0.181056	0.584812
0.178345	0.328155
0.056929	0.092225
0.067005	0.147410
0.093166	0.147202
0.142276	0.130183
0.110594	0.185244
0.138374	0.341783
0.189011	0.300528
0.115764	0.105345
0.084828	0.123001
0.167317	0.208310
0.175468	0.387784
0.180550	0.291589
0.127936	0.347348
0.113095	0.194524
0.172727	0.431818
0.235715	1.878647
0.143884	0.328056
0.058204	0.117281
0.186636	0.530980
0.133183	0.241060
0.066734	0.097765
0.096477	0.208391
0.185493	0.695599
0.081469	0.235444
0.105708	0.251586
0.082412	0.109608
0.103041	0.175169
0.115336	0.126869
0.129964	0.270975
0.102461	0.105535
0.246939	1.240868
0.122412	0.218505
0.098532	0.096068
0.262075	1.041747
0.098941	0.229544
0.067330	0.098302
0.097055	0.188772
0.074341	0.143107
0.100494	0.128633
0.198812	0.718706
0.072353	0.124446
0.109148	0.206289
0.119030	0.349353
0.089876	0.250305
0.137672	0.217521
0.112382	0.233192
0.196030	0.806665
0.143251	0.309421
0.099366	0.241956
0.090349	0.134168
0.084093	0.108060
0.116339	0.180326
0.084669	0.256123
0.092107	0.311322
0.074275	0.108442
0.211463	0.881800
0.111686	0.204385
0.049319	0.099131
0.115333	0.294677
0.126062	0.374403
0.119319	0.258923
0.120090	0.277409
0.229016	0.617198
0.140147	0.200410
0.149946	0.220421
0.293653	0.938221
0.226496	0.745172
0.151398	0.217257
0.111859	0.165551
0.191802	0.444981
0.224051	0.423456
0.078728	0.103528
0.111034	0.592366
0.247214	0.604437
0.068452	0.106442
0.112311	0.217884
0.093267	0.094666
0.089696	0.182979
0.089939	0.206859
0.116915	0.293458
0.169610	0.703883
0.058428	0.129709
0.106729	0.170766
0.165293	0.614063
0.124927	0.269842
0.090356	0.294561
0.146583	0.382582
0.093672	0.118494
0.117458	0.208488
0.217440	0.659931
0.098679	0.146045
0.214287	0.187501
0.099842	0.192197
0.210882	1.021725
0.233853	0.936582
0.081416	0.116425
0.113813	0.113244
0.189341	0.910732
0.224493	0.882257
0.131218	0.326733
0.122801	0.130783
0.184640	0.384974
0.100345	0.165569
0.171213	0.397213
0.100055	0.176597
0.150637	0.234993
0.292586	0.592486
0.173310	0.221837
0.298713	0.318130
0.387379	1.038175
0.232614	0.183765
0.223225	0.309167
0.161687	0.257083
0.283418	1.220113
0.117150	0.137651
0.175618	0.334552
0.147921	0.354272
0.100547	0.097027
0.117032	0.128735
0.120932	0.241863
0.265195	0.438898
0.157462	0.373185
0.133671	0.221225
0.161935	0.178939
0.156070	0.131879
0.151034	0.201630
0.101597	0.090929
0.187544	0.436979
0.272669	0.925710
0.184999	0.289524
0.121167	0.198107
0.153562	0.148187
0.116546	0.195797
0.141099	0.141804
0.171373	0.171373
0.153969	0.429573
0.178680	0.443127
0.081213	0.114510
0.080764	0.151029
0.091471	0.098789
0.163509	0.349092
0.142051	0.235804
0.105950	0.174818
0.299552	1.956077
0.271960	1.377478
0.089010	0.152651
0.075677	0.221355
0.138038	0.434819
0.093499	0.156611
0.088215	0.234212
0.080364	0.148271
0.091256	0.273312
0.136818	0.493230
0.178595	0.516139
0.105328	0.151673
0.219323	0.959539
0.127659	0.329360
0.101482	0.267912
0.071608	0.123523
0.087003	0.144424
0.202836	0.588225
0.082504	0.199248
0.066515	0.120392
0.072841	0.124923
0.100785	0.171334
0.190411	0.423663
0.069551	0.159967
0.120105	0.306267
0.082473	0.099380
0.136863	0.320945
0.111177	0.301289
0.074548	0.184878
0.149924	0.474510
