Velocity(m/s)	Chord(mm)
0.437687	1.142363
0.520415	1.464968
0.277278	0.257869
0.361715	0.935033
0.557659	0.560447
0.463948	0.913978
0.392912	0.402735
0.058151	0.076760
0.380522	0.624057
0.431591	0.315061
0.336624	0.222172
0.143663	0.178860
0.098017	0.114680
0.120800	0.134088
0.179512	0.338381
0.131178	0.199390
0.197076	0.430611
0.169702	0.444620
0.106289	0.165279
0.110943	0.104841
0.088368	0.118855
0.179191	0.446185
0.101184	0.243348
0.102160	0.111354
0.158761	0.314346
0.110615	0.225654
0.148373	0.216624
0.417315	0.769946
0.113735	0.153542
0.110800	0.133514
0.333431	0.416789
0.133822	0.132484
0.120867	0.159544
0.206672	0.344109
0.110823	0.142962
0.113861	0.227721
0.100266	0.123828
0.101425	0.175972
0.104766	0.380302
0.081208	0.118970
0.101297	0.175751
0.125911	0.379622
0.087690	0.104790
0.182696	0.276784
0.150830	0.215686
0.124964	0.102471
0.233692	0.579555
0.107660	0.174948
0.107644	0.184071
0.336864	1.788746
0.174119	0.364780
0.107668	0.137815
0.198520	0.430788
0.329397	1.215475
0.131781	0.222711
0.272846	1.725754
0.088257	0.127532
0.228671	0.524799
0.173438	0.200321
0.159187	0.354190
0.200141	0.198140
0.108772	0.175667
0.144138	0.362507
0.243008	0.566208
0.185744	0.416996
0.156640	0.338343
0.176922	0.250345
0.093478	0.114510
0.127694	0.142378
0.176018	0.459406
0.125897	0.180032
0.144188	0.306400
0.109982	0.194118
0.108756	0.987507
0.117188	0.203321
0.111740	0.133529
0.182462	0.461628
0.302253	0.852354
0.239792	0.691801
0.122191	0.178399
0.173546	0.120615
0.164190	0.297183
0.111860	0.118572
0.224909	0.250773
0.213805	0.451129
0.093108	0.151765
0.101890	0.124306
0.125233	0.216028
0.194191	0.383527
0.173685	0.640030
0.174662	0.291685
0.121900	0.315721
0.082010	0.151308
0.112153	0.136827
0.087698	0.141632
0.129482	0.194224
0.112031	0.182611
0.125219	0.321812
0.237370	0.599358
0.127679	0.291748
0.139938	0.236495
0.107368	0.139579
0.199265	0.963445
0.124372	0.117532
0.116596	0.235525
0.202555	0.297755
0.147531	0.153432
0.134839	0.150346
0.230642	0.484347
0.139141	0.297067
0.071128	0.150079
0.100177	0.162787
0.076829	0.239321
0.062849	0.119413
0.076056	0.164281
0.120506	0.479010
0.069743	0.155876
0.092988	0.185046
0.078623	0.189089
0.141050	0.573367
0.199922	0.502805
0.104607	0.166325
0.082784	0.177157
0.146607	0.258762
0.099852	0.175739
0.096466	0.189557
0.116832	0.285654
0.149987	0.479959
0.140956	0.317856
0.099018	0.324780
0.263614	0.659034
0.136067	0.143551
0.239546	0.700672
0.117417	0.176126
0.078606	0.108869
0.173849	0.365083
0.122736	0.308682
0.107219	0.225697
0.097608	0.140067
0.224756	0.613584
0.121029	0.213617
0.125835	0.167360
0.222433	0.435969
0.137053	0.195300
0.130048	0.212628
0.179157	0.282173
0.092274	0.151329
0.103625	0.176163
0.135699	0.236116
0.377182	1.348427
0.235906	1.109938
0.122676	0.359441
0.148436	0.342888
0.069488	0.196652
0.163818	0.412001
0.106147	0.138522
0.176508	0.337130
0.132594	0.180328
0.194690	0.504246
0.196178	0.364891
0.149880	0.312499
0.101498	0.182696
0.121759	0.276392
0.108020	0.173371
0.081746	0.124662
0.111127	0.276705
0.120197	0.277656
0.145435	0.221789
0.140316	0.428666
0.068351	0.194799
0.089380	0.137646
0.232557	0.554649
0.073727	0.152246
0.140183	0.330832
0.087129	0.123288
0.070007	0.142114
0.100871	0.277395
0.086505	0.177335
0.086028	0.181089
0.155171	0.404222
0.095855	0.229095
0.093857	0.131869
0.129811	0.407607
0.059767	0.124614
0.073636	0.174517
0.069279	0.161420
0.108104	0.394039
0.125790	0.262273
0.115921	0.183155
0.092981	0.136683
0.178007	0.802811
0.223638	0.268366
0.146376	0.159550
0.215209	0.475613
0.211631	0.562937
0.127452	0.183530
0.131289	0.135228
0.096570	0.179137
0.138502	0.138502
0.104339	0.111121
0.109850	0.207067
0.107229	0.301313
0.064658	0.164554
0.152903	0.786687
0.119336	0.293567
0.170047	0.564555
0.158788	0.245327
0.081172	0.138804
0.149079	0.261634
0.266937	0.484490
0.207324	1.329985
0.064874	0.113854
0.065604	0.119399
0.097252	0.157549
0.120884	0.320342
0.065979	0.143834
0.133452	0.266904
0.082657	0.137211
0.152653	0.211424
0.154639	0.163917
0.119766	0.148510
0.103291	0.157519
0.139210	0.306261
0.139361	0.103127
0.150610	0.212360
0.104799	0.195449
0.136540	0.278543
0.150574	0.382458
0.105741	0.165484
0.210584	0.326405
0.116519	0.293628
0.170234	0.261309
0.102473	0.129629
0.183509	0.331235
0.090845	0.103564
0.140125	0.416871
0.122762	0.183530
0.129870	0.402597
0.108669	0.142357
0.103837	0.238825
0.143044	0.179520
0.137757	0.329238
0.099471	0.237239
0.104918	0.151606
0.123687	0.156464
0.088514	0.092055
0.123965	0.239252
0.145772	0.301019
0.085900	0.142595
0.137596	0.385268
0.073552	0.089365
0.123407	0.210409
0.161942	0.307690
0.174771	0.401100
0.065620	0.147973
0.102080	0.120455
0.083211	0.082379
0.193888	0.315067
0.190518	0.440098
0.087205	0.137783
0.195675	0.290577
0.148935	0.283721
0.128924	0.330690
0.146384	0.221772
0.239852	0.859869
0.106882	0.186510
0.234941	1.843114
0.185918	0.649784
0.281032	1.479633
0.101471	0.174023
0.091860	0.134575
0.142631	0.308084
0.106890	0.255468
0.081786	0.120225
0.172030	0.315676
0.100952	0.171114
0.116206	0.192901
0.171501	0.404743
0.284730	0.639219
0.102735	0.276358
0.073110	0.116610
0.136124	0.303556
0.126023	0.386259
0.078619	0.156452
0.103218	0.255466
0.288375	1.314992
0.236423	1.086363
0.143289	0.338878
0.089245	0.261041
0.163196	0.516517
0.161468	0.495706
0.113507	0.239501
0.074087	0.132245
0.137053	0.287812
0.110613	0.298101
0.087208	0.179648
0.071421	0.116059
0.104539	0.333479
0.115560	0.199341
0.098091	0.168717
0.175329	0.290169
0.156016	0.336994
0.092507	0.134136
0.073392	0.115959
0.139644	0.429405
0.246743	0.967233
0.246654	0.933585
0.148569	0.196112
0.170183	0.154015
0.167573	0.209466
0.167033	0.400043
0.184634	0.313878
0.149983	0.109488
0.105217	0.269881
0.143722	0.158813
0.143063	0.191705
0.083718	0.192133
0.075679	0.143790
0.101215	0.631076
0.157552	0.384427
0.191424	0.469946
0.122584	0.258652
0.131248	0.181122
0.110980	0.253034
0.101345	0.168233
0.101883	0.207841
0.131090	0.240551
0.124227	0.268330
0.081501	0.127549
0.186500	0.432679
0.192336	0.371209
0.095747	0.223091
0.093187	0.222251
0.091133	0.181354
0.077882	0.169004
0.069595	0.153108
0.091432	0.157263
0.118761	0.142513
0.104114	0.173350
0.071824	0.170942
0.159012	0.300533
0.119174	0.205574
0.156615	0.477676
0.135190	0.313641
0.087570	0.160690
0.156848	0.203118
0.091606	0.089316
0.276410	0.630214
0.122186	0.241928
0.140426	0.143234
0.105162	0.175621
0.180553	0.638255
0.098295	0.201505
0.085077	0.122086
0.087758	0.142168
0.111406	0.192733
0.075699	0.104843
0.150234	0.206571
0.083518	0.150332
0.078492	0.105572
0.087952	0.109940
0.106286	0.147738
0.178148	0.351842
0.122148	0.167953
0.092000	0.119599
0.090153	0.163177
0.178015	0.425456
0.118180	0.476267
0.142243	0.432419
0.099010	0.187624
0.190565	0.502140
0.081426	0.176695
0.085007	0.162363
0.072710	0.147602
0.088834	0.229635
0.196377	0.828712
0.062218	0.108571
0.126412	0.273050
0.134372	0.301665
0.067988	0.113540
0.346357	1.380231
0.083613	0.125838
0.113334	0.168301
0.079645	0.147742
0.141406	0.190898
0.245071	0.953327
0.174881	0.191494
0.148524	0.217587
0.190198	0.209218
0.129835	0.172680
0.108103	0.199450
0.073747	0.167774
0.107031	0.229046
0.115227	0.106009
0.129944	0.146187
0.322834	1.417240
0.116918	0.156086
0.117064	0.183204
0.324512	1.033570
0.211245	0.293631
0.209723	0.274737
0.151100	0.176031
0.109278	0.133865
0.238980	1.350236
0.326116	0.751697
0.124281	0.192015
0.249620	0.413122
0.216543	0.750322
0.139658	0.162702
0.140073	0.203806
0.093606	0.140409
0.242891	0.711670
0.113776	0.168388
0.203666	0.375764
0.092324	0.148179
0.148043	0.214663
0.132500	0.168937
0.119315	0.175989
0.205032	0.322926
0.102189	0.155838
0.107530	0.182263
0.097747	0.178877
0.141663	0.185578
0.096321	0.156040
0.126373	0.203461
0.192110	0.438011
0.087628	0.104715
0.097575	0.225397
0.097352	0.146515
0.131650	0.308061
0.111941	0.181344
0.117262	0.185861
0.215291	0.271267
0.072003	0.114845
0.111089	0.145527
0.231189	0.494743
0.114964	0.097144
0.104728	0.106299
0.199104	0.392235
0.102990	0.156030
0.254889	1.135529
0.135747	0.147286
0.206923	0.375565
0.130107	0.156779
0.156913	0.292642
0.128057	0.168395
0.179830	0.348869
0.108030	0.254410
0.137473	0.308628
0.135309	0.350449
0.168840	0.503988
0.118699	0.262324
0.187908	0.641704
0.090965	0.170559
0.074328	0.115208
0.105235	0.149961
0.278059	0.262766
0.139602	0.120756
0.127109	0.274556
0.135257	0.198828
0.286653	0.494477
0.143208	0.254910
0.107888	0.106270
0.125685	0.156478
0.150167	0.313098
0.168271	0.334859
0.143291	0.344615
0.134490	0.283773
0.097525	0.186273
0.096766	0.108378
0.233537	0.519619
0.123957	0.169202
0.107605	0.159794
0.100458	0.102467
0.141293	0.289650
0.084027	0.172255
0.230543	0.298553
0.144097	0.179400
0.159229	0.210979
0.179362	0.214338
0.183789	0.362064
0.180670	0.113822
0.121684	0.115600
0.185219	0.384330
0.124588	0.108391
0.218812	0.358852
0.206518	1.249433
0.223158	0.191916
0.171458	0.198034
0.217182	0.437621
0.170600	0.318168
0.214125	0.678776
0.139682	0.376442
0.147813	0.472263
0.098514	0.154174
0.084794	0.214529
0.066863	0.101966
0.062312	0.104685
0.190167	0.552435
0.138204	0.405628
0.067235	0.113964
0.091593	0.193261
0.115318	0.179320
0.123959	0.211970
0.123242	0.178084
0.095448	0.138876
0.115000	0.174225
0.205725	0.581173
0.227355	0.683202
0.095261	0.144797
0.248510	0.958006
0.222073	0.433043
0.119113	0.122686
0.189004	0.624657
0.334044	1.025514
0.109667	0.100894
0.097110	0.116046
0.198754	0.315026
0.122116	0.119673
0.126254	0.217158
0.140387	0.225320
0.185066	0.238735
0.204485	0.371139
0.260804	1.367918
0.238337	0.601801
0.201347	0.339270
0.124306	0.176515
0.197276	0.450775
0.225431	0.689819
0.257663	0.998444
0.208098	0.367293
0.179209	0.294798
0.173576	0.592762
0.212733	0.369091
0.128949	0.177950
0.216063	0.197698
0.118133	0.144713
0.124150	0.149601
0.210953	0.394482
0.182784	0.274176
0.242803	0.664066
0.187178	0.397754
0.103664	0.106256
0.171181	0.330379
0.152092	0.264641
0.211270	0.461625
0.177327	0.484988
0.129177	0.171160
0.173980	0.333171
0.165873	0.411365
0.221884	1.606442
0.161860	0.346380
0.137817	0.268054
0.067798	0.102036
0.114774	0.118217
0.093550	0.164648
0.106863	0.189682
0.164332	0.485600
0.108063	0.142644
0.136731	0.180485
0.153903	0.148517
0.130713	0.186266
0.137744	0.137744
0.118390	0.161010
0.109480	0.146156
0.149737	0.614672
0.418304	1.397134
0.090331	0.117431
0.230067	0.616581
0.144096	0.344389
0.194308	0.309921
0.145129	0.243091
0.139670	0.251406
0.120684	0.155682
0.215880	0.645482
0.139576	0.212853
0.104419	0.168114
0.079719	0.109215
0.073375	0.154454
0.095273	0.150055
0.090098	0.202271
0.080871	0.191664
0.079255	0.172776
0.081238	0.140135
0.107944	0.194839
0.088055	0.269889
0.082385	0.128932
0.064453	0.111503
0.093559	0.206765
0.101380	0.150549
0.093022	0.113021
0.195373	0.547045
0.327894	1.632914
0.083258	0.109485
0.111377	0.185442
0.120343	0.190743
0.173861	0.685012
0.086483	0.160859
0.120549	0.175399
0.078455	0.114545
0.120686	0.221459
0.150643	0.238017
0.208964	0.510917
0.175370	0.249025
0.129385	0.279471
0.094230	0.189873
0.097634	0.168906
0.082965	0.111173
0.174219	0.314465
0.122419	0.216070
0.087034	0.201919
0.136850	0.383864
0.072681	0.156264
0.100842	0.212271
0.097514	0.141883
0.099390	0.175424
0.137686	0.109461
0.209307	0.149654
0.114630	0.131824
0.121744	0.252619
0.095707	0.146910
0.106661	0.160524
0.232881	0.710286
0.227097	0.354271
0.135897	0.220832
0.238147	0.476294
0.134316	0.200802
0.158643	0.306182
0.127263	0.203620
0.196849	0.382871
0.225468	1.158906
0.109939	0.192392
0.072150	0.137807
0.172847	0.280012
0.119529	0.132080
0.138656	0.350105
0.081557	0.187174
0.299485	2.090403
0.107935	0.243392
0.089948	0.114683
0.140286	0.251813
0.122758	0.179841
0.118928	0.145092
0.292936	0.771887
0.148296	0.461200
0.075813	0.135326
0.133071	0.349311
0.309302	0.600046
0.172997	0.380594
0.073352	0.114428
0.112885	0.220690
0.114201	0.367728
0.065641	0.211363
0.094237	0.150309
0.146808	0.223148
0.184747	0.265112
0.360105	1.492636
0.079896	0.109857
0.092574	0.148119
0.124379	0.358213
0.128364	0.168157
0.195010	0.439749
0.157563	0.382089
0.099296	0.099792
0.086714	0.145246
0.090888	0.144967
0.116548	0.223773
0.221068	0.947277
0.085591	0.121111
0.078545	0.148450
0.235371	0.752012
0.063422	0.123989
0.106439	0.145821
0.096500	0.250418
0.097559	0.166339
0.065143	0.072960
0.214948	0.513726
0.096479	0.187169
0.221188	0.472237
0.076169	0.111968
0.236039	0.509844
0.096547	0.106202
0.128300	0.244412
0.100689	0.123848
0.155236	0.304262
0.212474	0.250719
0.075373	0.095347
0.166481	0.289677
0.136796	0.408335
0.105434	0.118086
0.096770	0.124834
0.129821	0.142154
0.200033	0.258042
0.103989	0.165342
0.151048	0.222795
0.115148	0.182510
0.177130	0.278095
0.108916	0.258676
0.118027	0.167598
0.119603	0.155484
0.148222	0.171196
0.129584	0.195023
0.134089	0.282927
0.120227	0.193565
0.099361	0.115258
0.158563	0.234673
0.155120	0.411067
0.119227	0.243223
0.125284	0.127163
0.348893	0.690807
0.265949	0.751306
0.176509	0.194160
0.127691	0.131522
0.166826	0.130124
0.301127	0.987697
0.105184	0.110970
0.168105	0.166424
0.216906	0.367655
0.154875	0.235410
0.166249	0.374891
0.325330	0.943456
0.263524	0.314911
0.146099	0.166553
0.169079	0.239247
0.110773	0.119081
0.183902	0.315392
0.152950	0.227895
0.159180	0.307217
0.136944	0.190353
0.167780	0.354856
0.216975	1.037138
0.103172	0.142893
0.146810	0.260588
0.149835	0.266706
0.111841	0.156018
0.109970	0.202894
0.169297	0.501967
0.164846	0.217597
0.094962	0.105408
0.114621	0.147860
0.190716	0.336613
0.108674	0.172248
0.103146	0.115008
0.179422	0.224278
0.127210	0.282406
0.152260	0.172815
0.129580	0.181412
0.249851	0.965676
0.121709	0.219685
0.113038	0.119255
0.105092	0.202827
0.197210	0.358922
0.092236	0.117139
0.090048	0.114812
0.089839	0.141497
0.120677	0.242562
0.128449	0.278733
0.098048	0.153935
0.071257	0.095128
0.105552	0.169412
0.103734	0.185164
0.122828	0.334706
0.100137	0.198272
0.122185	0.364111
0.050783	0.157426
0.133211	0.254433
0.147048	0.458789
0.122787	0.283638
0.080492	0.103029
0.090140	0.315492
0.069820	0.107871
0.086409	0.127453
0.096899	0.173934
0.093725	0.152304
0.084093	0.153050
0.087222	0.077628
0.115278	0.200008
0.092648	0.139436
0.088243	0.122216
0.103197	0.147572
0.173566	0.292458
0.116312	0.134922
0.221230	0.418126
0.150104	0.399278
0.105190	0.201438
0.081883	0.180961
0.256614	0.681310
0.060986	0.109470
0.102372	0.244670
0.117539	0.365547
0.147316	0.231286
0.118684	0.531111
0.164157	0.888911
0.541245	4.660124
0.593718	0.463100
0.395817	1.278488
0.141653	0.118989
0.142597	0.216748
0.111757	0.144725
0.107237	0.095441
0.086053	0.152314
0.180894	0.416056
0.112470	0.517363
0.080603	0.098739
0.116423	0.167649
0.315918	0.939856
0.153349	0.470014
0.220715	0.502126
0.189141	0.327213
0.055021	0.102613
0.177048	0.466521
0.143183	0.153922
0.079821	0.117736
0.078377	0.113254
0.093882	0.119230
0.172569	0.440914
0.135847	0.181356
0.178927	0.407953
0.069957	0.143061
0.191421	0.209606
0.123799	0.216030
0.149176	0.249870
0.205559	0.596121
0.149017	0.225016
0.150424	0.281292
0.132568	0.157756
0.139725	0.285738
0.240298	0.498619
0.118798	0.223934
0.169802	0.203762
0.090461	0.079153
0.120323	0.134160
0.197316	0.541632
0.123138	0.328162
0.126466	0.148598
0.140978	0.403196
0.119029	0.219608
0.075587	0.128498
0.110365	0.263220
0.074977	0.132709
0.117426	0.313526
0.089535	0.220703
0.094755	0.280475
0.177346	0.398141
0.080504	0.135246
0.104909	0.230800
0.086073	0.205284
0.074989	0.154852
0.074435	0.141054
0.081392	0.179877
0.084458	0.240706
0.143604	0.474612
0.082096	0.182254
0.078221	0.143145
0.161505	0.452213
0.092726	0.255460
0.084916	0.188513
0.133072	0.308727
0.074516	0.228393
0.079668	0.154158
0.099824	0.247565
0.069057	0.120160
0.164759	0.303980
0.058556	0.136434
0.062053	0.089667
0.139190	0.345190
0.090212	0.151556
0.142693	0.341749
0.095158	0.216008
0.154099	0.710394
0.097131	0.162694
0.100598	0.328955
0.074074	0.102223
0.090547	0.151213
0.237764	0.905879
0.077838	0.113643
0.094015	0.149013
0.079008	0.127202
0.109099	0.159284
0.275087	1.264024
0.097375	0.150932
0.108370	0.199401
0.119874	0.275711
0.143305	0.333900
0.210054	0.761444
0.098080	0.115734
0.159817	0.325228
0.107022	0.150901
0.111645	0.114995
0.287116	1.406868
0.127773	0.106052
0.141438	0.110322
0.098776	0.145695
0.130250	0.178443
0.110961	0.150352
0.098676	0.172190
0.145838	0.225319
0.157282	0.222554
0.206986	0.462613
0.229899	0.383931
0.141787	0.203464
0.133373	0.128705
0.099241	0.120577
0.078998	0.156021
0.068812	0.111131
0.088824	0.183421
0.115836	0.283798
0.067999	0.145858
0.141247	0.306507
0.132804	0.342633
0.060493	0.107375
0.083463	0.264995
0.085782	0.199871
0.123318	0.255886
0.059505	0.119010
0.068133	0.141376
0.056860	0.149258
0.131946	0.238823
0.056562	0.117932
0.100327	0.134940
0.151331	0.261803
0.110306	0.210684
0.173640	0.702373
0.068985	0.105202
0.095595	0.133355
0.199990	0.586970
0.169238	0.698107
0.120755	0.236679
0.193320	0.350877
0.122769	0.146095
0.206369	0.541719
0.247607	0.451883
0.120937	0.225548
0.240399	0.519262
0.104704	0.211501
0.103340	0.205646
0.161002	0.524060
0.104677	0.207261
0.099412	0.177450
0.128180	0.214702
0.133933	0.200899
0.108814	0.145267
0.100456	0.211962
0.094206	0.123880
0.090602	0.108270
0.223822	0.453239
0.232117	0.710278
0.163277	0.269407
0.222039	0.214268
0.248586	0.401466
0.143289	0.428436
0.097647	0.254370
0.150788	0.259356
0.077958	0.099787
0.129598	0.229389
0.101807	0.196487
0.085396	0.109306
0.087486	0.104983
0.072153	0.106786
0.085208	0.143575
0.167686	0.160140
0.247562	1.149924
0.084699	0.110532
0.106455	0.166602
0.104675	0.131890
0.225473	0.915419
0.183840	0.484417
0.082512	0.122530
0.107732	0.118505
0.127116	0.290459
0.312984	1.572744
0.082494	0.188910
0.126321	0.371384
0.111170	0.130069
0.117255	0.324795
0.122494	0.252338
0.131042	0.262085
0.135604	0.269851
0.109969	0.257877
0.096348	0.246651
0.149325	0.427816
0.270190	3.143664
0.057787	0.116440
0.183241	1.170912
0.070141	0.116786
0.088148	0.129577
0.204483	0.787259
0.086914	0.146450
0.066946	0.120838
0.100488	0.132644
0.117189	0.255473
0.140620	0.268584
0.086689	0.149972
0.092591	0.135183
0.152079	0.250170
0.122320	0.242193
0.116187	0.078426
0.108434	0.296023
0.163536	0.330342
0.100538	0.164883
0.089917	0.132178
0.102244	0.266857
0.107340	0.188918
0.074773	0.170856
0.135010	0.383429
0.067631	0.169078
0.078851	0.160462
0.178669	0.272470
0.160219	0.759437
0.097617	0.222079
0.063269	0.122741
0.062140	0.125833
0.086160	0.170596
0.097713	0.238908
0.119561	0.187710
0.102545	0.114337
0.154461	0.149827
0.212983	1.046810
0.093806	0.113037
0.110393	0.144614
0.104219	0.218339
0.169165	0.527796
0.210484	0.607247
0.116392	0.235111
0.141062	0.174917
0.133001	0.228761
0.169449	0.202492
0.156726	0.361254
0.149317	0.309833
0.208350	0.414617
0.222020	0.674941
0.173471	0.312248
0.069505	0.155344
0.082468	0.124526
0.084715	0.188915
0.200581	0.931699
0.154740	0.343523
0.112557	0.201478
0.163427	0.527871
0.149580	0.154815
0.247722	0.471911
0.176631	0.234037
0.188222	0.608897
0.136442	0.167141
0.117752	0.395058
0.083924	0.145188
0.110316	0.172093
0.157113	0.173610
0.129939	0.308606
0.189453	0.510575
0.088865	0.095085
0.151282	0.243564
0.083483	0.164879
0.120450	0.239696
0.114406	0.241397
0.119673	0.192673
0.108324	0.232355
0.132004	0.172265
0.096306	0.220059
0.075141	0.104071
0.086753	0.104104
0.111915	0.238938
0.126099	0.154472
0.097701	0.194424
0.169349	0.783240
0.124595	0.148890
0.093680	0.125063
0.107137	0.168204
0.139796	0.281689
0.086103	0.170483
0.122730	0.192072
0.109633	0.237903
0.115917	0.217924
0.103919	0.105997
0.192448	0.282899
0.197111	0.535157
0.151886	0.143532
0.228508	0.906036
0.126799	0.183224
0.214422	0.470656
0.143479	0.366589
0.171046	0.899702
0.092033	0.113200
0.142315	0.157969
0.122234	0.194352
0.115112	0.238857
0.309649	1.114736
0.140737	0.194921
0.190526	0.241968
0.158844	0.270035
0.173383	0.358035
0.180024	0.225029
0.095777	0.126426
0.095170	0.185582
0.170611	0.509273
0.212727	0.596699
0.103575	0.240294
0.102593	0.173895
0.087177	0.128151
0.086221	0.124590
0.117857	0.187982
0.118069	0.307570
0.134111	0.283645
0.085321	0.173628
0.073785	0.138715
0.091831	0.148767
0.196442	0.441012
0.106826	0.272406
0.069708	0.118852
0.074995	0.116616
0.117671	0.210043
0.133787	0.229445
0.087954	0.152600
0.132233	0.323971
0.103081	0.194824
0.170321	0.560358
0.210662	0.343379
0.196919	0.764045
0.132843	0.336757
0.137320	0.241682
0.120999	0.177264
0.123956	0.179736
0.080742	0.124747
0.162931	0.290016
0.068165	0.117925
0.095690	0.180854
0.102705	0.182302
0.106747	0.148912
0.103061	0.133980
0.070895	0.126903
0.118572	0.145843
0.088703	0.155674
0.162717	0.253838
0.132385	0.188649
0.264659	0.461830
0.264331	0.757309
0.111756	0.111197
0.375912	1.013082
0.156016	0.318272
0.169853	0.431426
0.104519	0.151552
0.259491	0.659107
0.216214	0.232430
0.166840	0.201043
0.229539	0.844705
0.233088	0.592044
0.156624	0.217708
0.125652	0.081674
0.153549	0.469859
0.108368	0.158759
0.159637	0.288942
0.118259	0.185667
0.091019	0.113773
0.150246	0.305751
0.105874	0.275802
0.132062	0.202715
0.093842	0.135602
0.112007	0.160730
0.105455	0.181909
0.119914	0.318372
0.112331	0.230841
0.093149	0.129477
0.196449	0.631583
0.074062	0.130349
0.097742	0.255596
0.155643	0.508953
0.083334	0.173751
0.088605	0.184742
0.073782	0.177446
0.078895	0.185403
0.120662	0.180994
0.152118	0.289025
0.087173	0.123786
0.112637	0.306372
0.122646	0.142270
0.142251	0.354205
0.072876	0.219720
0.116543	0.272709
0.173813	0.302434
0.140691	0.289121
0.126444	0.171963
0.236530	0.623257
0.239621	0.304319
0.184886	0.487174
0.168398	0.155768
0.296220	0.730182
0.093037	0.134904
0.096094	0.317109
0.164800	0.327951
0.179344	0.310266
0.080337	0.080739
0.071144	0.162564
0.074339	0.123402
0.094634	0.160405
0.125470	0.177540
0.196834	1.243005
0.098493	0.178273
0.067574	0.153730
0.080227	0.178906
0.133041	0.600016
0.063826	0.133716
0.133637	0.421626
0.098028	0.310748
0.202133	0.581132
0.087396	0.252574
0.085305	0.153975
0.140029	0.175736
0.108671	0.210822
0.106611	0.165247
0.181527	0.329471
0.163959	0.409897
0.128115	0.187689
0.209655	0.524137
0.178062	0.422896
0.106201	0.164081
0.147774	0.144819
0.235136	0.504366
0.110815	0.152925
0.138246	0.158291
0.131293	0.238953
0.098736	0.146130
0.131814	0.185198
0.105620	0.188004
0.077741	0.138768
0.097994	0.168059
0.102581	0.270814
0.113710	0.205815
0.086405	0.125719
0.087288	0.212545
0.107161	0.281833
0.069717	0.131766
0.078872	0.117914
0.088602	0.172330
0.134695	0.353574
0.124692	0.390285
0.082189	0.131914
0.109878	0.224150
0.099830	0.125786
0.125086	0.123835
0.166040	0.520537
0.094265	0.184289
0.087322	0.177700
0.144520	0.268085
0.054866	0.139085
0.135396	0.258607
0.061969	0.124867
0.103791	0.234049
0.083606	0.176409
0.130309	0.249541
0.064784	0.102359
0.095559	0.124705
0.126325	0.240648
0.098727	0.161418
0.098162	0.112886
0.084112	0.117757
0.117658	0.162956
0.100209	0.208935
0.118648	0.122207
0.144301	0.356424
0.080076	0.138932
0.115297	0.166605
0.137577	0.218059
0.130650	0.177031
0.101769	0.135353
0.258275	0.652145
0.119829	0.183339
0.127098	0.184292
0.112192	0.203067
0.090277	0.144895
0.305613	0.748751
0.222551	0.396140
0.068318	0.111016
0.245123	1.177814
0.169264	0.324141
0.177057	0.527631
0.184518	0.414243
0.199671	0.855591
0.165142	0.629192
0.133307	0.216624
0.172354	0.386934
0.097290	0.121126
0.108888	0.303254
0.098973	0.179141
0.175808	0.311180
0.137279	0.270439
0.114598	0.180492
0.179475	0.306005
0.161838	0.212008
0.116422	0.135632
0.171711	0.185448
0.116437	0.110615
0.189993	0.501581
0.110673	0.164903
0.180636	0.354950
0.141695	0.280556
0.130841	0.196261
0.110586	0.098975
0.187869	0.571123
0.122072	0.203860
0.156316	0.548670
0.143822	0.142383
0.104008	0.268340
0.095497	0.175237
0.148199	0.293435
0.093771	0.143469
0.115300	0.402397
0.107989	0.145785
0.242256	0.637132
0.107744	0.167003
0.076539	0.169916
0.062578	0.103254
0.085681	0.215917
0.094326	0.119323
0.120329	0.246674
0.175987	0.281579
0.170853	0.387837
0.087557	0.107258
0.105571	0.242286
0.111585	0.304068
0.055439	0.130836
0.095518	0.142321
0.163551	0.677918
0.071217	0.138161
0.097626	0.203550
0.111794	0.474008
0.096060	0.206048
0.201664	1.598185
0.150649	0.384156
0.089424	0.198074
0.066543	0.153714
0.099641	0.096154
0.110971	0.204742
0.097569	0.137085
0.249485	1.647850
0.126710	0.253420
0.068046	0.101728
0.088615	0.084184
0.120341	0.178707
0.141862	0.419912
0.069715	0.167665
0.199248	0.518044
0.109185	0.173604
0.131238	0.248696
0.146202	0.282169
0.144234	0.225005
0.187710	0.315353
0.144625	0.216214
0.245972	0.526381
0.096847	0.124449
0.116784	0.210794
0.076258	0.126589
0.067988	0.139376
0.086815	0.293435
0.088043	0.165521
0.120898	0.413472
0.206197	0.280427
0.125581	0.285068
0.086878	0.192436
0.096915	0.229688
0.154383	0.241609
0.101579	0.117324
0.133973	0.146701
0.081764	0.134911
0.198717	0.348748
0.163701	0.230818
0.090367	0.132839
0.075789	0.108757
0.116898	0.191712
0.133762	0.258160
0.100318	0.224211
0.081792	0.152542
0.132880	0.300974
0.104373	0.233274
0.080007	0.122811
0.067924	0.114451
0.108542	0.327797
0.236637	0.578577
0.066998	0.127632
0.139138	0.397239
0.075214	0.105300
0.088953	0.152555
0.067056	0.122712
0.095326	0.154904
0.085492	0.210737
0.106186	0.178924
0.095137	0.342969
0.070412	0.164765
0.074139	0.152356
0.101985	0.197851
0.079116	0.098104
0.095160	0.213633
0.132782	0.205149
0.097811	0.128132
0.103058	0.366885
0.069612	0.110682
0.058079	0.121675
0.105623	0.246102
0.100814	0.284296
0.100866	0.211314
0.233643	0.636677
0.180459	0.199407
0.100503	0.096985
0.137124	0.313328
0.161477	0.289851
0.091314	0.127840
0.101369	0.141410
0.307860	1.950294
0.194206	0.815664
0.120807	0.161277
0.118557	0.115593
0.101958	0.141721
0.126082	0.359334
0.338313	1.042005
0.096040	0.256426
0.162607	0.542295
0.099034	0.106956
0.066815	0.108240
0.070979	0.160059
0.187623	0.496264
0.094716	0.181381
0.136370	0.563209
0.126144	0.150742
0.177981	0.279430
0.132068	0.279324
0.097667	0.226588
0.135812	0.211867
0.082477	0.122479
0.074517	0.102461
0.095085	0.174006
0.197061	0.913378
0.067722	0.138830
0.056053	0.161152
0.165909	0.768987
0.075567	0.138665
0.072011	0.183629
0.213797	0.669186
0.066447	0.104654
0.092744	0.622773
0.070960	0.203299
0.093914	0.195811
0.110066	0.314239
0.099451	0.188460
0.179468	0.393932
0.090114	0.127061
0.074863	0.141492
0.156786	0.540129
0.165323	0.815871
0.091864	0.154331
0.111080	0.236600
0.118911	0.322249
0.108171	0.276918
0.078399	0.210500
0.159065	0.215534
0.068530	0.120956
0.226006	0.941316
0.082331	0.135434
0.090296	0.113773
0.251529	2.462469
0.236011	0.763497
0.060841	0.132939
0.060872	0.137266
0.100931	0.164013
0.083667	0.179466
0.070022	0.218819
0.189710	0.790142
0.147374	0.403067
0.067278	0.127827
0.130978	0.123119
0.087757	0.169371
0.214097	0.900279
0.103617	0.090147
0.217671	0.624715
0.170039	0.446353
0.075174	0.083443
0.149957	0.526349
0.103912	0.136645
0.160947	0.362935
0.116861	0.137896
0.093053	0.113525
0.104352	0.092873
0.212493	0.474922
0.215473	0.369537
0.229487	0.650596
0.149472	0.173388
0.110232	0.284399
0.133153	0.208384
0.124407	0.332790
0.206043	0.295671
0.216357	0.288837
0.129866	0.200643
0.122506	0.135369
0.164674	0.215724
0.254487	0.584048
0.095986	0.166056
0.131495	0.534526
0.107265	0.242955
0.193145	1.040086
0.115771	0.172498
0.196707	1.372030
0.103842	0.201972
0.153521	0.318557
0.092959	0.149664
0.180821	0.655474
0.196976	0.859799
0.207047	0.331275
0.122304	0.160830
0.082350	0.118172
0.267184	0.550398
0.077550	0.135325
0.135970	0.226390
0.170450	0.359650
0.150159	0.316835
0.340676	2.732225
0.127985	0.435790
0.072044	0.224777
0.133853	0.362071
0.203518	0.392789
0.137212	0.269621
0.115541	0.246679
0.142185	0.250245
0.140624	0.256639
0.213734	0.453117
0.126755	0.354914
0.049790	0.151611
0.103720	0.220923
0.087194	0.163053
0.097504	0.165269
0.090898	0.167252
0.147585	0.422830
0.107722	0.195516
0.100044	0.183081
0.232907	0.880390
0.075746	0.124602
0.081634	0.193472
0.120028	0.160237
0.174271	0.325015
0.339735	2.969280
0.186999	0.552581
0.108501	0.256606
0.132968	0.218068
0.131301	0.132614
0.161701	0.451145
0.248857	0.409369
0.092003	0.150884
0.123282	0.223140
0.088565	0.143476
0.113734	0.196761
0.083961	0.146093
0.085653	0.114347
0.091699	0.132504
0.101419	0.134888
0.221942	0.507137
0.115882	0.234081
0.064593	0.133384
0.178856	0.757457
0.127022	0.359473
0.082402	0.135551
0.128808	0.255040
0.076101	0.129752
0.204672	0.974240
0.067634	0.119712
0.170640	0.465846
0.087423	0.163044
0.124667	0.456281
0.108253	0.251148
0.153602	0.344836
0.102133	0.205287
0.100530	0.194024
0.195489	0.427143
0.078746	0.114969
0.243669	0.588460
0.079203	0.111281
0.100686	0.343842
0.188902	0.149233
0.313014	1.593239
0.067220	0.160655
0.074847	0.153810
0.067895	0.134093
0.083348	0.119604
0.090912	0.288191
0.086393	0.224622
0.108959	0.346488
0.205938	0.575598
0.107565	0.159196
0.077496	0.112369
0.076313	0.123246
0.092299	0.237670
0.108466	0.209883
0.161432	0.615055
0.113386	0.108851
0.083972	0.107904
0.089126	0.131016
0.096147	0.117300
0.117355	0.130851
0.070816	0.125345
0.095229	0.246643
0.140480	0.202291
0.212095	0.452823
0.172950	0.223105
0.133984	0.241841
0.196802	0.830504
0.078774	0.165426
0.103803	0.248607
0.150954	0.351723
0.133053	0.243486
0.134891	0.291364
0.140960	0.205801
0.084489	0.113638
0.128144	0.172995
0.073394	0.125503
0.133986	0.166812
0.185630	0.464074
0.192632	0.343848
0.098668	0.123336
0.085097	0.137858
0.099172	0.116527
0.201604	0.381032
0.139321	0.220127
0.078883	0.124635
0.162312	0.464211
0.110505	0.153601
0.116302	0.196550
0.111568	0.172931
0.109245	0.250717
0.056661	0.139670
0.106284	0.118507
0.137560	0.237291
0.108472	0.185487
0.182433	0.507164
0.142012	0.200948
0.103353	0.233061
0.088430	0.159616
0.114691	0.184080
0.138526	0.359476
0.097555	0.231205
0.119548	0.374184
0.126626	0.264015
0.212248	0.847931
0.136264	0.431956
0.095841	0.129386
0.126573	0.178467
0.078115	0.117954
0.228659	1.079272
0.105186	0.185654
0.092199	0.210675
0.128813	0.263423
0.093457	0.201867
0.143748	0.202684
0.070545	0.142148
0.166318	0.498122
0.198894	0.375910
0.092269	0.167007
0.124389	0.442824
0.083750	0.128975
0.109805	0.273415
0.083365	0.130883
0.120918	0.182587
0.080202	0.127120
0.127160	0.575397
0.147680	0.351479
0.118613	0.296533
0.083335	0.156254
0.081129	0.170777
0.095123	0.242088
0.218076	0.867942
0.197666	0.213479
0.168193	0.355728
0.115371	0.138445
0.109461	0.128069
0.163134	0.163950
0.287318	0.922290
0.134015	0.223805
0.397652	1.171085
0.104037	0.135768
0.188042	0.425914
0.127916	0.447706
0.076611	0.109554
0.108607	0.186804
0.134705	0.298372
0.081934	0.111840
0.257590	0.491997
0.093538	0.173513
0.130661	0.150260
0.127247	0.188326
0.157758	0.283964
0.107368	0.114347
0.105816	0.202637
0.170621	0.459823
0.214210	0.334167
0.131864	0.202411
0.175484	0.257084
0.121878	0.320538
0.128888	0.181088
0.071898	0.127979
0.170690	0.208242
0.129996	0.293141
0.083318	0.173719
0.107884	0.293984
0.092435	0.158064
0.100135	0.302407
0.442780	1.733484
0.104644	0.150164
0.139418	0.237708
0.156071	0.188066
0.078843	0.109198
0.078403	0.114076
0.094855	0.142757
0.106944	0.178062
0.084375	0.165797
0.089442	0.193195
0.105177	0.225079
0.181737	0.480694
0.151100	0.180564
0.167218	0.290123
0.151324	0.304919
0.119829	0.177946
0.115802	0.214234
0.159490	0.406699
0.162985	0.221660
0.098807	0.171430
0.162445	0.298086
0.123777	0.306967
0.129996	0.193044
0.099441	0.125296
0.098018	0.149477
0.121371	0.294932
0.221157	0.350533
0.120005	0.278411
0.096299	0.182005
0.095281	0.151973
0.264104	0.674785
0.125535	0.178887
0.163853	0.309683
0.181148	0.135861
0.102159	0.169074
0.107505	0.128468
0.073102	0.149493
0.127508	0.369136
0.229278	0.452825
0.204438	0.491673
0.090323	0.163937
0.108241	0.213234
0.080684	0.123446
0.147939	0.350616
0.103709	0.113043
0.195294	0.229471
0.107099	0.124771
0.218482	0.353942
0.109687	0.135463
0.106279	0.133380
0.122294	0.136358
0.122869	0.181846
0.134821	0.161111
0.096797	0.136484
0.128659	0.178836
0.146861	0.395792
0.094155	0.148765
0.092700	0.136269
0.156775	0.316685
0.108544	0.126997
0.085459	0.114087
0.166923	0.191127
0.140668	0.241246
0.308261	0.892417
0.230236	0.488101
0.217041	0.696703
0.159450	0.245553
0.121121	0.198033
0.187420	0.310180
0.177125	0.444584
0.174044	0.221035
0.083756	0.107208
0.103343	0.116260
0.271427	1.091138
0.143398	0.323361
0.173173	0.181832
0.114206	0.135906
0.113645	0.164217
0.177854	0.379718
0.076530	0.169514
0.167360	0.397481
0.306096	1.033074
0.204468	0.844454
0.126607	0.257013
0.151219	0.259340
0.157337	0.345355
0.290741	0.981250
0.115292	0.124515
0.123800	0.229030
0.230784	0.335790
0.116829	0.172323
0.231669	0.843274
0.124879	0.129874
0.107950	0.193770
0.281557	0.792583
0.161715	0.192441
0.156461	0.181494
0.126872	0.265796
0.154021	0.561406
0.117192	0.329311
0.079486	0.226933
0.084512	0.140290
0.214440	0.761260
0.166406	0.497554
0.081460	0.098973
0.111003	0.154294
0.138102	0.430187
0.091031	0.248060
0.107942	0.216963
0.089398	0.157340
0.094508	0.235325
0.100472	0.123581
0.082079	0.158001
0.066258	0.168627
0.081763	0.124688
0.124766	0.112289
0.114529	0.195272
0.138322	0.295318
0.137206	0.148182
0.102547	0.198942
0.110606	0.210151
0.192720	0.114668
0.259664	0.617999
0.258294	0.618614
0.158288	0.210523
0.119786	0.117390
0.097499	0.102374
0.136824	0.161452
0.121653	0.251213
0.088473	0.255686
0.083995	0.132292
0.057605	0.132780
0.067742	0.121935
0.075442	0.159560
0.102471	0.215190
0.082086	0.193313
0.106821	0.175721
0.062583	0.152077
0.187598	0.295466
0.076453	0.123472
0.120662	0.414475
0.063290	0.112023
0.108550	0.165538
0.093884	0.102803
0.097114	0.124791
0.173273	0.642842
0.112085	0.233698
0.100239	0.115776
0.078810	0.114274
0.074990	0.114734
0.176451	0.447304
0.183607	0.403017
0.090156	0.202399
0.114752	0.120489
0.102100	0.122010
0.095938	0.107931
0.242242	0.461471
0.201284	0.874579
0.142782	0.234163
0.125219	0.368143
0.116774	0.265660
0.141007	0.336301
0.110516	0.298945
0.140578	0.155339
0.177386	0.203107
0.147464	0.198338
0.217332	0.277099
0.114940	0.116089
0.115132	0.085198
0.172957	0.119341
0.121477	0.125121
0.261282	0.599641
0.119694	0.120891
0.236449	1.133771
0.144912	0.285477
0.119802	0.174911
0.178974	0.328417
0.260637	0.643773
0.200174	1.014884
0.068520	0.134642
0.115860	0.269955
0.127642	0.179337
0.157330	0.268247
0.217889	0.542545
0.179940	0.168244
0.196765	0.580457
0.173295	0.141235
0.227017	0.165722
0.149553	0.186193
0.383866	3.305084
0.145979	0.170795
0.161212	0.170885
0.143242	0.137512
0.209532	0.540592
0.140297	0.138192
0.170132	0.222872
0.252310	0.488220
0.149918	0.127431
0.267704	0.269042
0.206065	0.404917
0.223324	0.309304
0.194910	0.705576
0.108621	0.185743
0.082250	0.142703
0.079995	0.097994
0.096757	0.156263
0.153380	0.375782
0.166600	0.210749
0.089639	0.107567
0.133758	0.323027
0.102315	0.093618
0.180091	0.362883
0.158051	0.240238
0.318994	0.743255
0.125401	0.189355
0.175848	0.258497
0.110973	0.145929
0.175435	0.672792
0.184424	0.494257
0.125654	0.180313
0.178565	0.469625
0.241703	0.404852
0.186943	0.593544
0.137870	0.153036
0.237324	0.409383
0.124687	0.181419
0.188859	0.642120
0.140108	0.252894
0.091838	0.150615
0.081646	0.188193
0.146367	0.320543
0.084050	0.132378
0.170219	0.329374
0.184950	0.587218
0.085506	0.117998
0.072109	0.133402
0.200460	0.752726
0.073069	0.089510
0.189937	0.540370
0.098898	0.136973
0.129896	0.161721
0.159826	0.299673
0.148930	0.213714
0.117929	0.293644
0.141932	0.277476
0.103292	0.196772
0.077175	0.147790
0.146603	0.276346
0.147100	0.256689
0.069519	0.110188
0.196055	0.244089
0.172072	0.144541
0.112586	0.159873
0.109478	0.126447
0.129807	0.245335
0.102389	0.165359
0.147631	0.262782
0.096992	0.178950
0.128302	0.270718
0.136573	0.122232
0.120794	0.166092
0.168071	0.302528
0.145033	0.191443
0.089729	0.099150
0.154091	0.473831
0.098282	0.151846
0.124867	0.268464
0.115814	0.207885
0.123387	0.222714
0.098186	0.130587
0.167166	0.381139
0.115803	0.125067
0.141223	0.327638
0.081637	0.117149
0.231218	0.472842
0.185447	0.896637
0.127947	0.131785
0.110215	0.201693
0.149487	0.274309
0.103510	0.106098
0.107305	0.200660
0.109290	0.141531
0.260706	0.646552
0.377880	0.510138
0.114119	0.102707
0.403628	1.285554
0.182693	0.450338
0.150893	0.209742
0.151629	0.318421
0.138219	0.358677
0.107261	0.265471
0.269597	0.935500
0.111296	0.081246
0.119294	0.106768
0.231602	0.495628
0.159219	0.219723
0.142426	0.129607
0.102625	0.147267
0.182690	0.436629
0.208307	0.281215
0.206178	0.219580
0.155039	0.323256
0.146574	0.134115
0.111185	0.192350
0.188251	0.543103
0.241808	0.637165
0.086243	0.172486
0.159563	0.414864
0.147607	0.204436
0.115371	0.154597
0.160018	0.254428
0.173823	0.493658
0.168159	0.316138
0.161964	0.327167
0.197006	0.877661
0.100291	0.260756
0.055307	0.141862
0.072626	0.090419
0.182125	0.489006
0.097837	0.200567
0.093347	0.215164
0.207515	0.763656
0.099956	0.152932
0.250151	0.810491
0.095894	0.123224
0.116578	0.195851
0.111174	0.191220
0.084647	0.145593
0.124387	0.181605
0.084923	0.112523
0.107111	0.386135
0.102229	0.192190
0.120386	0.225723
0.086203	0.199128
0.109660	0.261539
0.182515	0.331264
0.187245	0.502752
0.192371	2.204577
0.266943	1.388106
0.293376	0.671831
0.102712	0.298377
0.329095	1.308152
0.146214	0.211280
0.090768	0.166106
0.164049	0.214084
0.096481	0.140379
0.142166	0.249502
0.129580	0.202793
0.391961	1.499250
0.110068	0.100713
0.339548	0.648536
0.109280	0.092888
0.200506	0.462167
0.143864	0.263272
0.129440	0.332013
0.130903	0.188500
0.273474	0.765728
0.219599	0.740049
0.374212	1.813058
0.259162	0.379672
0.289204	0.678182
0.099407	0.116804
0.156183	0.268634
0.125640	0.232433
0.101178	0.133555
0.248120	0.852294
0.113981	0.165843
0.182768	1.302221
0.075191	0.116170
0.092460	0.133142
0.132772	0.250276
0.168942	0.347176
0.230438	0.335287
0.097070	0.178123
0.148625	0.246717
0.124974	0.419912
0.159688	0.331353
0.059162	0.082236
0.063768	0.164521
0.119918	0.286603
0.278171	0.763581
0.095082	0.212507
0.127349	0.191660
0.106018	0.170690
0.130221	0.311228
0.104228	0.122467
0.124472	0.230895
0.102923	0.145121
0.104247	0.213707
0.109682	0.143684
0.159769	0.249239
0.115809	0.198033
0.180866	0.457590
0.086583	0.137234
0.098898	0.156753
0.107707	0.215414
0.073613	0.161949
0.088005	0.142568
0.085742	0.171485
0.149443	0.208473
0.267342	1.221753
0.121016	0.228115
0.077807	0.149390
0.069201	0.127329
0.084912	0.188505
0.132075	0.122169
0.229862	0.682691
0.099270	0.106218
0.098598	0.186842
0.420505	3.183220
0.088840	0.144810
0.117966	0.198183
0.252734	1.877812
0.140977	0.406718
0.091843	0.125824
0.081407	0.197818
0.078767	0.113030
0.097630	0.100071
0.140260	0.831742
0.163204	0.475741
0.126288	0.141443
0.121269	0.161287
0.106339	0.223844
0.130789	0.383866
0.179504	0.738659
0.095900	0.158235
0.081353	0.145622
0.091496	0.184822
0.110641	0.189195
0.230152	0.338323
0.217218	1.287018
0.077996	0.114264
0.083636	0.121272
0.200166	1.172971
0.149465	0.176369
0.186510	0.347841
0.163157	0.232499
0.108413	0.210321
0.097048	0.110149
0.117821	0.311047
0.113854	0.346116
0.081001	0.181847
0.096332	0.172916
0.120363	0.198599
0.205007	0.517642
0.228768	1.350872
0.144304	0.270570
0.085682	0.119098
0.162008	0.372618
0.089852	0.128937
0.135259	0.248876
0.145314	0.220878
0.110575	0.118868
0.101223	0.261661
0.151337	0.288297
0.097186	0.177851
0.095366	0.129221
0.200725	0.373349
0.080102	0.118551
0.396002	1.199885
0.119535	0.133281
0.141781	0.126894
0.143155	0.188965
0.176852	0.212223
0.140685	0.291922
0.120016	0.183024
0.229082	0.546359
0.180746	0.666049
0.071987	0.103301
0.074238	0.178541
0.104783	0.181798
0.076922	0.166152
0.090855	0.120383
0.095455	0.159887
0.091945	0.123206
0.134639	0.185802
0.084275	0.121777
0.098243	0.115927
0.107865	0.187685
0.193792	0.494170
0.176894	0.195468
0.149016	0.271954
0.123965	0.141320
0.214271	0.490681
0.114633	0.195449
0.099800	0.211076
0.098361	0.151476
0.115341	0.134949
0.166572	0.567178
0.217304	0.771428
0.232770	0.540027
0.143622	0.203943
0.241182	0.600542
0.093396	0.185859
0.099697	0.237777
0.226815	0.528479
0.072164	0.154431
0.128977	0.170895
0.078639	0.196598
0.140795	0.364660
0.135779	0.338089
0.101989	0.200409
0.158242	0.352088
0.260713	0.864263
0.105483	0.198835
0.111072	0.128843
0.221990	1.116612
0.132596	0.208175
0.149190	0.231991
0.105543	0.199477
0.249479	0.283158
0.115081	0.150180
0.267875	0.802286
0.108048	0.104807
0.113581	0.254989
0.101225	0.175119
0.091304	0.148370
0.126304	0.363755
0.239303	0.591079
0.172952	0.248187
0.121734	0.122951
0.138380	0.312047
0.179740	0.250738
0.403971	1.256351
0.133504	0.211605
0.096294	0.129516
0.229635	0.456973
0.116285	0.191871
0.101743	0.110391
0.165190	0.297343
0.114699	0.143373
0.180039	0.137730
0.131837	0.255104
0.068893	0.121596
0.159233	0.266716
0.102281	0.156489
0.146079	0.162878
0.133745	0.218005
0.076437	0.165104
0.099561	0.243924
0.173374	0.334611
0.191584	0.385083
0.085310	0.124980
0.117354	0.198914
0.105218	0.146253
0.138340	0.332707
0.090607	0.131380
0.236247	0.415795
0.155863	0.334325
0.130197	0.103507
0.120940	0.270302
0.076778	0.257589
0.183101	0.239862
0.248302	0.897613
0.133414	0.156094
0.107331	0.123431
0.147289	0.151708
0.210957	0.374449
0.135579	0.304375
0.186350	0.221756
0.126640	0.182995
0.110312	0.135684
0.120674	0.194286
0.248562	1.519959
0.240658	0.898858
0.118039	0.124531
0.148018	0.124335
0.182383	0.319170
0.172209	0.319448
0.205424	0.860728
0.161877	0.199108
0.089449	0.117625
0.151955	0.632892
0.169143	0.457532
0.140164	0.264210
0.089463	0.141351
0.098829	0.227307
0.074133	0.143077
0.063040	0.142155
0.123289	0.323633
0.092201	0.170571
0.183396	0.418144
0.123867	0.191375
0.140997	0.454009
0.103584	0.159520
0.111082	0.206613
0.100272	0.175477
0.114455	0.136774
0.076716	0.126581
0.074630	0.161200
0.123511	0.350153
0.203473	1.101807
0.094163	0.240117
0.081177	0.118924
0.091881	0.175952
0.087587	0.118242
0.087916	0.115610
0.125046	0.404525
0.119417	0.152257
0.075959	0.102545
0.130051	0.434369
0.236016	0.922821
0.109449	0.131339
0.131081	0.638364
0.102066	0.213827
0.081724	0.272958
0.242938	1.068925
0.093758	0.226425
0.116478	0.351762
0.092167	0.218435
0.147279	0.192936
0.145122	0.195914
0.085040	0.121181
0.139691	0.196266
0.115704	0.124382
0.159308	0.285161
0.104020	0.240285
0.138621	0.187831
0.137481	0.237843
0.083130	0.178729
0.107065	0.157921
0.074229	0.171470
0.106600	0.266499
0.147979	0.606714
0.183911	0.678631
0.070550	0.231758
0.098925	0.211699
0.105021	0.252575
0.181113	0.479043
0.097007	0.102343
0.273772	0.320313
0.293297	0.526469
0.382598	1.170751
0.197146	0.479066
0.230447	0.413652
0.222182	0.235513
0.257939	1.156857
0.153373	0.281440
0.153867	0.307733
0.307380	1.163432
0.182533	0.257372
0.134565	0.154076
0.099537	0.132882
0.170490	0.242096
0.099776	0.224995
0.152862	0.276680
0.150081	0.306916
0.125411	0.286564
0.196082	0.402948
0.211415	0.420715
0.103403	0.168548
0.169637	0.296016
0.088881	0.140432
0.083458	0.157319
0.151520	0.218189
0.214176	1.279703
0.090848	0.145357
0.292567	1.160029
0.089580	0.175128
0.078096	0.139791
0.125392	0.238871
0.181598	0.552965
0.102033	0.149478
0.057536	0.146429
0.110632	0.226795
0.084706	0.232518
0.062608	0.173424
0.108055	0.151817
0.077601	0.197881
0.078228	0.160759
0.076465	0.196899
0.209367	0.706615
0.092022	0.226835
0.080115	0.179859
0.091403	0.166354
0.081630	0.108568
0.183835	0.658130
0.076830	0.208210
0.081612	0.136700
0.188925	0.742476
0.112843	0.402848
0.069868	0.120172
0.115540	0.333333
0.172026	0.276102
0.106693	0.253929
0.159769	0.368267
0.166487	0.342964
0.155062	0.419442
0.108686	0.091296
0.220057	0.312482
0.109991	0.184784
0.137356	0.295316
0.145565	0.415588
0.274967	0.753410
0.105576	0.101881
0.125912	0.216569
0.144766	0.256235
0.208288	0.847734
0.108771	0.265400
0.112006	0.200491
0.288919	1.278467
0.240862	0.405852
0.159531	0.231320
0.101758	0.148058
0.124111	0.153898
0.106917	0.107451
0.206718	0.487855
0.107273	0.131410
0.245759	1.070282
0.094740	0.135005
0.098667	0.124813
0.163585	0.321445
0.146959	0.252035
0.161768	0.296036
0.133809	0.508476
0.151507	0.344679
0.272416	1.007938
0.122752	0.234456
0.093076	0.110294
0.098807	0.129437
0.125702	0.409161
0.199921	0.518794
0.089842	0.177887
0.092280	0.175794
0.106042	0.311234
0.107548	0.279624
0.090649	0.202601
0.102559	0.134352
0.096044	0.109490
0.229226	0.724355
0.097217	0.184227
0.133555	0.195658
0.205277	0.790317
0.123287	0.166437
0.120256	0.188803
0.121570	0.316083
0.084369	0.111790
0.161259	0.481358
0.240408	0.393067
0.106414	0.219213
0.133385	0.274106
0.074445	0.138840
0.142417	0.190127
0.139698	0.204657
0.110536	0.269156
0.127452	0.338386
0.181603	0.225188
0.089675	0.225982
0.072887	0.115162
0.182898	0.316413
0.092390	0.123341
0.155995	0.294050
0.109966	0.176495
0.180604	0.409971
0.184127	0.179524
0.095496	0.129875
0.173044	0.629880
0.130332	0.145320
0.088266	0.162851
0.172541	0.326965
0.129019	0.265133
0.095718	0.246475
0.204620	0.560658
0.136642	0.162604
0.202129	0.434578
0.132555	0.405618
0.186408	0.462293
0.119144	0.196588
0.223008	0.366849
0.191312	0.473497
0.135407	0.168582
0.209222	0.503179
0.226009	0.885953
0.093745	0.105463
0.280800	1.256578
0.164610	0.445271
0.100021	0.188540
0.123901	0.293646
0.114829	0.357693
0.088320	0.118791
0.151125	0.268247
