Velocity(m/s)	Chord(mm)
0.108051	0.096706
0.091815	0.121196
0.153078	0.136239
0.169105	0.142048
0.131851	0.173384
0.124896	0.154871
0.186111	0.417818
0.180785	0.303719
0.122190	0.134408
0.176617	0.269340
0.271924	0.841605
0.152719	0.173336
0.172176	0.207472
0.204636	0.435875
0.204103	0.308196
0.191162	0.167267
0.101511	0.110647
0.146944	0.299032
0.141292	0.194276
0.204105	0.272480
0.128333	0.118708
0.232111	0.234432
0.121379	0.109848
0.165820	0.271115
0.152403	0.118112
0.198765	0.488961
0.148329	0.364889
0.138786	0.244263
0.207345	0.805534
0.168919	0.304054
0.146048	0.381185
0.155439	0.310877
0.152841	0.638110
0.143191	0.316453
0.129707	0.234769
0.132472	0.225202
0.088849	0.127498
0.112424	0.171447
0.109059	0.209938
0.124802	0.300150
0.222649	0.401881
0.136618	0.123640
0.108679	0.172256
0.084316	0.124788
0.093916	0.115517
0.118064	0.115702
0.086934	0.103886
0.132628	0.190320
0.156691	0.155908
0.087910	0.104613
0.086618	0.089216
0.179679	0.278503
0.177314	0.391865
0.149340	0.197129
0.206233	0.260885
0.152181	0.187183
0.184295	0.388863
0.153619	0.207386
0.219861	0.391353
0.120668	0.101964
0.217775	0.550971
0.108102	0.147559
0.100674	0.181214
0.174674	0.502187
0.219240	1.382310
0.168075	0.342872
0.154866	0.374001
0.156766	0.301775
0.099430	0.105396
0.164383	0.302464
0.099155	0.138818
0.120822	0.148007
0.134585	0.180344
0.095831	0.111643
0.166710	0.454284
0.118164	0.164839
0.161436	0.281706
0.242959	1.358140
0.192292	0.251902
0.204118	0.309238
0.203097	0.276212
0.144681	0.129489
0.173684	0.266605
0.172848	0.179762
0.213208	0.318746
0.199414	0.238299
0.141157	0.156684
0.214753	0.239450
0.232247	0.231086
0.246569	0.210817
0.194092	0.227088
0.131045	0.139562
0.148395	0.124651
0.170556	0.127917
0.198891	0.227730
0.190353	0.212243
0.204236	0.274698
0.187996	0.242515
0.172978	0.268981
0.189739	0.337736
0.131747	0.138993
0.199943	0.375893
0.227024	0.591397
0.240603	0.564214
0.142691	0.185498
0.162573	0.158509
0.214054	0.235459
0.246553	0.366132
0.251947	0.259505
0.281299	0.201129
0.190032	0.231838
0.188991	0.194661
0.270839	0.613449
0.218781	0.214406
0.234147	0.571319
0.173929	0.288722
0.213813	0.350653
0.194763	0.268773
0.140401	0.144613
0.292939	0.786540
0.242912	0.306069
0.284963	0.404647
0.228758	0.186438
0.164257	0.170827
0.231405	0.358678
0.122969	0.126658
0.174648	0.172028
0.230825	0.257370
0.278202	0.571705
0.181471	0.227746
0.255350	0.427711
0.174882	0.275439
0.225468	0.430644
0.205756	0.377562
0.096894	0.149216
0.205263	0.524446
0.139898	0.155287
0.122264	0.129599
0.130765	0.135341
0.144686	0.225710
0.163245	0.270170
0.178346	0.156945
0.139068	0.171749
0.117926	0.145049
0.184562	0.295299
0.145031	0.222622
0.127550	0.132015
0.107477	0.157991
0.142955	0.166542
0.114290	0.127434
0.151245	0.300977
0.170398	0.428550
0.132842	0.199264
0.150763	0.270619
0.168622	0.354949
0.123602	0.126074
0.159214	0.206182
0.206253	0.487789
0.172945	0.244717
0.110718	0.137291
0.083402	0.099248
0.083073	0.130425
0.130536	0.172307
0.170336	0.330453
0.136345	0.202472
0.105122	0.273318
0.098450	0.211667
0.096193	0.146213
0.108063	0.184247
0.115481	0.180728
0.104417	0.267308
0.095174	0.229845
0.102540	0.107667
0.121119	0.171384
0.174616	0.353597
0.142457	0.253574
0.135889	0.171221
0.115375	0.154026
0.135943	0.231103
0.133545	0.328521
0.144710	0.196805
0.120523	0.173553
0.191577	0.552700
0.146321	0.181439
0.231893	0.681766
0.109650	0.136514
0.159483	0.187393
0.138871	0.193724
0.176786	0.316447
0.167812	0.122503
0.164492	0.276347
0.173753	0.238041
0.181556	0.214237
0.149530	0.133829
0.205668	0.307474
0.201966	0.302949
0.112277	0.117891
0.174238	0.277039
0.192461	0.368563
0.211253	0.476375
0.255307	1.322492
0.142152	0.179111
0.120232	0.364303
0.129738	0.161524
0.111532	0.131608
0.144005	0.220328
0.169656	0.295202
0.113102	0.124977
0.110005	0.110005
0.176590	0.432645
0.130437	0.205439
0.145951	0.288254
0.154349	0.318730
0.095141	0.191234
0.094710	0.199838
0.172937	0.242112
0.154754	0.210466
0.143017	0.163039
0.119437	0.147504
0.136462	0.272924
0.156668	0.217768
0.196499	0.820382
0.145106	0.274251
0.100153	0.132703
0.176602	0.404418
0.106184	0.126890
0.143077	0.237508
0.201485	0.247827
0.118456	0.142147
0.191031	0.213955
0.208230	0.318593
0.135236	0.240044
0.185247	0.158386
0.242761	0.470956
0.209335	0.469958
0.148927	0.139991
0.157620	0.170230
0.224250	0.301616
0.164822	0.149164
0.179146	0.225725
0.188309	0.243860
0.145005	0.226207
0.169157	0.153933
0.194347	0.463518
0.126497	0.170138
0.207688	0.153689
0.156580	0.280278
0.109058	0.137958
0.131310	0.519988
0.118942	0.170087
0.157410	0.306949
0.220721	1.067187
0.158475	0.318535
0.111269	0.222538
0.155265	0.149831
0.185821	0.170027
0.238993	0.472012
0.198598	0.247254
0.233683	0.454513
0.118124	0.122849
0.170448	0.143176
0.132931	0.138248
0.131093	0.115362
0.166134	0.264154
0.167811	0.229062
0.224467	0.387205
0.141817	0.186489
0.163973	0.240220
0.100305	0.099302
0.202323	0.495692
0.196839	0.560006
0.134009	0.204363
0.138363	0.171570
0.123150	0.217360
0.123959	0.282008
0.163021	0.718922
0.121570	0.245572
0.131354	0.732955
0.097545	0.098520
0.115851	0.198685
0.106611	0.197764
0.090187	0.107774
0.093495	0.145384
0.142198	0.189123
0.182188	0.462757
0.144284	0.187569
0.173913	0.344348
0.161040	0.320469
0.154190	0.318402
0.178449	0.366713
0.111519	0.148320
0.163402	0.294941
0.106467	0.212934
0.096152	0.208650
0.139158	0.402862
0.100570	0.168958
0.073474	0.111313
0.096713	0.232594
0.098674	0.147518
0.193005	0.374430
0.220296	0.365691
0.245353	0.260074
0.276539	0.298662
0.183741	0.174554
0.120635	0.107969
0.178149	0.224468
0.125123	0.277147
0.125794	0.118876
0.161638	0.207704
0.106085	0.163902
0.115282	0.153901
0.153499	0.367630
0.113008	0.114703
0.116419	0.201404
0.138405	0.316947
0.114963	0.151751
0.102720	0.212117
0.093111	0.198792
0.092441	0.132653
0.115782	0.248353
0.142597	0.532601
0.086749	0.233356
0.131208	0.249296
0.096456	0.170727
0.096864	0.122534
0.150965	0.117753
0.158998	0.290966
0.112872	0.135447
0.193713	0.301223
0.171986	0.248519
0.128622	0.200651
0.147619	0.231024
0.133511	0.104138
0.144470	0.227540
0.206397	0.463360
0.125570	0.127453
0.139939	0.111251
0.130238	0.116563
0.167196	0.173048
0.243863	0.677940
0.149029	0.125185
0.140609	0.111784
0.195658	0.279792
0.105018	0.134423
0.168268	0.319710
0.211230	0.344305
0.155479	0.199014
0.209271	0.400754
0.138104	0.196799
0.244806	0.429634
0.195837	0.234025
0.220532	0.220532
0.208273	0.423837
0.119346	0.261367
0.077536	0.129485
0.202503	0.745212
0.178884	0.336302
0.145725	0.102007
0.244901	0.253472
0.192901	0.124421
0.186764	0.155948
0.176882	0.204299
0.150326	0.239019
0.212341	0.436362
0.133736	0.130393
0.145605	0.144877
0.181736	0.248069
0.123786	0.134927
0.171938	0.186553
0.230566	0.282443
0.224172	0.465157
0.168960	0.231475
0.178257	0.386818
0.186554	0.398292
0.148191	0.140040
0.125495	0.122985
0.122056	0.093373
0.173363	0.120488
0.275228	0.533943
0.140948	0.138129
0.226390	0.560315
0.125112	0.183914
0.141009	0.210104
0.202613	0.418396
0.155748	0.309938
0.117712	0.106529
0.172983	0.167794
0.111707	0.097185
0.205048	0.451107
0.178703	0.201041
0.235214	0.179938
0.194564	0.197482
0.246467	0.448570
0.258203	0.411834
0.259512	0.509941
0.205915	0.460219
0.199780	0.204774
0.192050	0.289035
0.141087	0.122746
0.146681	0.170884
0.279790	0.849164
0.144278	0.147885
0.182559	0.160652
0.189053	0.368653
0.174787	0.208870
0.214705	0.478793
0.068776	0.148556
0.134710	0.169734
0.125110	0.158264
0.152918	0.214850
0.216075	0.351122
0.206338	0.210465
0.194481	0.171143
0.123479	0.226584
0.276334	0.625896
0.215603	0.131518
0.170309	0.126029
0.173797	0.122527
0.169004	0.203650
0.236252	0.459510
0.193886	0.390680
0.185645	0.273826
0.178275	0.197885
0.135775	0.201626
0.126613	0.148770
0.171400	0.305949
0.188781	0.335086
0.140267	0.184451
0.121248	0.150954
0.177340	0.196848
0.296311	0.288903
0.211055	0.147738
0.340431	0.651925
0.327698	0.483355
0.247047	0.265576
0.189747	0.115746
0.147204	0.122180
0.190881	0.271050
0.168485	0.317594
0.200974	0.447166
0.242583	0.490018
0.194228	0.276775
0.144307	0.121940
0.228853	0.528651
0.196557	0.214247
0.153176	0.168493
0.148618	0.276429
0.126912	0.133892
0.100814	0.119969
0.098183	0.165929
0.136018	0.238711
0.163031	0.397796
0.131807	0.369059
0.191365	0.482241
0.098472	0.144261
0.139682	0.204634
0.167534	0.557890
0.133741	0.340372
0.088508	0.122142
0.098456	0.229402
0.125789	0.222017
0.167306	0.204113
0.155263	0.319065
0.119566	0.295328
0.110393	0.166694
0.137911	0.229622
0.126779	0.237076
0.091040	0.136105
0.080769	0.093288
0.123418	0.119716
0.067850	0.089902
0.135474	0.558155
0.134950	0.349522
0.094860	0.153199
0.125169	0.148326
0.149206	0.158158
0.262715	0.424285
0.266650	0.318647
0.253247	0.289968
0.265258	0.557041
0.244339	0.502117
0.268234	0.464044
0.264836	0.488622
0.295630	0.569087
0.217021	0.261511
0.230589	0.221365
0.241857	0.282973
0.258987	0.419559
0.233589	0.434476
0.122136	0.105648
0.195701	0.285724
0.225392	0.455291
0.192975	0.304900
0.233477	0.268498
0.110374	0.118100
0.133482	0.158176
0.198287	0.286525
0.222998	0.209618
0.265755	0.317577
0.169713	0.141711
0.194989	0.245686
0.127616	0.128892
0.117102	0.226007
0.150396	0.345912
0.096039	0.114286
0.138737	0.193538
0.169105	0.222373
0.120725	0.153320
0.179763	0.292114
0.174175	0.382315
0.184045	0.250301
0.116293	0.165718
0.150762	0.177899
0.177317	0.278388
0.154151	0.207333
0.218228	0.677597
0.118308	0.113575
0.122233	0.134456
0.182041	0.304918
0.129858	0.122066
0.140261	0.216002
0.167835	0.264340
0.161640	0.280445
0.173845	0.311183
0.096072	0.106640
0.130437	0.174785
0.139454	0.227310
0.169363	0.556357
0.129128	0.222745
0.294330	0.625452
0.232141	1.065528
0.165880	0.209838
0.182075	0.171151
0.129338	0.122871
0.137865	0.150273
0.175678	0.267030
0.208391	0.515769
0.105576	0.119829
0.134405	0.206311
0.171863	0.299901
0.135806	0.161609
0.150827	0.211157
0.128646	0.183320
0.143649	0.163760
0.149545	0.272920
0.120664	0.277528
0.131069	0.186773
0.132582	0.276434
0.119782	0.205425
0.129277	0.202318
0.110060	0.185451
0.124353	0.167255
0.095043	0.115477
0.097236	0.102098
0.165063	0.274005
0.109862	0.127440
0.152098	0.344503
0.083324	0.112071
0.117854	0.193870
0.101643	0.138743
0.106044	0.183986
0.077169	0.126943
0.109807	0.155377
0.104629	0.235938
0.101668	0.160635
0.140460	0.208583
0.149310	0.136619
0.153259	0.247513
0.194359	0.509219
0.147861	0.184826
0.164909	0.122857
0.168316	0.414057
0.090945	0.130052
0.089143	0.171154
0.157269	0.304315
0.108532	0.277842
0.105354	0.183842
0.135460	0.356260
0.106809	0.187984
0.236173	1.340283
0.182859	0.353831
0.201314	0.393568
0.137990	0.205605
0.181573	0.342266
0.206580	0.335693
0.209818	0.344102
0.213322	0.328515
0.206496	0.291159
0.209167	0.290743
0.167125	0.151248
0.164078	0.366715
0.095151	0.124647
0.147573	0.715731
0.175350	0.296341
0.179325	0.219673
0.234601	0.540754
0.130642	0.139134
0.138367	0.145977
0.101607	0.109228
0.101663	0.098614
0.132957	0.152236
0.161734	0.261201
0.113501	0.182169
0.141269	0.187887
0.110617	0.220127
0.121776	0.174140
0.126318	0.283585
0.094585	0.205249
0.105271	0.106324
0.115321	0.132043
0.092468	0.166905
0.099681	0.145535
0.110192	0.128925
0.134050	0.392096
0.133148	0.205048
0.135558	0.210793
0.094823	0.158355
0.122451	0.205718
0.164321	0.340966
0.107610	0.248578
0.134990	0.386748
0.131829	0.257725
0.121387	0.199682
0.097434	0.101331
0.107023	0.127892
0.168002	0.478804
0.288886	1.886428
0.113252	0.131373
0.132919	0.179441
0.164209	0.388355
0.151273	0.159593
0.168978	0.324438
0.140219	0.140219
0.186096	0.211219
0.247497	0.452919
0.187014	0.330079
0.191999	0.201599
0.196342	0.601789
0.126562	0.124663
0.206384	0.523183
0.129168	0.113022
0.120628	0.121834
0.137695	0.208608
0.169415	0.549751
0.144126	0.309151
0.143037	0.202397
0.114643	0.149035
0.181681	0.485998
0.148918	0.297837
0.153421	0.221693
0.181042	0.318634
0.168995	0.355735
0.142097	0.228065
0.132281	0.131620
0.171495	0.238378
0.204829	0.477252
0.190923	0.304522
0.172551	0.277807
0.107239	0.104558
0.217312	0.382469
0.136770	0.148395
0.257915	0.434587
0.244175	0.280801
0.215259	0.217412
0.365211	1.071893
0.316672	0.577926
0.338582	0.531574
0.315872	0.655435
0.204623	0.324328
0.197301	0.172638
0.158111	0.166017
0.205590	0.136717
0.236926	0.227449
0.251736	0.329774
0.176722	0.217367
0.264376	0.342367
0.247590	0.357767
0.183902	0.163673
0.159551	0.194652
0.171305	0.134474
0.318578	0.570255
0.366130	0.701139
0.282113	0.244028
0.254117	0.278258
0.196145	0.322658
0.302914	0.308972
0.317924	0.230495
0.303864	0.267400
0.472708	0.716153
0.336531	0.338214
0.277606	0.109654
0.283289	0.123231
0.266953	0.289644
0.336505	0.360060
0.195219	0.146414
0.248577	0.278406
0.234513	0.127809
0.241062	0.319407
0.302600	0.541654
0.224012	0.339378
0.265460	0.342444
0.463377	1.255752
0.199210	0.305787
0.161440	0.140452
0.206255	0.257819
0.249521	0.456623
0.233496	0.284865
0.243985	0.508708
0.212505	0.234818
0.264194	0.357982
0.291198	0.294110
0.214153	0.153119
0.326352	0.943158
0.139890	0.109115
0.212209	0.142180
0.234048	0.149791
0.206667	0.122967
0.145513	0.215359
0.127324	0.120321
0.169231	0.148077
0.188035	0.220001
0.214299	0.387881
0.180673	0.187900
0.182977	0.138148
0.142957	0.176551
0.157361	0.254138
0.152221	0.203215
0.136098	0.125891
0.137912	0.124811
0.109798	0.208615
0.150819	0.245081
0.250000	0.561250
0.197799	0.427245
0.194719	0.301815
0.123769	0.225878
0.113652	0.163659
0.118010	0.162263
0.139691	0.340846
0.142350	0.264059
0.174561	0.339521
0.109668	0.134891
0.111519	0.203522
0.122030	0.186706
0.117896	0.199834
0.128090	0.281797
0.173740	0.572473
0.151592	0.269076
0.183321	0.452803
0.107134	0.201948
0.094072	0.198492
0.127611	0.302437
0.138015	0.316744
0.090566	0.171622
0.090009	0.154365
0.117876	0.177993
0.077737	0.108054
0.107915	0.178059
0.112433	0.171460
0.121253	0.227350
0.128264	0.169950
0.243640	0.356933
0.230756	0.201912
0.205077	0.125097
0.363628	0.878163
0.241552	0.299524
0.275523	0.515228
0.250671	1.233300
0.213061	0.287632
0.183238	0.413203
0.217699	0.557310
0.124172	0.175703
0.218911	0.320705
0.109976	0.147917
0.122913	0.283928
0.111495	0.173374
0.119631	0.212346
0.105845	0.189462
0.107307	0.202810
0.132770	0.286784
0.114067	0.179085
0.186464	0.520234
0.144297	0.219332
0.137342	0.178545
0.148202	0.139310
0.170852	0.193917
0.160553	0.166975
0.165073	0.298782
0.143390	0.168483
0.190761	0.310941
0.133310	0.133310
0.150164	0.268042
0.179574	0.295398
0.180093	0.291751
0.209742	0.287347
0.222082	0.363104
0.193242	0.275369
0.173744	0.171138
0.165711	0.229509
0.129547	0.195616
0.199174	0.534782
0.211961	0.489630
0.134524	0.149994
0.158502	0.142652
0.160021	0.234431
0.159539	0.175493
0.163181	0.209688
0.169689	0.167992
0.131686	0.258104
0.131751	0.339917
0.120635	0.279874
0.135043	0.308573
0.098757	0.092338
0.162806	0.430622
0.128140	0.181959
0.120509	0.123522
0.188142	0.223889
0.147381	0.200438
0.169889	0.206415
0.165770	0.227105
0.160614	0.265816
0.128287	0.211032
0.092587	0.141195
0.113727	0.168316
0.115124	0.184199
0.123338	0.384198
0.127479	0.161898
0.107894	0.128934
0.097554	0.108284
0.117577	0.253967
0.085855	0.158403
0.115310	0.181037
0.126331	0.216027
0.135156	0.210843
0.120940	0.154804
0.116182	0.146970
0.159951	0.182345
0.187325	0.147050
0.175449	0.229838
0.228544	0.457089
0.152349	0.206433
0.157334	0.167561
0.240095	0.507800
0.162976	0.302321
0.225188	0.488658
0.155439	0.127460
0.123686	0.124305
0.149200	0.179040
0.380447	0.682902
0.221963	0.229732
0.180482	0.132654
0.137920	0.131024
0.201110	0.273509
0.199570	0.216533
0.137438	0.144309
0.182694	0.216493
0.192906	0.455258
0.169312	0.141376
0.138762	0.183859
0.128095	0.142185
0.140859	0.184525
0.119106	0.129230
0.103397	0.162850
0.159371	0.153793
0.159262	0.164040
0.223212	0.295756
0.229032	0.652740
0.190832	0.216594
0.147517	0.143091
0.166674	0.356682
0.098936	0.127132
0.161721	0.238538
0.200330	0.237391
0.144352	0.141465
0.166603	0.144112
0.215922	0.177056
0.174514	0.113434
0.126393	0.101115
0.170892	0.125606
0.221226	0.280957
0.192152	0.175819
0.171139	0.160015
0.186805	0.206419
0.161083	0.180413
0.222794	0.216110
0.191546	0.315092
0.196885	0.223465
0.220847	0.354460
0.159771	0.119828
0.258650	0.446171
0.216335	0.133046
0.159731	0.152543
0.184825	0.233804
0.221954	0.415055
0.169223	0.181069
0.132091	0.151244
0.098448	0.144226
0.124435	0.167365
0.192004	0.371527
0.134536	0.130500
0.162670	0.143150
0.159616	0.221866
0.189278	0.376663
0.192581	0.225319
0.180660	0.289056
0.193401	0.382934
0.148108	0.156995
0.202632	0.612963
0.108878	0.133920
0.263955	0.686283
0.125834	0.273060
0.203804	0.274116
0.169774	0.326816
0.197111	0.252302
0.245116	0.647106
0.147162	0.231781
0.167965	0.138571
0.210238	0.190266
0.159908	0.352598
0.193558	0.261303
0.189161	0.298874
0.133720	0.220638
0.256012	0.357137
0.225372	0.251290
0.231981	0.338693
0.300525	0.507887
0.223096	0.220865
0.226600	0.177881
0.180797	0.208820
0.201317	0.303989
0.199788	0.219767
0.230470	1.011762
0.319294	0.611447
0.180211	0.163992
0.226231	0.196821
0.189979	0.164332
0.232197	0.232197
0.277805	1.475143
0.294872	0.678206
0.182957	0.188445
0.217955	0.420653
0.152708	0.202338
0.136067	0.167363
0.144385	0.197808
0.137459	0.129899
0.159615	0.256980
0.271272	0.771769
0.136333	0.163599
0.166845	0.341199
0.188541	0.439301
0.106200	0.167797
0.154930	0.172747
0.204884	0.318594
0.297085	1.124467
0.140728	0.131581
0.209075	0.396197
0.133137	0.161761
0.180635	0.493133
0.138013	0.229792
0.166462	0.197258
0.190276	0.363428
0.191050	0.336248
0.191017	0.329505
0.113799	0.094453
0.208481	0.407581
0.140548	0.153900
0.218610	0.368358
0.218205	0.506236
0.153564	0.128226
0.159068	0.177360
0.169917	0.280364
0.179270	0.322685
0.144412	0.252720
0.208956	0.335375
0.202302	0.404604
0.290486	0.958604
0.218072	0.423059
0.177802	0.101347
0.166530	0.125730
0.194456	0.257655
0.156746	0.212391
0.193952	0.289959
0.113918	0.139549
0.125575	0.241732
0.082735	0.172503
0.166176	0.281668
0.140801	0.197825
0.156442	0.278466
0.184750	0.207844
0.201841	0.203859
0.252843	0.576482
0.210253	0.446789
0.219529	0.330391
0.198782	0.355819
0.199188	0.281851
0.215171	0.205489
0.243632	0.739424
0.200602	0.295888
0.193279	0.130463
0.155367	0.342584
0.108717	0.165249
0.143077	0.145939
0.234482	0.667102
0.116947	0.205826
0.126151	0.229594
0.115100	0.166895
0.110648	0.198061
0.097560	0.115120
0.111579	0.114369
0.148014	0.304169
0.124838	0.220339
0.124464	0.168026
0.122974	0.261934
0.132855	0.164075
0.138388	0.247715
0.171885	0.448620
0.130413	0.215833
0.102742	0.108907
0.156015	0.400178
0.161289	0.240321
0.106896	0.231964
0.090379	0.156807
0.086388	0.142108
0.118423	0.189477
0.118380	0.220187
0.105939	0.145136
0.114626	0.256190
0.109470	0.139574
0.089156	0.142650
0.084688	0.124068
0.137476	0.411740
0.092610	0.122708
0.107786	0.296949
0.112746	0.279609
0.132612	0.153166
0.099214	0.144853
0.161141	0.453613
0.171627	0.316652
0.170876	0.248625
0.159786	0.304393
0.198964	0.978903
0.083775	0.130689
0.101117	0.144597
0.110237	0.153780
0.104361	0.195676
0.098691	0.240312
0.066385	0.105552
0.122701	0.254605
0.140926	0.325540
0.123060	0.251658
0.130717	0.381695
0.121220	0.330930
0.144081	0.387579
0.128179	0.297375
0.098274	0.139058
0.065812	0.098389
0.080568	0.127298
0.039393	0.109710
0.102245	0.174328
0.161132	0.351269
0.113682	0.158018
0.107131	0.145162
0.112079	0.147384
0.117189	0.188089
0.131307	0.117520
0.130626	0.269743
0.127847	0.200080
0.083094	0.105529
0.128968	0.135417
0.110248	0.135605
0.126018	0.164453
0.095863	0.128936
0.142032	0.375676
0.109844	0.129067
0.114782	0.357546
0.149609	0.408432
0.149164	0.285648
0.078982	0.144933
0.128646	0.318399
0.130073	0.203564
0.058562	0.101897
0.135862	0.167110
0.172232	0.360826
0.182313	0.355509
0.139907	0.230148
0.135743	0.322390
0.213797	0.169969
0.272560	0.279374
0.306658	0.665447
0.170311	0.200116
0.134904	0.325793
0.188632	0.248051
0.209841	0.323155
0.192688	0.173419
0.227302	0.395505
0.118619	0.125736
0.227001	0.528913
0.139824	0.226515
0.196524	0.399925
0.220950	0.749021
0.129483	0.166386
0.143322	0.208534
0.195158	0.402026
0.230280	0.391476
0.159029	0.169366
0.177151	0.311785
0.228704	0.498576
0.163675	0.267609
0.226202	0.529314
0.198744	0.129184
0.154062	0.171779
0.206794	0.349482
0.125229	0.137125
0.169223	0.494978
0.120488	0.144585
0.129365	0.124191
0.142261	0.160044
0.130201	0.225899
0.187125	0.518337
0.153004	0.243276
0.140682	0.256041
0.188359	0.214729
0.120401	0.155920
0.125029	0.186918
0.084366	0.123175
0.148758	0.266277
0.150514	0.243081
0.125904	0.166193
0.166145	0.327306
0.154840	0.287228
0.102919	0.167758
0.099020	0.159422
0.118808	0.141382
0.134042	0.149457
0.173826	0.208591
0.139476	0.124134
0.126763	0.144510
0.129176	0.182138
0.127137	0.174178
0.184909	0.318968
0.160984	0.212498
0.209556	0.829844
0.151294	0.299562
0.180008	0.556225
0.101221	0.283924
0.121792	0.188777
0.120858	0.133548
0.145337	0.156237
0.182411	0.323780
0.147878	0.156751
0.251680	0.260488
0.160395	0.263850
0.236814	0.517440
0.152246	0.136260
0.137586	0.167855
0.148092	0.199184
0.194484	0.247967
0.162628	0.172386
0.181152	0.163943
0.228012	0.482246
0.143485	0.180792
0.177034	0.248733
0.146492	0.341327
0.153234	0.216827
0.127786	0.215320
0.201364	0.611141
0.179779	0.142026
0.150027	0.135774
0.132835	0.148111
0.164631	0.116065
0.220885	0.356729
0.168043	0.171404
0.200257	0.237305
0.271955	0.713882
0.216887	0.299304
0.158716	0.273785
0.218117	0.347896
0.100524	0.093488
0.221674	0.549753
0.218454	0.304743
0.242412	0.401192
0.213296	0.270886
0.146782	0.137241
0.140010	0.166611
0.151647	0.132691
0.226833	0.420775
0.197703	0.364761
0.189243	0.322659
0.149199	0.127565
0.169341	0.412344
0.111594	0.249412
0.210542	0.460033
0.127492	0.160003
0.110268	0.135629
0.089517	0.118609
0.189876	0.477538
0.143222	0.171867
0.220799	0.476926
0.183790	0.306010
0.170104	0.203275
0.123477	0.171633
0.172551	0.232081
0.218258	0.363400
0.217705	0.512696
0.174481	0.382113
0.131286	0.146383
0.162062	0.298194
0.123759	0.127472
0.112870	0.120206
0.217900	0.393309
0.258945	0.315913
0.256072	0.339296
0.151080	0.155612
0.136965	0.254071
0.170923	0.176050
0.282280	0.183482
0.320746	0.357632
0.308821	0.707199
0.262472	0.475075
0.173160	0.122078
0.231412	0.214056
0.213900	0.224595
0.261630	0.294333
0.206393	0.198137
0.257002	0.497299
0.179508	0.166943
0.244272	0.454347
0.145002	0.143552
0.200697	0.405408
0.149038	0.132644
0.214337	0.393308
0.158518	0.330509
0.138224	0.138224
0.206488	0.490410
0.228039	0.426433
0.160899	0.239739
0.122945	0.162288
0.169374	0.214258
0.119349	0.129494
0.296678	0.541437
0.345441	0.388621
0.244269	0.235720
0.260958	0.274006
0.285874	0.403083
0.192547	0.510250
0.164678	0.238783
0.137816	0.119210
0.104051	0.104571
0.188327	0.293790
0.145699	0.149342
0.200512	0.455161
0.267012	0.472611
0.212128	0.285312
0.259956	0.302849
0.205379	0.244401
0.143138	0.102344
0.259012	0.840492
0.128650	0.218705
0.161731	0.360660
0.158559	0.344072
0.120067	0.189706
0.136370	0.197737
0.148227	0.160826
0.164897	0.183860
0.135227	0.173091
0.127142	0.138585
0.213661	0.386727
0.211917	0.254300
0.254068	0.485271
0.157170	0.142239
0.219396	0.164547
0.152732	0.131350
0.185060	0.180433
0.251691	0.322164
0.166111	0.145347
0.184383	0.199134
0.205745	0.341537
0.165723	0.296643
0.185107	0.309128
0.164855	0.159085
0.218252	0.589281
0.155823	0.203349
0.142079	0.240114
0.137373	0.221171
0.201171	0.278621
0.172660	0.246904
0.143874	0.164736
0.140297	0.126968
0.201820	0.396576
0.192557	0.363932
0.154440	0.212355
0.140368	0.152299
0.216618	0.406159
0.113506	0.104993
0.168778	0.193250
0.143485	0.144920
0.187944	0.228352
0.206419	0.295179
0.180739	0.163569
0.213742	0.263972
0.217875	0.287595
0.125540	0.106081
0.259305	0.796067
0.127851	0.141276
0.200133	0.376250
0.154589	0.273623
0.156490	0.302026
0.151680	0.207043
0.113526	0.113526
0.129344	0.155213
0.155671	0.204708
0.215981	0.441681
0.116503	0.159026
0.175764	0.351528
0.167114	0.383528
0.165485	0.301183
0.169551	0.351818
0.120037	0.237674
0.122403	0.204413
0.118602	0.160706
0.156711	0.322042
0.239762	0.540664
0.155370	0.302971
0.128180	0.224955
0.136809	0.143650
0.207200	0.215488
0.141503	0.141503
0.136745	0.212638
0.117201	0.187521
0.151409	0.243769
0.197536	0.479025
0.128583	0.243022
0.148337	0.132020
0.142685	0.258260
0.182797	0.244947
0.265101	0.601779
0.194654	0.178108
0.184414	0.126323
0.235525	0.114229
0.267679	0.655813
0.221518	0.228163
0.223341	0.141822
0.125385	0.095920
0.122130	0.112970
0.218269	0.946195
0.188474	0.285538
0.155869	0.206526
0.164658	0.314497
0.161348	0.363839
0.151953	0.181584
0.206825	0.611169
0.121086	0.259123
0.160543	0.319480
0.152364	0.290253
0.108397	0.146878
0.137921	0.313771
0.082989	0.105811
0.180908	0.326539
0.157931	0.345868
0.133611	0.153653
0.149491	0.494069
0.207627	0.709045
0.134708	0.224963
0.151384	0.232374
0.180922	0.340134
0.134465	0.253467
0.186127	0.425300
0.180334	0.196564
0.139108	0.224659
0.122289	0.126569
0.176447	0.278787
0.151963	0.209709
0.100741	0.173778
0.106068	0.315552
0.098162	0.171292
0.125442	0.291025
0.076564	0.104510
0.122922	0.244616
0.123042	0.225166
0.179881	0.222153
0.173012	0.253462
0.196633	0.325428
0.310265	0.538310
0.183238	0.218970
0.154020	0.119365
0.099973	0.095974
0.182270	0.420131
0.156324	0.228233
0.154388	0.364355
0.135940	0.193714
0.139624	0.156378
0.166057	0.304715
0.178341	0.232735
0.301547	1.705246
0.132556	0.157078
0.199280	0.428452
0.184256	0.456954
0.200287	0.267383
0.221165	0.273139
0.152335	0.124153
0.147189	0.211951
0.204797	0.251900
0.192391	0.241450
0.204177	0.344038
0.227842	0.395306
0.181743	0.276249
0.137750	0.114333
0.149731	0.127271
0.159504	0.514400
0.149987	0.322472
0.107865	0.783642
0.119473	0.177418
0.115109	0.302161
0.133274	0.151266
0.152977	0.305954
0.098519	0.106401
0.164677	0.379580
0.109479	0.202536
0.125164	0.173978
0.120568	0.208582
0.081085	0.111492
0.077730	0.095608
0.095250	0.126683
0.116861	0.206844
0.143651	0.269345
0.098241	0.156694
0.089085	0.157681
0.130573	0.123392
0.193941	0.829098
0.171157	0.367988
0.106151	0.159226
0.171593	0.253957
0.165583	0.242579
0.164622	0.220593
0.136488	0.153549
0.170707	0.266304
0.136175	0.219923
0.146280	0.307919
0.160633	0.261028
0.181582	0.384046
0.173286	0.348304
0.178573	0.213394
0.184263	0.447759
0.155743	0.295912
0.138425	0.202792
0.131036	0.162485
0.123486	0.127190
0.135145	0.160147
0.139884	0.148277
0.244460	0.525588
0.158108	0.218189
0.122407	0.118735
0.154065	0.229557
0.131943	0.189998
0.160794	0.301489
0.092456	0.145155
0.178208	0.371564
0.167706	0.228081
0.198403	0.378949
0.128293	0.166781
0.154435	0.183005
0.159117	0.217194
0.201671	0.529386
0.131695	0.185691
0.177449	0.286580
0.184599	0.472573
0.126842	0.159186
0.164083	0.178030
0.152675	0.155728
0.147120	0.186843
0.170822	0.281856
0.146600	0.175187
0.100635	0.132336
0.086040	0.148420
0.094386	0.160928
0.131303	0.232407
0.122815	0.151677
0.107086	0.169195
0.147462	0.132716
0.203165	0.450010
0.136945	0.126674
0.165512	0.229234
0.163283	0.142872
0.207036	0.368523
0.153554	0.193478
0.147449	0.242553
0.135493	0.147688
0.166559	0.338948
0.141667	0.169292
0.108919	0.135604
0.120263	0.118459
0.205259	0.423860
0.200934	0.434017
0.132127	0.214706
0.239763	0.975835
0.184596	0.387651
0.179657	0.351229
0.189982	0.408461
0.208046	0.303747
0.295964	0.368475
0.297261	0.283885
0.206409	0.175448
0.235499	0.202529
0.182808	0.204745
0.171674	0.177682
0.186055	0.212103
0.169914	0.156320
0.157892	0.184733
0.235444	0.361406
0.226002	0.242952
0.227041	0.240664
0.269103	0.477658
0.134688	0.111791
0.250951	0.731523
0.167874	0.378556
0.169588	0.212833
0.129012	0.128367
0.165189	0.177578
0.185425	0.255886
0.213392	0.259272
0.261192	0.406153
0.140586	0.173623
0.164571	0.139885
0.185796	0.662363
0.156176	0.149148
0.295868	0.363918
0.343235	1.096635
0.251948	0.395558
0.240632	0.720693
0.222263	0.305611
0.241366	0.433251
0.146948	0.139601
0.140953	0.159982
0.167572	0.187681
0.189857	0.368323
0.169836	0.287024
0.098977	0.234575
0.095212	0.157100
0.257644	0.449589
0.123758	0.103957
0.230296	0.285567
0.136346	0.110440
0.221459	0.264643
0.260626	0.473036
0.298077	0.304038
0.182039	0.196602
0.246689	0.208452
0.200763	0.168641
0.183783	0.229728
0.249230	0.280384
0.167386	0.147299
0.202776	0.136874
0.285377	0.527948
0.242009	0.194817
0.201113	0.340887
0.222178	0.413250
0.292389	0.364025
0.276123	0.222279
0.306199	0.362846
0.263606	0.264924
0.368806	0.440723
0.195096	0.171684
0.189826	0.231588
0.133641	0.158364
0.242741	0.405378
0.202987	0.587648
0.265339	0.591706
0.185832	0.256448
0.184519	0.235262
0.170485	0.180715
0.206929	0.231760
0.195680	0.140889
0.170238	0.162577
0.179079	0.157589
0.206886	0.268952
0.191566	0.262446
0.146045	0.138743
0.128687	0.153138
0.248480	0.454719
0.160118	0.156916
0.155589	0.227160
0.113301	0.097439
0.168146	0.147128
0.180092	0.313360
0.182728	0.399260
0.132617	0.139248
0.123037	0.166100
0.097416	0.140279
0.099972	0.164954
0.138856	0.222863
0.113919	0.118475
0.110190	0.166937
0.047645	0.118160
0.079757	0.121231
0.137005	0.180161
0.172885	0.231666
0.154337	0.219931
0.225652	0.428740
0.148772	0.177783
0.189104	0.221251
0.105052	0.130789
0.094833	0.110954
0.111732	0.156983
0.096083	0.212342
0.157446	0.730550
0.129982	0.183925
0.097039	0.172730
0.129149	0.215032
0.115116	0.283761
0.095512	0.217289
0.107902	0.283782
0.081587	0.108511
0.107419	0.154147
0.117062	0.160961
0.210328	0.434327
0.116664	0.137664
0.105623	0.214414
0.120555	0.194094
0.192975	0.223851
0.167231	0.120407
0.228418	0.382601
0.177007	0.259316
0.155844	0.183896
0.117473	0.145666
0.128552	0.260317
0.126848	0.286042
0.144992	0.200814
0.132739	0.122120
0.154790	0.182653
0.123914	0.176577
0.092935	0.128250
0.144896	0.364413
0.226112	1.003937
0.201157	0.336937
0.179099	0.451331
0.058373	0.082014
0.094387	0.190662
0.061158	0.114672
0.112372	0.239353
0.150555	0.163352
0.083112	0.145030
0.136746	0.148370
0.245525	0.907215
0.147777	0.152211
0.138698	0.136617
0.100941	0.151412
0.060859	0.105894
0.109778	0.268956
0.090993	0.098727
0.260389	1.831840
0.155259	0.322162
0.100440	0.100440
0.132293	0.316842
0.188368	0.550035
0.158424	0.255856
0.159485	0.224077
0.122360	0.226367
0.120684	0.354207
0.154607	0.207173
0.197301	0.457738
0.191913	0.212064
0.308089	0.238769
0.517557	0.556374
0.237865	0.108228
0.306852	0.214797
0.324985	0.154368
0.220959	0.167929
0.282091	0.413263
0.234190	0.243557
0.310480	0.296508
0.151017	0.150262
0.252336	0.399953
0.124670	0.134020
0.130863	0.318653
0.155665	0.263852
0.133277	0.195251
0.145148	0.227882
0.140419	0.182544
0.149828	0.327375
0.136767	0.170275
0.179379	0.256512
0.183128	0.177635
0.118031	0.121572
0.180224	0.264929
0.102994	0.161185
0.105769	0.140673
0.107634	0.128622
0.164991	0.388553
0.174389	0.247632
0.159209	0.228466
0.167270	0.200724
0.109097	0.151645
0.112222	0.161600
0.161899	0.437128
0.104283	0.125139
0.106908	0.132031
0.179486	0.254870
0.181961	0.262024
0.135045	0.127618
0.181260	0.473995
0.132665	0.240123
0.161672	0.261101
0.133983	0.351706
0.126934	0.171996
0.114884	0.117757
0.187263	0.531827
0.110478	0.156326
0.082791	0.145298
0.124439	0.112618
0.194305	0.366265
0.182393	0.282709
0.112249	0.095973
0.160774	0.355310
0.087771	0.177298
0.105336	0.239639
0.139961	0.621429
0.150362	0.234565
0.122642	0.223821
0.094856	0.223859
0.075023	0.136543
0.115143	0.345430
0.145860	0.304117
0.092420	0.126616
0.082157	0.126111
0.147000	0.288855
0.141581	0.212371
0.195548	0.330476
0.071642	0.105672
0.165159	0.455012
0.133245	0.267823
0.100827	0.346339
0.132646	0.236111
0.128936	0.163104
0.083034	0.188073
0.080237	0.190161
0.185704	0.469831
0.144341	0.282186
0.117998	0.143957
0.084204	0.089678
0.119455	0.195309
0.165128	0.240261
0.221283	0.246731
0.254723	0.738697
0.196115	0.584422
0.199649	0.290489
0.219197	0.529360
0.141359	0.213452
0.181617	0.249724
0.167163	0.143760
0.153244	0.278903
0.204990	0.405881
0.176782	0.423393
0.123284	0.140544
0.142453	0.179490
0.132735	0.158618
0.123717	0.130521
0.108601	0.100455
0.116111	0.121917
0.103783	0.113123
0.171428	0.195428
0.135994	0.209430
0.103877	0.127249
0.225031	1.206165
0.145474	0.385505
0.084908	0.123117
0.075782	0.131103
0.136145	0.465615
0.095203	0.154229
0.107217	0.143671
0.123129	0.150218
0.185541	0.375720
0.106309	0.108435
0.112445	0.103449
0.129493	0.219491
0.098073	0.121610
0.140656	0.317178
0.114442	0.153353
0.118535	0.178988
0.156606	0.448678
0.128915	0.299084
0.081837	0.107206
0.077764	0.202574
0.117506	0.326080
0.104813	0.276707
0.084149	0.154834
0.116732	0.176849
0.127334	0.265491
0.139432	0.260738
0.161806	0.470045
0.187813	0.329612
0.140438	0.247170
0.088376	0.087050
0.143643	0.183144
0.135673	0.158059
0.129101	0.127165
0.139684	0.222098
0.165699	0.444073
0.103747	0.170146
0.135739	0.158815
0.236024	0.482669
0.205152	0.503648
0.150837	0.244357
0.146702	0.217852
0.148306	0.278074
0.146623	0.218468
0.118487	0.219793
0.120278	0.230934
0.120034	0.258074
0.145677	0.151504
0.217867	0.293031
0.136357	0.119995
0.153547	0.129747
0.209784	0.411176
0.131523	0.168349
0.136047	0.183664
0.171438	0.464597
0.154226	0.333127
0.102276	0.168243
0.127339	0.245764
0.129838	0.123346
0.104754	0.124134
0.104771	0.172872
0.131093	0.311347
0.102652	0.109324
0.126580	0.130377
0.124119	0.185557
0.121639	0.187932
0.199436	0.430782
0.145031	0.255979
0.166518	0.361345
0.142174	0.216105
0.184451	0.816193
0.111153	0.123380
0.150129	0.238705
0.131303	0.351237
0.193343	0.318049
0.190437	0.495136
0.142156	0.167033
0.083892	0.115771
0.098572	0.110894
0.114472	0.117907
0.198586	0.260148
0.185314	0.219597
0.172319	0.138717
0.236001	0.382322
0.246951	0.218552
0.221161	0.327318
0.341892	0.348730
0.155017	0.192221
0.299852	0.499254
0.190606	0.148673
0.139990	0.121791
0.145130	0.138599
0.264631	0.416795
0.212787	0.441534
0.268007	0.420771
0.208626	0.641524
0.171956	0.269112
0.147581	0.120278
0.204548	0.380459
0.194118	0.216441
0.136294	0.124028
0.206846	0.419896
0.212509	0.280511
0.131434	0.146548
0.155635	0.301153
0.157763	0.179850
0.112724	0.191630
0.122334	0.116217
0.114615	0.208026
0.128111	0.219070
0.138627	0.173283
0.100338	0.131944
0.131205	0.278810
0.131866	0.148349
0.164883	0.438588
0.138301	0.273145
0.167401	0.122203
0.158038	0.195967
0.122841	0.165221
0.124796	0.288279
0.097465	0.113059
0.151807	0.257312
0.178840	0.215502
0.157891	0.269204
0.128505	0.161274
0.273103	1.123818
0.175133	0.147987
0.261045	0.472492
0.121767	0.101067
0.175908	0.255067
0.191831	0.188953
0.170057	0.265289
0.228898	0.290701
0.270332	0.514982
0.189365	0.240493
0.297947	0.432024
0.124022	0.107899
0.214996	0.641763
0.188359	0.326803
0.113911	0.132137
0.275281	1.085983
0.117506	0.204460
0.129550	0.228007
0.115638	0.213930
0.088241	0.108096
0.151383	0.565414
0.159279	0.253254
0.129602	0.182090
0.137280	0.312998
0.138786	0.231772
0.153544	0.235690
0.140982	0.295357
0.124857	0.124233
0.125269	0.163476
0.154597	0.236533
0.157354	0.343032
0.170647	0.184299
0.169401	0.305769
0.160766	0.236326
0.167768	0.435359
0.114206	0.129624
0.156241	0.389039
0.092536	0.157312
0.107604	0.173243
0.138352	0.260794
0.118856	0.212751
0.095955	0.114666
0.141455	0.332419
0.148677	0.355338
0.120583	0.204992
0.127750	0.201846
0.107036	0.168046
0.102392	0.167411
0.114418	0.212817
0.125576	0.254292
0.111772	0.131891
0.114847	0.200408
0.155848	0.363126
0.159325	0.241378
0.172991	0.288895
0.239204	1.495026
0.181250	0.391500
0.188394	0.422945
0.207774	0.277378
0.085836	0.104291
0.139417	0.185425
0.089353	0.115713
0.138143	0.328780
0.120085	0.129092
0.089620	0.172071
0.121698	0.121698
0.129852	0.217502
0.179671	0.282083
0.161223	0.316803
0.204960	0.462184
0.184660	0.235442
0.192677	0.294795
0.133081	0.128423
0.231062	0.377786
0.160315	0.155506
0.175845	0.313005
0.158600	0.128466
0.194066	0.295951
0.263311	0.277793
0.144542	0.273184
0.176516	0.283308
0.212466	0.683078
0.188988	0.267418
0.150718	0.204976
0.194386	0.357671
0.149536	0.142059
0.202666	0.373919
0.160221	0.189862
0.154826	0.165663
0.155348	0.229138
0.140694	0.139990
0.194616	0.445671
0.173841	0.212086
0.166475	0.243886
0.234286	0.876231
0.151121	0.250106
0.155175	0.207158
0.218402	0.479393
0.154036	0.303451
0.129007	0.133522
0.171099	0.328510
0.170138	0.210120
0.183444	0.243981
0.125934	0.112082
0.128041	0.175416
0.131829	0.148307
0.154729	0.276964
0.230095	0.479748
0.248451	0.606222
0.209424	0.148691
0.241430	0.274023
0.278290	0.567711
0.304535	0.455281
0.263234	0.473821
0.187578	0.111609
0.141654	0.089950
0.254373	0.324325
0.190799	0.131651
0.254322	0.423447
0.228630	0.344088
0.140392	0.113718
0.214612	0.283288
0.203863	0.210998
0.145655	0.162405
0.211303	0.167986
0.260461	0.261764
0.191329	0.144454
0.228041	0.272509
0.172346	0.187857
0.168152	0.196738
0.221241	0.351773
0.192317	0.342325
0.216380	0.175267
0.112410	0.151192
0.157122	0.146909
0.177555	0.567287
0.181857	0.193677
0.147600	0.323243
0.154881	0.266396
0.105573	0.156776
0.124639	0.229335
0.117026	0.220009
0.152560	0.241045
0.167491	0.381042
0.149611	0.370287
0.153211	0.164702
0.160839	0.254929
0.124918	0.173636
0.163716	0.210375
0.161831	0.230610
0.141385	0.194404
0.143608	0.221156
0.205586	0.568446
0.186877	0.321428
0.203584	0.450938
0.147441	0.182090
0.188133	0.396961
0.101960	0.132548
0.125459	0.175015
0.122662	0.219565
0.095295	0.131507
0.072471	0.118853
0.120473	0.443944
0.084824	0.175163
0.085751	0.174074
0.117058	0.204267
0.114792	0.682437
0.124293	0.219999
0.148830	0.233662
0.136512	0.221149
0.202142	0.353748
0.102771	0.128464
0.228290	0.519360
0.198886	0.681183
0.107810	0.216697
0.124731	0.189591
0.140707	0.173773
0.122393	0.212351
0.120753	0.163621
0.163528	0.467689
0.164014	0.166475
0.151122	0.139788
0.149258	0.128362
0.164462	0.323168
0.197983	0.156406
0.383399	0.331641
0.425744	0.364011
0.315863	0.202152
0.252637	0.198320
0.214545	0.145890
0.200609	0.455382
0.185835	0.358661
0.158352	0.313537
0.134597	0.190454
0.165929	0.334347
0.076409	0.119579
0.161431	0.325283
0.108735	0.144617
0.162221	0.289564
0.108867	0.125196
0.113783	0.117765
0.177710	0.324320
0.097915	0.099384
0.181684	0.307955
0.096579	0.107203
0.115585	0.133501
0.104271	0.130860
0.100713	0.179269
0.084701	0.114770
0.150431	0.412932
0.093651	0.198540
0.163462	0.630146
0.127724	0.195417
0.122959	0.277272
0.113081	0.132871
0.135102	0.257369
0.156658	0.475458
0.138088	0.251320
0.188917	0.331550
0.134736	0.126652
0.170816	0.286116
0.151412	0.118859
0.201746	0.281436
0.227004	0.305320
0.215989	0.367181
0.152227	0.140049
0.104212	0.136518
0.128466	0.262714
0.119290	0.174760
0.106406	0.182486
0.120146	0.133963
0.142859	0.157145
0.190854	0.327314
0.083476	0.100589
0.200536	0.345924
0.178231	0.270911
0.171061	0.440483
0.149605	0.367280
0.120104	0.177153
0.090738	0.183745
0.112159	0.190670
0.113314	0.120113
0.121631	0.194609
0.112145	0.127285
0.122314	0.333917
0.084040	0.179846
0.136941	0.364263
0.114334	0.117764
0.135486	0.269616
0.090895	0.123617
0.151072	0.394298
0.178745	0.443287
0.078361	0.137916
0.095194	0.128987
0.087990	0.115267
0.123968	0.320457
0.123462	0.215441
0.117121	0.155771
0.138116	0.249990
0.133267	0.257871
0.115926	0.272427
0.159636	0.228279
0.179507	0.570832
0.129474	0.220105
0.105685	0.175437
0.174857	0.326982
0.112150	0.136824
0.175782	0.311133
0.075344	0.154455
0.159029	0.225822
0.177817	0.235608
0.117624	0.157028
0.146914	0.278403
0.155075	0.355897
0.118278	0.167955
0.125513	0.198937
0.105439	0.136544
0.135622	0.263784
0.118235	0.176761
0.123226	0.194697
0.116537	0.153828
0.153663	0.190542
0.117350	0.158423
0.132594	0.324193
0.106791	0.128684
0.172056	0.460249
0.117741	0.175434
0.113337	0.167738
0.170264	0.422255
0.120124	0.141746
0.122044	0.186117
0.142728	0.251201
0.115556	0.138667
0.137565	0.165766
0.126517	0.130312
0.128699	0.267050
0.119171	0.217486
0.120697	0.345193
0.109788	0.147664
0.089041	0.164281
0.152674	0.271759
0.097370	0.124147
0.099058	0.112926
0.247669	1.268065
0.087603	0.163380
0.105213	0.168866
0.136349	0.153392
0.161396	0.326826
0.122237	0.144850
0.128225	0.232087
0.133700	0.257372
0.109551	0.124340
0.095529	0.125620
0.100521	0.170886
0.074024	0.096601
0.082678	0.142620
0.128396	0.322274
0.118291	0.131895
0.144511	0.246392
0.126568	0.136060
0.133446	0.162804
0.155528	0.223961
0.191693	0.428433
0.137184	0.282599
0.085299	0.132641
0.057284	0.123161
0.079665	0.177653
0.135196	0.318386
0.092201	0.121244
0.156185	0.375624
0.146250	0.209137
0.106503	0.109698
0.102729	0.115571
0.135357	0.301845
0.152978	0.407686
0.095394	0.175525
0.095366	0.105856
0.135512	0.166680
0.154895	0.190521
0.195706	0.345422
0.227119	0.442882
0.238891	0.414476
0.205579	0.341261
0.222327	0.327932
0.214632	0.584872
0.239918	1.101221
0.144242	0.199775
0.111055	0.122160
0.139504	0.115091
0.134806	0.255458
0.200224	0.386433
0.180477	0.288764
0.165183	0.145361
0.224784	0.349540
0.215563	0.312567
0.164759	0.265261
0.133739	0.207296
0.136546	0.174779
0.157054	0.181397
0.254180	0.364748
0.159273	0.121844
0.195119	0.271215
0.115558	0.119025
0.171165	0.289268
0.179135	0.274973
0.193857	0.351850
0.164244	0.150284
0.173905	0.319116
0.185765	0.274003
0.186383	0.263732
0.289228	0.636303
0.232473	0.502142
0.156686	0.194290
0.197687	0.391421
0.232348	0.539047
0.235820	0.364341
0.211812	0.395030
0.138559	0.180126
0.148648	0.186554
0.125568	0.124940
0.179957	0.288830
0.151733	0.293604
0.164262	0.182331
0.147165	0.245766
0.199609	0.342330
0.183237	0.370139
0.189048	0.378096
0.126939	0.109802
0.179526	0.470359
0.112515	0.188463
0.151121	0.245572
0.189430	0.374123
0.216363	0.275863
0.168545	0.242704
0.202195	0.199162
0.222105	0.326495
0.250004	0.428757
0.219379	0.349910
0.149880	0.354467
0.158836	0.211251
0.213951	0.366926
0.132599	0.233375
0.137861	0.146132
0.306041	0.954847
0.233805	0.375257
0.237270	0.199307
0.248562	0.393971
0.219576	0.322777
0.234888	0.263075
0.220131	0.191514
0.305982	0.368709
0.310153	0.383039
0.273120	0.385099
0.227319	0.234139
0.155719	0.135476
0.233747	0.330752
0.263805	0.457701
0.149136	0.184928
0.286210	0.832870
0.255158	0.588140
0.251041	0.566099
0.223772	0.286428
0.193687	0.160760
0.304268	1.081674
0.139323	0.343430
0.206661	0.274859
0.240333	0.367710
0.288599	0.481961
0.278133	0.358792
0.169567	0.145828
0.254994	0.605610
0.250319	0.510651
0.241865	0.452287
0.136442	0.203298
0.185935	0.202669
0.236086	0.200673
0.270442	0.553054
0.213465	0.342611
0.189670	0.208637
0.232087	0.562810
0.224404	0.241234
0.214986	0.339678
0.224589	0.369448
0.193237	0.141063
0.206654	0.313081
0.211988	0.252266
0.124667	0.124667
0.239688	0.430240
0.203357	0.261314
0.208712	0.139837
0.235467	0.343782
0.246061	0.399849
0.150092	0.134332
0.162559	0.144678
0.187348	0.214513
0.209930	0.340087
0.162049	0.117485
0.182572	0.144232
0.220711	0.506531
0.163551	0.147196
0.191443	0.225903
0.313631	1.074187
0.188681	0.252832
0.225186	0.249956
0.325294	0.535109
0.209175	0.252056
0.236309	0.356827
0.175015	0.146138
0.128069	0.096051
0.231611	0.259404
0.248678	0.258625
0.179688	0.131172
0.200186	0.276257
0.191889	0.145836
0.160870	0.152826
0.155719	0.102775
0.202934	0.204963
0.223668	0.400366
0.171042	0.142820
0.218723	0.276685
0.209541	0.346791
0.218827	0.372005
0.251857	0.615791
0.185135	0.190689
0.267124	0.516885
0.178026	0.143311
0.183359	0.266787
0.285507	0.381152
0.267751	0.311930
0.253507	0.248437
0.279562	0.334076
0.186368	0.169595
0.229299	0.361146
0.166162	0.171147
0.220805	0.322376
0.218443	0.525356
0.195368	0.366316
0.130048	0.130698
0.174598	0.393717
0.142277	0.193497
0.170205	0.150632
0.174999	0.201249
0.144416	0.153081
0.169894	0.237851
0.187737	0.215898
0.220095	0.343348
0.287465	0.352144
0.246263	0.301672
0.282733	0.381690
0.275218	0.506401
0.173907	0.117387
0.211272	0.253527
0.278171	0.621712
0.256135	0.519954
0.211586	0.235919
0.216369	0.448967
0.220302	0.245637
0.150888	0.231614
0.138778	0.310168
0.171268	0.307427
0.149339	0.384549
0.176189	0.541780
0.124889	0.135505
0.175223	0.350445
0.212717	0.326521
0.273625	0.630705
0.191249	0.153955
0.187690	0.224290
0.194076	0.174668
0.210882	0.245678
0.167146	0.142074
0.149136	0.195368
0.181740	0.244440
0.255679	0.519029
0.207762	0.126735
0.198715	0.197722
0.185746	0.240541
0.248908	0.423144
0.229410	0.258086
0.212854	0.209661
0.305144	0.286835
0.291072	0.503554
0.167228	0.248333
0.208178	0.429888
0.181152	0.245461
0.100495	0.114564
0.133381	0.181398
0.141609	0.212414
0.235309	0.185894
0.213669	0.650623
0.161889	0.150557
0.176181	0.192918
0.208425	0.327227
0.169945	0.139355
0.219918	0.237511
0.216363	0.285600
0.170273	0.156651
0.245808	0.213853
0.145856	0.142939
0.205663	0.281758
0.256599	0.404143
0.225560	0.302251
0.201560	0.154194
0.195104	0.190226
0.136239	0.162124
0.186934	0.371999
0.239793	0.388464
0.234546	0.270900
0.302490	0.952844
0.274719	0.630480
0.223242	0.256729
0.235036	0.279693
0.167146	0.179682
0.157885	0.215514
0.129780	0.177150
0.098988	0.147491
0.100802	0.095762
0.158608	0.269633
0.137838	0.297729
0.152614	0.308279
0.099559	0.124449
0.114400	0.206491
0.107255	0.175363
0.099234	0.114615
0.106691	0.144032
0.140631	0.246104
0.157602	0.237979
0.196292	0.528027
0.141077	0.336469
0.171888	0.612779
0.111274	0.229224
0.131533	0.257806
0.147842	0.394739
0.151794	0.357474
0.121056	0.236664
0.186064	0.387944
0.145857	0.285150
0.167752	0.289373
0.169562	0.345059
0.145767	0.187311
0.233293	0.405930
0.154519	0.121298
0.166324	0.141375
0.269241	0.569444
0.343289	0.576725
0.369982	0.344083
0.331075	0.418810
0.236057	0.125110
0.271621	0.547317
0.290084	0.542457
0.294901	0.289003
0.262244	0.246509
0.241941	0.235892
0.265498	0.313287
0.240710	0.247932
0.331569	0.358095
0.266142	0.254166
0.322833	0.271180
0.301242	0.388602
0.330573	0.442968
0.255917	0.254637
0.274259	0.506008
0.158753	0.111127
0.203732	0.223087
0.223013	0.221898
0.166713	0.150876
0.225381	0.389908
0.180232	0.133372
0.171947	0.196880
0.273569	0.466435
0.290744	0.423032
0.217718	0.248198
0.220453	0.198407
0.204260	0.218558
0.249502	0.293164
0.204573	0.227076
0.276830	0.527361
0.190158	0.279532
0.192431	0.208787
0.203371	0.187102
0.170308	0.160941
0.243824	0.230413
0.235122	0.246879
0.326475	1.085531
0.191804	0.160156
0.177182	0.101880
0.244068	0.463729
0.214672	0.333814
0.156250	0.128125
0.182740	0.149847
0.363620	0.419982
0.332250	0.883785
0.281804	0.298712
0.224070	0.275606
0.238006	0.404611
0.218008	0.670375
0.219147	0.292561
0.242436	0.393958
0.254291	0.280991
0.166063	0.251585
0.244214	0.236888
0.447263	0.261649
0.564579	0.829930
0.280927	0.185412
0.607295	0.750009
0.429993	0.206397
0.329714	0.117048
0.559461	0.176230
0.632496	0.493347
0.496471	0.335118
0.448675	0.260232
0.533652	0.282836
0.544913	0.672968
0.396586	0.097164
0.416043	0.274588
0.551550	0.672891
0.301210	0.251511
0.152293	0.090614
0.110300	0.143941
0.370259	0.409136
0.256229	0.101210
0.489930	0.311106
0.468136	0.245771
0.523507	0.311487
0.565809	0.475280
0.689840	1.000268
0.337758	0.165501
0.413521	0.270857
0.222148	0.114406
0.330601	0.471107
0.217609	0.177352
0.209328	0.168509
0.223025	0.241983
0.233620	0.209090
0.185033	0.167455
0.142434	0.133175
0.227525	0.326498
0.170723	0.198038
0.127480	0.253686
0.161622	0.303849
0.113997	0.110007
0.191484	0.496901
0.164912	0.309210
0.206107	0.751259
0.098783	0.164473
0.195464	0.481818
0.108684	0.109771
0.158380	0.212229
0.124991	0.182487
0.119909	0.262001
0.077165	0.135425
0.105013	0.202150
0.090140	0.274025
0.078473	0.174994
0.109200	0.298115
0.093902	0.177005
0.073170	0.107194
0.083965	0.131406
0.088209	0.125257
0.095867	0.185503
0.074906	0.193258
0.095922	0.222539
0.068858	0.127043
0.100746	0.207536
0.083520	0.186249
0.108417	0.175093
0.075979	0.120047
0.106725	0.234795
0.091862	0.169025
0.115601	0.224265
0.102604	0.269336
0.141477	0.374915
0.126255	0.369296
0.086515	0.126312
0.083945	0.116264
0.122380	0.237417
0.144383	0.414379
0.133718	0.424556
0.106510	0.101717
0.145393	0.250077
0.163286	0.315958
0.183438	0.558570
0.143132	0.319900
0.173818	0.171211
0.147242	0.123683
0.124093	0.154496
0.120210	0.255446
0.107973	0.170058
0.110441	0.125350
0.124576	0.231089
0.166306	0.355895
0.158826	0.265239
0.132787	0.190549
0.142703	0.247590
0.105265	0.174740
0.108608	0.128157
0.093094	0.124281
0.118075	0.273933
0.109777	0.173447
0.177808	0.440074
0.139010	0.185579
0.115584	0.115007
0.205992	0.563387
0.163492	0.275484
0.118042	0.148143
0.162538	0.193420
0.109935	0.156657
0.164238	0.314517
0.113567	0.166943
0.101297	0.174231
0.124490	0.178020
0.106033	0.184498
0.199505	1.306756
0.185532	0.327463
0.144603	0.232088
0.176587	0.249871
0.198213	0.361738
0.171688	0.198299
0.191497	0.241286
0.219062	0.262875
0.255925	0.253365
0.220407	0.229223
0.218236	0.183318
0.176957	0.168110
0.206492	0.228174
0.164385	0.175070
0.236668	0.422453
0.118710	0.117522
0.167075	0.324125
0.156017	0.291751
0.104355	0.187318
0.164060	0.510225
0.094345	0.133499
0.094959	0.178523
0.112181	0.139104
0.103522	0.256735
0.116069	0.258254
0.139395	0.289246
0.115326	0.240455
0.122360	0.205564
0.097873	0.116959
0.107657	0.153950
0.108942	0.156876
0.171987	0.358593
0.147632	0.448800
0.131580	0.298686
0.155579	0.264485
0.138925	0.254234
0.128608	0.175550
0.152435	0.434440
0.155619	0.501093
0.104457	0.146240
0.072137	0.116501
0.124600	0.270382
0.095695	0.190433
0.130462	0.240049
0.087324	0.173775
0.117548	0.179261
0.103291	0.273205
0.098427	0.356797
0.189258	0.620766
0.144644	0.205394
0.130955	0.293994
0.062949	0.112050
0.104769	0.214776
0.089754	0.133734
0.113303	0.172221
0.075489	0.175890
0.100827	0.150232
0.132645	0.165143
0.154720	0.300157
0.119516	0.174494
0.096875	0.135624
0.119095	0.281659
0.091756	0.164702
0.097117	0.227740
0.129976	0.170269
0.146025	0.172309
0.125984	0.144881
0.172482	0.183693
0.245375	0.333710
0.264474	0.380843
0.194562	0.134248
0.309030	0.611880
0.266663	0.254663
0.250197	0.217671
0.254369	0.395544
0.153702	0.142943
0.146781	0.126231
0.216946	0.373147
0.112319	0.107264
0.285279	0.878660
0.163608	0.225780
0.178878	0.139525
0.189498	0.258664
0.211654	0.294199
0.210928	0.297409
0.240701	0.241904
0.140670	0.091436
0.184603	0.235369
0.185941	0.289138
0.223015	0.472791
0.180344	0.288550
0.182031	0.253023
0.163865	0.182709
0.274802	0.512506
0.115904	0.207469
0.266698	0.430717
0.267580	0.382640
0.208530	0.254407
0.187859	0.152166
0.235167	0.168144
0.280860	0.664235
0.143006	0.145151
0.189986	0.262181
0.227279	0.464786
0.226984	0.253087
0.234288	0.428746
0.242008	0.402943
0.258649	0.558681
0.136110	0.175582
0.221588	0.469766
0.218332	0.207416
0.214859	0.228824
0.167225	0.165553
0.127000	0.190500
0.161325	0.410572
0.187854	0.507206
0.165663	0.149925
0.241092	0.661798
0.158448	0.216282
0.141827	0.235432
0.150545	0.350769
0.090067	0.164373
0.102514	0.122505
0.140720	0.325064
0.154655	0.245129
0.144548	0.172735
0.155919	0.416304
0.177609	0.288615
0.141320	0.152625
0.155551	0.190550
0.088829	0.108815
0.139890	0.295167
0.177832	0.216955
0.151859	0.280940
0.118522	0.262525
0.102173	0.110347
0.121796	0.160161
0.144508	0.143785
0.223716	0.221479
0.199955	0.219951
0.176716	0.182018
0.263367	0.566240
0.221258	0.356225
0.158827	0.291447
0.219576	0.220674
0.231000	0.403095
0.264160	0.450394
0.227717	0.296032
0.247881	0.282585
0.337419	0.934651
0.204292	0.249236
0.132674	0.204981
0.171458	0.189461
0.171330	0.259565
0.170884	0.161485
0.189084	0.351696
0.124894	0.162363
0.180215	0.337903
0.143704	0.130771
0.189806	0.268576
0.263952	0.692875
0.171720	0.254145
0.191079	0.248402
0.182149	0.265938
0.170674	0.319160
0.172114	0.320133
0.149134	0.316909
0.167938	0.314045
0.107360	0.141715
0.131752	0.271408
0.146214	0.228095
0.143739	0.689227
0.108496	0.148097
0.110682	0.219150
0.111710	0.189348
0.138968	0.245278
0.115732	0.124412
0.170887	0.295635
0.133907	0.125203
0.220606	0.370618
0.246144	0.399985
0.231145	0.525854
0.206647	0.382296
0.166278	0.192052
0.209252	0.338989
0.163783	0.204729
0.259364	0.868869
0.197141	0.281912
0.192271	0.393194
0.263148	0.422352
0.268661	0.831506
0.258724	0.733483
0.153539	0.110548
0.186471	0.137989
0.244110	0.399120
0.205718	0.192346
0.170957	0.179504
0.185175	0.269429
0.212704	0.432852
0.166628	0.142467
0.134407	0.141127
0.155825	0.151150
0.132958	0.117668
0.159212	0.160804
0.210645	0.189580
0.175763	0.181915
0.145892	0.142244
0.197721	0.201676
0.202380	0.269165
0.250131	0.308912
0.127662	0.126385
0.204465	0.378260
0.230566	0.222496
0.196687	0.303881
0.180687	0.168039
0.126325	0.113693
0.193010	0.250913
0.224454	0.317602
0.201902	0.201902
0.224311	0.331980
0.177217	0.221521
0.157804	0.169639
0.130828	0.128866
0.190631	0.211601
0.125009	0.106882
0.227348	0.477432
0.196233	0.271782
0.152796	0.176480
0.204067	0.408135
0.167486	0.173348
0.142219	0.174929
0.182119	0.209437
0.190287	0.175064
0.158129	0.151803
0.179583	0.165217
0.156930	0.219701
0.147684	0.237771
0.193680	0.471612
0.163433	0.180594
0.226735	0.244874
0.174240	0.164656
0.212813	0.276657
0.200403	0.278560
0.243915	0.492708
0.146416	0.142755
0.219333	0.356417
0.216408	0.583219
0.134199	0.130173
0.140087	0.133083
0.192968	0.253753
0.152155	0.166610
0.138593	0.112260
0.186181	0.161977
0.189108	0.211801
0.152031	0.167995
0.164590	0.120974
0.220409	0.527879
0.131116	0.140295
0.222758	0.491181
0.138913	0.179892
0.168940	0.386028
0.116636	0.227441
0.110287	0.174253
0.144010	0.387387
0.147986	0.192381
0.131539	0.234140
0.140192	0.171035
0.239722	1.640900
0.081993	0.154557
0.213658	0.518119
0.174412	0.333128
0.167850	0.232472
0.193912	0.404306
0.173567	0.343663
0.163592	0.191403
0.202604	0.193487
0.173805	0.144258
0.186005	0.196235
0.188465	0.160195
0.180259	0.142404
0.296452	0.455053
0.188751	0.208570
0.207523	0.326848
0.261232	1.107622
0.215136	0.381866
0.171660	0.168227
0.142009	0.251356
0.159413	0.158616
0.166496	0.215612
0.184805	0.341889
0.143791	0.177582
0.169727	0.326725
0.133375	0.160717
0.189738	0.353861
0.194050	0.341527
0.255855	0.591025
0.169287	0.270860
0.224641	0.313374
0.205913	0.497280
0.188833	0.322904
0.168843	0.246510
0.203113	0.366619
0.186671	0.172670
0.176955	0.173416
0.279196	0.529077
0.263164	0.210532
0.356403	0.438375
0.243317	0.358893
0.262831	0.195809
0.293675	0.378841
0.215255	0.258306
0.169720	0.184994
0.309685	0.430462
0.191707	0.321109
0.204548	0.318072
0.134300	0.156459
0.168606	0.294217
0.167579	0.242990
0.263356	0.711061
0.219446	0.237001
0.167443	0.183350
0.152657	0.235091
0.141233	0.146176
0.185086	0.285958
0.170072	0.274666
0.268446	0.523469
0.192258	0.122084
0.212626	0.132891
0.231773	0.428780
0.171862	0.262090
0.275932	1.396216
0.157185	0.150111
0.244212	0.826659
0.144213	0.167287
0.190572	0.357322
0.143487	0.208774
0.157489	0.399234
0.096324	0.134853
0.144734	0.280784
0.156244	0.344517
0.102889	0.114207
0.140985	0.183281
0.234574	0.290871
0.240210	0.438383
0.162761	0.214845
0.148771	0.248448
0.102284	0.190249
0.111009	0.220907
0.131477	0.261639
0.098239	0.111992
0.112188	0.173891
0.099333	0.162905
0.089872	0.191877
0.127860	0.171332
0.133776	0.103677
0.103042	0.107164
0.203931	0.338525
0.105520	0.120820
0.172214	0.294486
0.143707	0.122151
0.126079	0.140578
0.138933	0.168804
0.134292	0.145707
0.144616	0.354309
0.115434	0.189889
0.121320	0.169241
0.115764	0.154545
0.118583	0.144078
0.107036	0.173398
0.102362	0.112599
0.097907	0.204137
0.130754	0.261507
0.147103	0.414829
0.129602	0.221619
0.100385	0.174167
0.084163	0.166642
0.174352	0.523928
0.153227	0.237502
0.139371	0.173517
0.140487	0.194574
0.128564	0.106708
0.246502	0.251432
0.194072	0.196984
0.106118	0.103465
0.143986	0.472993
0.175682	0.269671
0.083332	0.124581
0.153924	0.229346
0.134895	0.279907
0.154659	0.368089
0.194650	0.447696
0.314018	0.367401
0.252916	0.240270
0.272495	0.410105
0.258974	0.383282
0.342665	0.320391
0.203329	0.159613
0.243434	0.764382
0.310290	0.307187
0.121495	0.144579
0.284332	0.807502
0.158514	0.225883
0.155726	0.154947
0.219108	0.325375
0.373110	1.387968
0.189210	0.131501
0.232845	0.153678
0.163078	0.093770
0.278081	0.380971
0.240266	0.185005
0.359352	0.562385
0.362482	0.467602
0.251803	0.188852
0.267551	0.353167
0.207684	0.156802
0.251252	0.331653
0.237067	0.273812
0.139574	0.144459
0.135872	0.194976
0.148200	0.164502
0.151036	0.141974
0.141520	0.150012
0.158956	0.310760
0.124585	0.150125
0.179340	0.153336
0.154561	0.122103
0.183969	0.146256
0.119401	0.114625
0.169318	0.227733
0.207474	0.280091
0.191885	0.267679
0.223015	0.469446
0.274885	1.135275
0.160050	0.204864
0.143955	0.249041
0.116794	0.142489
0.221376	0.282255
0.263662	0.729026
0.164629	0.234596
0.147245	0.378421
0.163901	0.204057
0.194440	0.394713
0.215938	0.286119
0.161156	0.277994
0.202799	0.261611
0.132262	0.213602
0.369082	0.959613
0.161432	0.124302
0.111586	0.092058
0.158829	0.202507
0.144538	0.111295
0.147937	0.207112
0.198734	0.301082
0.191770	0.209030
0.251234	0.516286
0.193044	0.184357
0.247441	0.264762
0.199943	0.158955
0.173731	0.176337
0.151994	0.163393
0.271807	0.618360
0.189999	0.134899
0.229660	0.357121
0.237240	0.250288
0.253755	0.310849
0.319682	1.130075
0.257381	0.356473
0.229158	0.252074
0.182421	0.141377
0.245711	0.163398
0.269061	0.678034
0.196507	0.274127
0.132998	0.176887
0.206294	0.670455
0.149390	0.226326
0.158000	0.262281
0.172805	0.501136
0.087569	0.199219
0.108529	0.190468
0.135347	0.245655
0.171689	0.550263
0.167380	0.172401
0.135168	0.132465
0.175656	0.222205
0.145414	0.223937
0.146018	0.223408
0.193464	0.643268
0.189090	0.280798
0.165369	0.367947
0.092231	0.120362
0.127052	0.163262
0.141949	0.240604
0.174024	0.463774
0.167348	0.369840
0.147163	0.231046
0.064323	0.122536
0.067735	0.176111
0.081497	0.107169
0.093267	0.134305
0.093648	0.143281
0.089785	0.193037
0.178686	0.528016
0.143059	0.192414
0.185811	0.228548
0.199805	0.238767
0.186248	0.183454
0.154645	0.128355
0.160044	0.124034
0.177895	0.170779
0.266788	0.824374
0.169017	0.322823
0.203491	0.461924
0.117026	0.600345
0.190144	0.248137
0.143571	0.131367
0.234155	0.357087
0.200553	0.131362
0.247092	0.392877
0.136324	0.186764
0.182074	0.384175
0.149770	0.223158
0.208062	0.411964
0.124150	0.131600
0.157462	0.148802
0.096073	0.142187
0.145336	0.249978
0.106249	0.193905
0.104192	0.113048
0.112856	0.141635
0.167236	0.309387
0.171020	0.244558
0.251991	0.316249
0.172407	0.190510
0.272575	0.688253
0.241405	0.318654
0.192737	0.289106
0.191929	0.186171
0.223550	0.198959
0.184852	0.187624
0.214255	0.458506
0.146151	0.223611
0.152345	0.119591
0.161388	0.178334
0.214616	0.371286
0.271110	0.497487
0.155418	0.120449
0.165663	0.149925
0.198304	0.225075
0.198528	0.262057
0.189273	0.175078
0.203689	0.207763
0.209752	0.225483
0.135874	0.128401
0.219159	0.306823
0.204889	0.381094
0.165833	0.147591
0.250054	0.370079
0.228892	0.290692
0.191214	0.303074
0.186741	0.380952
0.253098	0.316372
0.306500	0.366268
0.232931	0.300481
0.220854	0.237418
0.157048	0.189242
0.215245	0.470311
0.215806	0.470457
0.278556	0.515328
0.221209	0.319648
0.229785	0.372251
0.117127	0.114784
0.153287	0.136426
0.196567	0.150374
0.151299	0.208036
0.191312	0.373058
0.171458	0.141453
0.162523	0.212093
0.210662	0.310727
0.200901	0.136612
0.145272	0.130019
0.193033	0.265420
0.225703	0.394980
0.145469	0.135286
0.140697	0.217377
0.216565	0.284783
0.111351	0.139188
0.172541	0.341631
0.135388	0.375026
0.172532	0.332986
0.176716	0.330459
0.198013	0.530675
0.186833	0.361522
0.138479	0.241645
0.139234	0.195624
0.199002	0.583075
0.161223	0.250702
0.162147	0.171876
0.133148	0.306906
0.097480	0.113077
0.107242	0.217165
0.114837	0.256660
0.092522	0.146647
0.104497	0.231984
0.096008	0.229459
0.081563	0.144366
0.109192	0.126663
0.205263	0.454656
0.113366	0.146243
0.135991	0.209427
0.129146	0.149809
0.208337	0.596886
0.094653	0.136773
0.104792	0.115795
0.177182	0.306524
0.171439	0.360879
0.165810	0.225502
0.108374	0.163103
0.122276	0.185249
0.100975	0.124199
0.146333	0.452168
0.117856	0.176194
0.153721	0.369698
0.100691	0.164126
0.129613	0.164609
0.135189	0.283222
0.117226	0.105504
0.128664	0.182702
0.132735	0.258170
0.118677	0.163774
0.113459	0.132179
0.145986	0.221899
0.147599	0.239848
0.125988	0.134807
0.144416	0.293887
0.119454	0.195905
0.108091	0.114576
0.166731	0.390151
0.175309	0.606568
0.144402	0.241151
0.141620	0.325725
0.155278	0.216613
0.168392	0.708087
0.097289	0.163931
0.123491	0.209317
0.132609	0.281793
0.139849	0.331443
0.105139	0.141412
0.101225	0.146270
0.170692	0.441240
0.114816	0.141224
0.138648	0.186482
0.141375	0.463712
0.155294	0.432494
0.182158	2.357124
0.209700	0.396334
0.120594	0.123609
0.105083	0.137134
0.166067	0.365346
0.118102	0.214354
0.088882	0.258647
0.167918	0.286300
0.159351	0.196798
0.123496	0.185243
0.124398	0.226405
0.134359	0.277451
0.217324	0.828005
0.093094	0.176879
0.085950	0.136660
0.118154	0.197908
0.092451	0.100772
0.123940	0.272049
0.160192	0.407689
0.078296	0.100611
0.118162	0.189651
0.092901	0.137958
0.086210	0.124574
0.065518	0.283366
0.063630	0.100217
0.078242	0.193258
0.120538	0.157302
0.080533	0.186032
0.105745	0.146986
0.108269	0.180808
0.156773	0.309626
0.097401	0.200159
0.136017	0.210146
0.131850	0.232715
0.172407	0.506878
0.151091	0.132204
0.171483	0.252081
0.142013	0.248523
0.178591	0.233061
0.160274	0.234802
0.149798	0.161782
0.190234	0.423271
0.254553	0.356375
0.294452	0.409288
0.189047	0.142730
0.288667	0.271347
0.348179	0.403888
0.208449	0.323097
0.417654	0.507449
0.222058	0.132125
0.278436	0.463596
0.351469	0.558836
0.205687	0.252994
0.192379	0.268369
0.159207	0.222890
0.152989	0.185881
0.147095	0.147831
0.162289	0.184198
0.171821	0.206186
0.235135	0.775946
0.121867	0.102977
0.130802	0.201435
0.119596	0.210489
0.158184	0.122592
0.155001	0.217777
0.153924	0.406359
0.101173	0.178570
0.093609	0.167560
0.124603	0.168213
0.148388	0.379131
0.079107	0.159400
0.118102	0.190734
0.105253	0.137881
0.143950	0.352678
0.256848	0.675511
0.216257	0.512528
0.253398	0.576481
0.211386	0.515781
0.218168	0.273801
0.262663	0.487239
0.224118	0.258856
0.210187	0.302669
0.275047	0.177406
0.230461	0.261573
0.201378	0.295019
0.226224	0.166275
0.222687	0.248296
0.191590	0.145608
0.241473	0.382734
0.231780	0.250322
0.176787	0.227172
0.219375	0.390487
0.248004	0.312485
0.188306	0.325769
0.188148	0.328319
0.153928	0.123912
0.163495	0.182297
0.191269	0.574764
0.169174	0.146335
0.167538	0.392039
0.135062	0.144516
0.130870	0.172094
0.166329	0.387545
0.160517	0.203054
0.114899	0.135581
0.116646	0.109064
0.174460	0.189289
0.168011	0.147010
0.147476	0.156324
0.189479	0.241586
0.179800	0.176204
0.272175	0.473585
0.277054	0.516706
0.191160	0.230348
0.169175	0.184401
0.153201	0.343936
0.145838	0.413450
0.098381	0.166263
0.171802	0.322129
0.148591	0.187968
0.220327	0.622424
0.126653	0.197578
0.124377	0.133083
0.153321	0.308174
0.114803	0.167039
0.132877	0.213267
0.113677	0.129592
0.137275	0.130411
0.213772	0.488468
0.191563	0.241369
0.140670	0.168101
0.196367	0.262150
0.176906	0.293664
0.259005	0.506355
0.178600	0.195567
0.172320	0.230048
0.318448	0.933052
0.181212	0.232857
0.186262	0.189987
0.134513	0.137876
0.146686	0.200226
0.184462	0.426108
0.163506	0.314749
0.164335	0.249789
0.141415	0.293436
0.181764	0.463498
0.191636	0.510709
0.103414	0.167531
0.128231	0.270567
0.101687	0.170326
0.106076	0.133125
0.093117	0.120121
0.115268	0.165986
0.101666	0.180966
0.079432	0.119147
0.107850	0.174177
0.088525	0.120837
0.094365	0.123619
0.140956	0.277684
0.159013	0.368910
0.133778	0.149162
0.171168	0.337202
0.110703	0.188195
0.129564	0.200824
0.095419	0.158395
0.137803	0.175010
0.150452	0.391175
0.145961	0.272946
0.132363	0.315023
0.124913	0.300416
0.126582	0.129113
0.142499	0.299248
0.125372	0.119103
0.176918	0.380374
0.204022	0.575343
0.123799	0.191270
0.128894	0.208164
0.169236	0.301239
0.142674	0.327438
0.107610	0.125366
0.152693	0.163381
0.117872	0.121409
0.235353	0.318903
0.205951	0.397486
0.164766	0.146641
0.125677	0.141387
0.138105	0.166417
0.168744	0.234555
0.214170	0.621094
0.170330	0.135413
0.203757	0.340275
0.164911	0.277050
0.233992	0.721865
0.238761	0.391567
0.189859	0.183214
0.244780	0.253347
0.192456	0.141455
0.263033	0.391919
0.246609	0.545005
0.225960	0.315214
0.228131	0.339915
0.231410	0.267278
0.138585	0.160066
0.139682	0.166222
0.159486	0.216901
0.169736	0.258847
0.114857	0.149889
0.158344	0.310355
0.140678	0.123796
0.188388	0.521835
0.144107	0.304067
0.199630	0.477116
0.141899	0.219233
0.141463	0.402463
0.101563	0.125431
0.160450	0.365827
0.150220	0.343253
0.099966	0.234419
0.108116	0.121631
0.119437	0.176170
0.144394	0.192045
0.189564	0.272972
0.147282	0.184839
0.180107	0.302581
0.185317	0.315965
0.147518	0.154894
0.142669	0.252524
0.133330	0.145330
0.203281	0.471611
0.141179	0.119297
0.205865	0.256302
0.220352	0.254507
0.198571	0.178714
0.133440	0.119429
0.189420	0.119335
0.141910	0.139781
0.165020	0.217001
0.116300	0.113974
0.242070	0.440568
0.215477	0.393246
0.286332	0.707241
0.174747	0.202707
0.188590	0.189533
0.160002	0.116802
0.182522	0.239104
0.205401	0.331722
0.157459	0.213357
0.142995	0.341757
0.123799	0.159700
0.213002	0.253473
0.212665	0.343453
0.225874	0.310577
0.119158	0.119158
0.166451	0.486038
0.151092	0.188109
0.271132	0.394497
0.285278	0.318085
0.241995	0.269825
0.255029	0.238452
0.233529	0.173979
0.345811	0.802281
0.197331	0.199304
0.198406	0.213286
0.189558	0.399020
0.168149	0.200938
0.231648	0.283769
0.254928	0.398963
0.198257	0.128867
0.203186	0.248903
0.246071	0.255913
0.142560	0.132581
0.255195	0.789829
0.169891	0.161397
0.254801	0.350352
0.278762	0.662059
0.243380	0.296923
0.158230	0.173262
0.199890	0.260856
0.179160	0.204243
0.138125	0.129837
0.246206	0.376696
0.217471	0.406670
0.180518	0.269874
0.089959	0.128642
0.153071	0.346705
0.165447	0.420236
0.174690	0.321429
0.204315	0.250286
0.254626	0.315736
0.289951	0.430577
0.315640	0.512915
0.274849	0.276223
0.272546	0.167616
0.263916	0.250720
0.292848	0.386560
0.282535	0.258519
0.337119	0.500621
0.209763	0.205568
0.323113	0.457206
0.321415	0.350342
0.290294	0.451408
0.167041	0.130292
0.222899	0.141541
0.288932	0.538859
0.268972	0.235350
0.246319	0.286962
0.291601	0.408241
0.285019	0.503058
0.225541	0.242456
0.356947	0.487233
0.280683	0.350854
0.202907	0.208994
0.258098	0.384566
0.174613	0.184217
0.167648	0.139148
0.274825	0.522167
0.227400	0.222852
0.249633	0.448092
0.152379	0.131808
0.191916	0.180401
0.242365	0.465341
0.305232	0.355596
0.282617	0.350445
0.216701	0.225369
0.257732	0.242268
0.268762	0.357454
0.298109	0.666273
0.276235	0.658820
0.296951	0.384552
0.263731	0.151645
0.223589	0.156512
0.284250	0.396528
0.258228	0.475139
0.303164	0.626034
0.134376	0.108173
0.246251	0.394002
0.198313	0.172532
0.294801	0.683939
0.234660	0.282765
0.275516	0.465622
0.290886	0.282160
0.239950	0.262745
0.319912	0.667017
0.192712	0.191748
0.136771	0.145661
0.196904	0.234316
0.169080	0.268838
0.234384	0.382046
0.176392	0.142878
0.212118	0.259845
0.167824	0.214815
0.220289	0.333738
0.304364	0.862871
0.185179	0.276843
0.245479	0.293347
0.139856	0.131465
0.140667	0.172318
0.165673	0.233599
0.217007	0.416653
0.159109	0.184566
0.170834	0.203293
0.145544	0.160098
0.286046	1.424510
0.205324	0.359317
0.223595	0.474022
0.194512	0.326780
0.228425	0.678423
0.206879	0.167572
0.228097	0.463037
0.185711	0.261853
0.163187	0.250492
0.163605	0.296125
0.128492	0.266621
0.145940	0.284584
0.121841	0.210785
0.127826	0.277382
0.092527	0.123524
0.095924	0.138611
0.106761	0.119038
0.156175	0.369355
0.164759	0.305627
0.149226	0.165641
0.177111	0.268324
0.182311	0.303548
0.124022	0.132703
0.207515	0.417106
0.144935	0.132615
0.199256	0.398512
0.114660	0.154218
0.175747	0.273286
0.114484	0.109905
0.138785	0.252589
0.144610	0.310187
0.076194	0.171818
0.190237	0.471788
0.168155	0.292590
0.163783	0.273517
0.153265	0.239093
0.167123	0.137041
0.226651	0.601758
0.134008	0.417435
0.106279	0.176955
0.101746	0.167881
0.109421	0.165773
0.098281	0.195578
0.133124	0.262254
0.079492	0.125598
0.106916	0.216506
0.074285	0.093971
0.142878	0.492930
0.103933	0.200591
0.100363	0.280514
0.150956	0.229453
0.083188	0.091922
0.077658	0.170847
0.138552	0.376862
0.103135	0.191832
0.080974	0.160328
0.106475	0.187396
0.095065	0.162562
0.088065	0.123731
0.085545	0.183495
0.070634	0.103125
0.215026	0.757966
0.141038	0.207325
0.133741	0.155808
0.133142	0.239656
0.092720	0.133053
0.084334	0.139151
0.089341	0.159474
0.122205	0.113651
0.178208	0.324338
0.141413	0.149191
0.152810	0.281170
0.147299	0.257036
0.173900	0.322585
0.207093	0.970230
0.092725	0.112661
0.158855	0.277202
0.110772	0.120741
0.169444	0.168597
0.218829	0.472670
0.253573	0.640272
0.222305	0.404596
0.142160	0.201157
0.178989	0.217471
0.108294	0.119665
0.113055	0.159408
0.105301	0.108460
0.111703	0.177050
0.085083	0.102525
0.141875	0.229128
0.076986	0.107010
0.083579	0.191814
0.092888	0.169986
0.087678	0.134585
0.185526	0.510196
0.126707	0.267351
0.112473	0.208075
0.108659	0.231444
0.109320	0.125171
0.104433	0.139941
0.149474	0.353506
0.111824	0.175564
0.139411	0.186113
0.209281	0.318106
0.207478	0.296694
0.218084	0.346754
0.222254	0.557858
0.128448	0.217077
0.174571	0.336923
0.194714	0.488733
0.097715	0.163183
0.150238	0.267423
0.156176	0.253787
0.198610	0.645482
0.118569	0.111455
0.158301	0.448784
0.125408	0.248308
0.082268	0.160011
0.082873	0.095718
0.240349	0.231937
0.207692	0.290768
0.229014	0.422530
0.205977	0.489195
0.194235	0.246678
0.181579	0.251487
0.205687	0.374349
0.214473	0.378545
0.212536	0.422947
0.154619	0.280634
0.140157	0.242471
0.174113	0.213288
0.122404	0.093639
0.166209	0.211917
0.204215	0.421703
0.196986	0.526937
0.211596	0.575541
0.154011	0.116278
0.179473	0.186652
0.139902	0.118917
0.159664	0.252269
0.115954	0.139724
0.242536	1.455216
0.144900	0.293423
0.114938	0.173556
0.112770	0.111079
0.175138	0.382676
0.160558	0.136474
0.183395	0.343865
0.156554	0.138550
0.217137	0.280107
0.253393	0.554930
0.140211	0.150026
0.207117	0.309640
0.151174	0.142859
0.192435	0.368514
0.124630	0.140209
0.137285	0.105023
0.193797	0.249998
0.199205	0.337652
0.218164	0.369788
0.185200	0.213906
0.224950	0.418407
0.125205	0.161515
0.124357	0.137414
0.120371	0.160696
0.141434	0.266603
0.164987	0.229332
0.149636	0.185549
0.177470	0.289277
0.189539	0.296629
0.141401	0.142815
0.152286	0.139342
0.173470	0.164796
0.244139	0.133056
0.308938	0.403164
0.295569	0.399017
0.227817	0.300719
0.237625	0.244754
0.210033	0.177478
0.243099	0.164092
0.258676	0.350506
0.334810	0.470408
0.276495	0.387092
0.231669	0.326653
0.280147	0.452437
0.312107	0.519658
0.226361	0.167507
0.163656	0.096557
0.225802	0.228060
0.201422	0.149052
0.286365	0.808980
0.266118	0.324663
0.163752	0.139189
0.144048	0.116679
0.181871	0.146406
0.192258	0.164381
0.335110	0.841125
0.242669	0.203842
0.204146	0.113301
0.185017	0.200743
0.169700	0.141699
0.138173	0.151991
0.165667	0.229449
0.132447	0.130460
0.256437	0.282081
0.352368	0.362939
0.392762	0.418292
0.351720	0.638371
0.378617	0.372938
0.301191	0.207822
0.277725	0.154137
0.357509	0.504087
0.271260	0.249559
0.357951	0.173606
0.332772	0.259562
0.268473	0.186589
0.411451	0.752956
0.285841	0.455916
0.192082	0.159428
0.226793	0.193908
0.251753	0.333572
0.106249	0.103061
0.307305	0.629975
0.182054	0.287645
0.138528	0.141991
0.204914	0.216185
0.340773	0.567387
0.150864	0.340198
0.230616	0.247913
0.266754	0.317437
0.295393	0.769499
0.247953	0.440117
0.279685	0.415332
0.272310	0.182448
0.341017	0.896876
0.185743	0.174598
0.212875	0.184137
0.145037	0.106602
0.273551	0.482818
0.222920	0.166076
0.172897	0.108925
0.286555	0.389715
0.238100	0.307149
0.226766	0.136060
0.246613	0.254011
0.186356	0.188219
0.292796	0.379171
0.245840	0.322050
0.254874	0.568369
0.164637	0.148173
0.272091	0.346916
0.283201	0.332762
0.231285	0.153805
0.371398	0.583096
0.239378	0.202274
0.272264	0.224618
0.218353	0.169224
0.197940	0.121733
0.224693	0.222446
0.305932	0.341114
0.230548	0.325072
0.196869	0.122059
0.296578	0.538289
0.134175	0.179795
0.114668	0.129001
0.207990	0.515814
0.212746	0.488253
0.211534	0.274994
0.192295	0.345169
0.172246	0.376358
0.120264	0.176187
0.126564	0.115173
0.223973	0.772706
0.208569	0.360825
0.155663	0.129200
0.234373	0.321091
0.187113	0.199276
0.220147	0.212442
0.212254	0.200580
0.159865	0.165461
0.210118	0.418135
0.139085	0.121700
0.192927	0.272026
0.308335	0.513378
0.341398	1.276828
0.247348	0.333920
0.169178	0.225006
0.191359	0.289909
0.163302	0.222907
0.157900	0.215534
0.221693	1.159457
0.251416	0.540543
0.230639	0.449746
0.175647	0.194968
0.272421	0.441322
0.258336	0.275128
0.342900	0.423482
0.318000	0.421350
0.262587	0.325607
0.196692	0.146535
0.229846	0.253980
0.272738	0.373651
0.305312	0.522084
0.242092	0.449080
0.256008	0.465935
0.154627	0.234261
0.189679	0.146053
0.231345	0.384033
0.227580	0.372094
0.228311	0.329909
0.174774	0.288377
0.246793	0.668808
0.226839	0.522865
0.148685	0.122665
0.202618	0.136767
0.350425	0.359185
0.160474	0.112332
0.291873	0.500562
0.229739	0.252713
0.261361	0.556700
0.158177	0.179531
0.193291	0.198124
0.263841	0.336397
0.199455	0.327106
0.161634	0.254574
0.206715	0.278031
0.203770	0.515537
0.143764	0.110698
0.282088	0.263753
0.260219	0.299252
0.291341	0.358350
0.219826	0.179158
0.185964	0.171087
0.190992	0.158523
0.205902	0.230610
0.174671	0.150217
0.208874	0.254826
0.156906	0.120818
0.228758	0.382027
0.264171	0.231149
0.157171	0.139096
0.195032	0.213560
0.184267	0.166762
0.141618	0.132413
0.229256	0.217793
0.197302	0.239722
0.163527	0.121010
0.161714	0.315343
0.169015	0.283945
0.265419	0.390165
0.135753	0.113354
0.167513	0.124797
0.174378	0.264183
0.138161	0.142997
0.191506	0.507491
0.178342	0.279106
0.187372	0.282931
0.224597	0.361602
0.218033	0.261639
0.162928	0.183294
0.205656	0.356812
0.206301	0.274380
0.149512	0.173433
0.212332	0.357779
0.203652	0.306496
0.226746	0.284567
0.226377	0.510480
0.233030	0.377509
0.217349	0.697689
0.163543	0.210970
0.147578	0.158646
0.198158	0.256615
0.232589	0.322136
0.282758	0.699827
0.229721	0.529507
0.193213	0.249244
0.235149	0.840659
0.154170	0.168046
0.205014	0.218340
0.139275	0.120473
0.248731	0.693960
0.188463	0.253483
0.183293	0.247446
0.140240	0.161276
0.149916	0.117684
0.199344	0.684745
0.140236	0.114994
0.130581	0.172366
0.156308	0.300893
0.132892	0.155484
0.133478	0.169517
0.119009	0.112464
0.235746	0.529249
0.148688	0.161327
0.112697	0.115514
0.192424	0.313651
0.155525	0.221623
0.227326	0.421690
0.227873	0.460304
0.287689	0.559555
0.206189	0.196911
0.223953	0.241870
0.238673	0.211226
0.238744	0.158765
0.390096	0.284770
0.391947	0.354712
0.513707	0.400692
0.350950	0.180739
0.375471	0.330415
0.522244	0.268956
0.367419	0.376605
0.446920	0.563119
0.282309	0.343005
0.248055	0.230692
0.374405	0.273316
0.300583	0.381740
0.324773	0.620317
0.154622	0.135295
0.329870	0.409038
0.320887	0.327304
0.308543	0.121875
0.369799	0.232974
0.325370	0.250535
0.340147	0.335045
0.271326	0.259116
0.313703	0.470554
0.232164	0.132334
0.309192	0.202521
0.322917	0.358438
0.357083	0.408860
0.364609	0.654473
0.291344	0.377290
0.244384	0.303037
0.171981	0.146183
0.266988	0.460554
0.198049	0.130712
0.279438	0.368859
0.194045	0.146504
0.185786	0.138410
0.166655	0.123324
0.158506	0.282933
0.255421	0.317999
0.190075	0.212884
0.230220	0.353388
0.262187	0.911098
0.154215	0.145733
0.242540	0.438998
0.177525	0.286702
0.230250	0.670028
0.207792	0.367792
0.141522	0.222190
0.257473	0.933341
0.240430	0.311357
0.164992	0.326684
0.175498	0.368546
0.199376	0.420684
0.134256	0.126872
0.137001	0.132206
0.218870	0.562496
0.074718	0.439717
0.158930	0.371897
0.153464	0.198735
0.143611	0.207519
0.139063	0.105688
0.143553	0.125609
0.147589	0.165300
0.152855	0.227754
0.198872	0.431552
0.128947	0.181170
0.171535	0.265880
0.119286	0.117497
0.130787	0.238033
0.137148	0.133720
0.150110	0.232671
0.190694	0.204996
0.240258	0.349576
0.233890	0.166062
0.173706	0.178917
0.103825	0.127704
0.133418	0.281511
0.119773	0.248530
0.114514	0.238761
0.104936	0.279130
0.240579	1.219737
0.123343	0.329941
0.109261	0.261133
0.153487	0.233300
0.127499	0.182324
0.184678	0.321340
0.166308	0.225348
0.104521	0.091455
0.138381	0.193042
0.190786	0.318613
0.146216	0.177653
0.141940	0.212201
0.119959	0.110362
0.134671	0.199313
0.110155	0.261617
0.121752	0.133319
0.134343	0.180020
0.189048	0.215515
0.251561	0.426396
0.433601	1.240099
0.285395	0.375295
0.207493	0.176369
0.225116	0.316288
0.143886	0.128778
0.220340	0.291950
0.192870	0.377062
0.146580	0.146580
0.200874	0.233014
0.175526	0.256268
0.144555	0.192980
0.283959	0.610513
0.193168	0.309068
0.242630	0.351813
0.259676	0.192160
0.221005	0.128183
0.321118	0.263317
0.157012	0.135816
0.167196	0.131249
0.240113	0.462218
0.241451	0.445478
0.199073	0.185138
0.170552	0.146675
0.154941	0.123178
0.197430	0.274428
0.161753	0.158517
0.168853	0.211066
0.167623	0.205338
0.209060	0.215332
0.139188	0.129445
0.118764	0.127078
0.153126	0.168439
0.189145	0.300741
0.104904	0.108575
0.177130	0.356032
0.160345	0.392845
0.109663	0.273060
0.155219	0.237485
0.122942	0.186257
0.112276	0.171221
0.147865	0.150822
0.171362	0.404414
0.154446	0.236303
0.116005	0.121805
0.167393	0.313025
0.230131	0.635162
0.172811	0.209965
0.139626	0.138928
0.223111	0.456263
0.219705	0.378992
0.208305	0.386406
0.238057	0.574907
0.219970	0.412443
0.278294	0.527367
0.283261	0.730812
0.288338	1.016392
0.241326	0.474205
0.128968	0.123165
0.156331	0.103960
0.222478	0.355965
0.224486	0.415300
0.191571	0.189655
0.170125	0.151412
0.240434	0.478464
0.215583	0.308284
0.173476	0.273225
0.210069	0.444296
0.189666	0.245618
0.255982	0.312299
0.309825	1.392661
0.118566	0.111452
0.179753	0.377481
0.082852	0.103564
0.180743	0.309071
0.169058	0.154688
0.201672	0.363010
0.207712	0.406077
0.200694	0.262909
0.108261	0.123959
0.110625	0.176446
0.129247	0.286929
0.080172	0.157537
0.162130	0.343716
0.191877	0.546849
0.163990	0.249265
0.139636	0.151505
0.172590	0.182082
0.204431	0.301535
0.162895	0.465065
0.097358	0.186441
0.120795	0.372652
0.144328	0.309584
0.094187	0.138455
0.093484	0.136019
0.087644	0.204211
0.137699	0.314643
0.180068	0.446569
0.256289	0.597154
0.203087	0.416327
0.168417	0.135576
0.203209	0.235723
0.164788	0.152429
0.189323	0.219614
0.244766	0.458936
0.198589	0.274053
0.210610	0.286430
0.230738	0.560693
0.130179	0.115859
0.191717	0.333587
0.105316	0.153235
0.097792	0.230789
0.126092	0.356842
0.111803	0.183357
0.127325	0.288391
0.115977	0.186723
0.084793	0.117014
0.115882	0.177300
0.096913	0.112904
0.160367	0.317527
0.141105	0.402854
0.107749	0.164317
0.138763	0.278915
0.119205	0.455362
0.099336	0.182778
0.124478	0.283809
0.127414	0.242087
0.079779	0.161552
0.102167	0.814779
0.082016	0.183305
0.073984	0.390636
0.173942	0.586184
0.152008	0.368618
0.120169	0.195275
0.146006	0.195648
0.144337	0.210732
0.159300	0.191957
0.174200	0.240396
0.139730	0.160689
0.140914	0.145142
0.165192	0.223835
0.174140	0.313452
0.122173	0.197310
0.165398	0.397781
0.181410	0.214064
0.117901	0.123796
0.144539	0.307146
0.152744	0.293269
0.172914	0.340640
0.116690	0.205957
0.084177	0.100591
0.124359	0.166641
0.090177	0.142029
0.086807	0.141929
0.080075	0.226211
0.101296	0.201579
0.143243	0.328026
0.129198	0.199611
0.205995	0.976417
0.091298	0.164336
0.081279	0.132079
0.102369	0.365968
0.094973	0.146734
0.083869	0.182835
0.075825	0.119424
0.113161	0.340050
0.095841	0.255416
0.124419	0.266258
0.155894	0.253328
0.087844	0.127374
0.130973	0.197769
0.090065	0.113481
0.096799	0.125355
0.140229	0.122700
0.178254	0.169342
0.151559	0.388748
0.112229	0.158804
0.125874	0.214614
0.106960	0.136908
0.187558	0.322600
0.184785	0.212503
0.188956	0.386415
0.154649	0.347187
0.175203	0.261928
0.210988	0.341800
0.125175	0.181504
0.122546	0.128673
0.098113	0.113321
0.197108	0.371548
0.149483	0.122576
0.137706	0.212067
0.189611	0.413351
0.116995	0.257389
0.112175	0.219863
0.211303	0.779708
0.165864	0.238844
0.156658	0.325066
0.145516	0.343417
0.141589	0.213092
0.185607	0.218089
0.232931	0.405301
0.224217	0.493278
0.257818	0.192075
0.273456	0.441632
0.175390	0.177143
0.197274	0.217001
0.203514	0.402958
0.187251	0.227510
0.144294	0.202011
0.166862	0.224429
0.165846	0.318424
0.123415	0.153652
0.140901	0.254326
0.133977	0.226421
0.124210	0.191905
0.111031	0.149336
0.076411	0.105448
0.099179	0.209763
0.254072	0.180391
0.183318	0.242896
0.146597	0.144398
0.109871	0.140086
0.118959	0.170706
0.082064	0.133765
0.160917	0.428038
0.177152	0.235612
0.148204	0.200075
0.127996	0.275192
0.065883	0.157461
0.135471	0.180854
0.141496	0.140789
0.086700	0.100139
0.219891	0.443080
0.100317	0.124895
0.117379	0.207174
0.134597	0.187089
0.106334	0.148336
0.092665	0.106102
0.143930	0.193586
0.121815	0.183941
0.116868	0.212700
0.152814	0.197894
0.189030	0.378060
0.159323	0.243764
0.142672	0.252529
0.114633	0.155328
0.096615	0.141541
0.102191	0.137958
0.148153	0.117782
0.176031	0.190994
0.122766	0.169417
0.120087	0.192139
0.112983	0.253646
0.091909	0.159921
0.070402	0.083779
0.140582	0.754224
0.159062	0.643406
0.192723	0.164778
0.135505	0.231037
0.177472	0.348732
0.155996	0.287032
0.165804	0.269432
0.126577	0.172778
0.181581	0.430346
0.105055	0.156006
0.256568	0.855655
0.187825	0.355929
0.143841	0.303505
0.119665	0.137017
0.164151	0.424331
0.125610	0.148220
0.190175	0.389858
0.183934	0.271303
0.158180	0.277607
0.167258	0.397237
0.163553	0.160282
0.164415	0.192366
0.134894	0.190200
0.191138	0.321113
0.188762	0.312401
0.232416	0.495046
0.114543	0.155206
0.131517	0.129544
0.209759	0.800231
0.171321	0.339216
0.137173	0.192729
0.179646	0.323362
0.130389	0.168854
0.171429	0.258001
0.195283	0.373967
0.236595	0.188093
0.222173	0.291047
0.310336	0.764978
0.214888	0.313737
0.136419	0.107089
0.194852	0.335145
0.188701	0.150017
0.265018	0.325972
0.165506	0.143990
0.154242	0.114139
0.125395	0.207528
0.137490	0.176675
0.122583	0.196746
0.093113	0.136876
0.092616	0.192177
0.092577	0.200893
0.075177	0.100361
0.122250	0.183375
0.138824	0.270013
0.148755	0.301973
0.207102	0.493939
0.112655	0.127864
0.190540	0.238175
0.222912	0.344399
0.147422	0.154793
0.196704	0.201621
0.211967	0.421814
0.103562	0.120132
0.157318	0.389362
0.114429	0.158484
0.092591	0.106943
0.130059	0.195738
0.106525	0.131026
0.137442	0.224030
0.212415	0.561838
0.144995	0.109472
0.236054	0.550006
0.163343	0.147826
0.197155	0.321362
0.190346	0.391162
0.181288	0.515765
0.112687	0.118321
0.137216	0.358135
0.062973	0.111462
0.147592	0.690731
0.102784	0.133619
0.131396	0.139279
0.153238	0.441327
0.105471	0.194066
0.108121	0.172994
0.178690	0.364527
0.087164	0.132053
0.095262	0.113362
0.131849	0.246557
0.095430	0.128353
0.098076	0.106413
0.129977	0.198865
0.140650	0.267939
0.175480	0.377281
0.227268	0.619306
0.115744	0.148152
0.102296	0.117129
0.118523	0.122079
0.183997	0.218036
0.228488	0.575790
0.218283	0.786911
0.162015	0.166875
0.180099	0.322377
0.107480	0.113391
0.189560	0.433144
0.125330	0.120944
0.206575	0.641415
0.143920	0.194292
0.145759	0.180012
0.132970	0.253973
0.112100	0.136762
0.167616	0.316793
0.159899	0.202272
0.147847	0.222510
0.161545	0.348938
0.170339	0.244436
0.221264	0.366192
0.173632	0.206622
0.274377	0.467812
0.139691	0.115245
0.295440	0.493385
0.277108	0.601324
0.203225	0.220499
0.275571	0.462959
0.197234	0.278099
0.184949	0.184949
0.145498	0.213155
0.196867	0.445904
0.245005	0.583112
0.128729	0.152544
0.200850	0.493087
0.219369	0.550616
0.142108	0.132161
0.131631	0.144136
0.123224	0.137395
0.186443	0.311359
0.163414	0.209987
0.147338	0.472219
0.147991	0.245666
0.129308	0.283830
0.101737	0.126663
0.193925	0.288948
0.186173	0.302532
0.170710	0.268015
0.169079	0.317023
0.111103	0.194430
0.112345	0.132005
0.188257	0.472524
0.181468	0.425543
0.132493	0.202715
0.105151	0.105151
0.162557	0.314548
0.169300	0.384311
0.113389	0.285172
0.149079	0.265361
0.126915	0.272867
0.134446	0.166041
0.126217	0.171655
0.170811	0.488518
0.126100	0.227610
0.189453	0.677293
0.099591	0.194202
0.121919	0.187145
0.119778	0.168888
0.153579	0.334803
0.124011	0.135792
0.152762	0.342951
0.094886	0.122878
0.152166	0.250313
0.156283	0.311002
0.186153	0.449558
0.106858	0.115941
0.114670	0.157671
0.095551	0.105106
0.122811	0.272027
0.121452	0.284805
0.177666	0.514343
0.106227	0.181116
0.141344	0.285514
0.176623	0.254338
0.105141	0.117232
0.106432	0.160181
0.117476	0.150957
0.166190	0.447052
0.147073	0.156633
0.135224	0.129139
0.156150	0.153808
0.192461	0.193423
0.277190	0.426873
0.197433	0.216190
0.193066	0.145765
0.190943	0.131751
0.188466	0.245006
0.263760	0.527520
0.209998	0.302398
0.179301	0.335294
0.142005	0.175377
0.158848	0.108811
0.181918	0.181008
0.450127	0.720203
0.336683	0.727235
0.508525	0.704308
0.379473	0.278913
0.552509	1.024903
0.368862	0.258204
0.287865	0.177037
0.433893	0.483791
0.348125	0.332460
0.127921	0.087626
0.201632	0.199616
0.221165	0.162556
0.260355	0.440000
0.316906	1.250195
0.315053	0.557644
0.176161	0.233413
0.124999	0.106874
0.159662	0.186804
0.164053	0.337948
0.087154	0.224858
0.131152	0.219024
0.156650	0.281186
0.136334	0.196321
0.148437	0.171445
0.082487	0.113831
0.114319	0.101744
0.127065	0.251590
0.182281	0.684465
0.166928	0.337195
0.112461	0.231107
0.132330	0.224300
0.105539	0.134035
0.091205	0.149121
0.108145	0.113552
0.148092	0.233986
0.094976	0.129167
0.184780	0.424993
0.117480	0.187380
0.143205	0.119576
0.209818	0.290598
0.251810	0.494806
0.180771	0.207887
0.197536	0.262723
0.203129	0.662201
0.196734	0.454454
0.140217	0.103760
0.142272	0.155076
0.121053	0.154343
0.161394	0.242090
0.212004	0.426128
0.151250	0.197382
0.186280	0.224467
0.273602	0.562252
0.200043	0.126027
0.173923	0.182620
0.230637	0.523546
0.276635	0.561569
0.226304	0.544261
0.174361	0.241490
0.154520	0.397890
0.122614	0.129358
0.247112	0.396614
0.234849	0.472047
0.145749	0.185830
0.137194	0.127591
0.194883	0.359558
0.144300	0.199856
0.107027	0.110773
0.102372	0.160213
0.125317	0.171685
0.130979	0.168963
0.228010	0.193808
0.208936	0.393844
0.259473	0.587706
0.203396	0.198311
0.211074	0.155139
0.152998	0.139993
0.185367	0.352198
0.186602	0.459040
0.141194	0.114367
0.182802	0.495394
0.163790	0.221116
0.150267	0.157780
0.103530	0.119577
0.103034	0.237494
0.140230	0.290978
0.139524	0.196031
0.123286	0.210818
0.176876	0.200755
0.200442	0.170376
0.154780	0.131563
0.163170	0.182750
0.225341	0.139712
0.131916	0.116746
0.164323	0.242377
0.179123	0.442434
0.115808	0.278519
0.212895	0.466240
0.127403	0.152247
0.164851	0.406358
0.176182	0.310080
0.146736	0.220838
0.192936	0.307733
0.117681	0.130626
0.179075	0.375161
0.100100	0.228729
0.131943	0.299511
0.168693	0.351725
0.113368	0.143978
0.111575	0.169036
0.201630	0.290348
0.191758	0.466930
0.121621	0.126486
0.144814	0.200568
0.196469	0.474472
0.103470	0.122095
0.258962	0.308165
0.128979	0.127044
0.238172	0.852656
0.092832	0.168954
0.096337	0.131018
0.193858	0.480769
0.223386	0.386458
0.163907	0.173741
0.167204	0.265018
0.175072	0.241599
0.133787	0.202018
0.171956	0.172816
0.176868	0.206936
0.237640	0.436069
0.139602	0.134716
0.138117	0.176789
0.124052	0.121571
0.184074	0.447301
0.156339	0.187607
0.122309	0.206091
0.211969	0.379424
0.201922	0.367498
0.101577	0.107671
0.147913	0.429687
0.095199	0.106147
0.152535	0.377525
0.103693	0.159168
0.177965	0.514318
0.150621	0.227438
0.120139	0.127948
0.136187	0.187257
0.185596	0.483476
0.152215	0.198641
0.181242	0.278206
0.227596	0.335704
0.113792	0.138257
0.142014	0.172547
0.146436	0.126667
0.135526	0.205999
0.150552	0.170876
0.142697	0.129141
0.183665	0.284681
0.154992	0.193740
0.217475	0.364270
0.239545	0.455135
0.197924	0.417619
0.143190	0.119563
0.220568	0.212848
0.131391	0.141902
0.207073	0.305432
0.211349	0.407904
0.228079	0.237202
0.307639	0.330712
0.198433	0.247049
0.163753	0.255454
0.110661	0.123940
0.158968	0.261503
0.173893	0.774695
0.153579	0.171241
0.202525	0.269358
0.169864	0.239508
0.118411	0.097689
0.162498	0.257559
0.135061	0.169502
0.151405	0.354289
0.117490	0.282563
0.152694	0.401585
0.182503	0.440745
0.136781	0.185338
0.083072	0.120039
0.137622	0.341302
0.137749	0.227975
0.084404	0.113945
0.098710	0.150039
0.117088	0.216028
0.079375	0.088900
0.107946	0.141409
0.112249	0.150974
0.103833	0.157827
0.108482	0.126381
0.163295	0.359249
0.119958	0.308892
0.076440	0.162436
0.079049	0.119760
0.122864	0.253714
0.117158	0.236072
0.173871	0.722435
0.158386	0.323898
0.093537	0.116454
0.141708	0.204768
0.095412	0.100183
0.137677	0.185864
0.191877	0.474895
0.096085	0.114341
0.133574	0.329927
0.113885	0.211825
0.074085	0.106683
0.095807	0.204548
0.109538	0.124325
0.107433	0.176728
0.163246	0.741952
0.080415	0.148365
0.071886	0.110705
0.193346	0.541369
0.171964	0.339629
0.126026	0.204162
0.143351	0.402101
0.086243	0.119877
0.116857	0.219690
0.156210	0.436607
0.098056	0.158851
0.090253	0.134025
0.083952	0.222892
0.111065	0.221020
0.145175	0.318659
0.145305	0.269541
0.111961	0.166822
0.074010	0.134697
0.144244	0.294978
0.120217	0.211581
0.105082	0.100878
0.166140	0.294068
0.120242	0.116634
0.104064	0.193039
0.145705	0.253526
0.169943	0.299100
0.164476	0.236845
0.181104	0.323271
0.194306	0.288545
0.133531	0.150223
0.116865	0.120955
0.088720	0.096262
0.144890	0.213713
0.187544	0.256936
0.231136	0.424134
0.245978	0.189403
0.143855	0.133065
0.143949	0.180656
0.154178	0.275209
0.123214	0.198374
0.165128	0.236959
0.161999	0.248668
0.162489	0.186862
0.191383	0.228702
0.227630	0.353964
0.219824	0.824340
0.177111	0.404700
0.191482	0.392539
0.178971	0.405369
0.174384	0.179615
0.125745	0.113170
0.209761	0.397497
0.187901	0.487604
0.172640	0.110489
0.192560	0.129978
0.204283	0.237990
0.238781	0.294894
0.203136	0.201105
0.268233	0.524395
0.202170	0.232495
0.175274	0.195431
0.197230	0.220898
0.211347	0.225085
0.132241	0.101165
0.304935	0.556507
0.308323	0.417778
0.249806	0.232320
0.329643	0.721919
0.239472	0.295748
0.159656	0.172429
0.144941	0.154362
0.195901	0.383966
0.216333	0.499730
0.239279	0.411560
0.159805	0.189369
0.185622	0.179125
0.199635	0.261522
0.261731	0.251262
0.252127	0.738731
0.143207	0.123874
0.153892	0.118497
0.284210	0.767366
0.153144	0.164630
0.166193	0.214389
0.216005	0.406089
0.194912	0.218302
0.139725	0.181643
0.126036	0.119104
0.162712	0.488137
0.180588	0.199550
0.217082	0.510143
0.206624	0.383288
0.156160	0.188172
0.194463	0.469628
0.208014	0.249617
0.169428	0.160110
0.266270	0.412719
0.251045	0.764433
0.201727	0.282418
0.208592	0.290986
0.214297	0.331089
0.170480	0.229296
0.130634	0.191379
0.157008	0.176634
0.163555	0.140658
0.154802	0.159446
0.277856	0.377884
0.199356	0.123600
0.389863	0.941519
0.275523	0.187355
0.198099	0.134708
0.364401	0.522915
0.188248	0.241898
0.138945	0.114629
0.174987	0.118991
0.290567	0.432944
0.295610	0.489234
0.218728	0.172795
0.230701	0.384117
0.354763	0.670503
0.284108	0.373602
0.330796	0.335758
0.264848	0.162882
0.344872	0.579385
0.259298	0.230775
0.261035	0.301496
0.229803	0.211419
0.258650	0.240545
0.274515	0.301966
0.304217	0.152108
0.254176	0.317719
0.362848	0.564229
0.286568	0.329553
0.164920	0.140182
0.204802	0.233475
0.180207	0.149572
0.329348	0.699865
0.371393	0.783638
0.281699	0.219726
0.192645	0.169527
0.349278	0.843507
0.211872	0.210813
0.216977	0.125846
0.254354	0.175505
0.238180	0.200071
0.251764	0.259317
0.240779	0.355149
0.230873	0.359008
0.151171	0.132274
0.247750	0.194484
0.239643	0.355870
0.280737	0.571301
0.067157	0.189382
0.148306	0.247672
0.167054	0.184595
0.106987	0.161016
0.155342	0.322334
0.114589	0.207406
0.152985	0.163694
0.112522	0.309435
0.132100	0.163804
0.206647	0.363698
0.212041	0.432563
0.138365	0.125220
0.143867	0.121568
0.218205	0.294577
0.173912	0.132173
0.193100	0.177652
0.313261	0.618690
0.216337	0.263931
0.203534	0.186233
0.269744	1.228685
0.227493	0.916798
0.177291	0.219841
0.115492	0.094703
0.169873	0.253959
0.119194	0.114427
0.093327	0.142791
0.130326	0.237193
0.133677	0.344886
0.104881	0.303105
0.113577	0.132317
0.097037	0.151377
0.177797	0.206244
0.190393	0.266551
0.201765	0.292560
0.259941	0.508184
0.250164	0.521592
0.226624	0.377330
0.237958	0.284360
0.162072	0.313610
0.159065	0.391301
0.229917	0.390859
0.229922	0.442599
0.181885	0.235541
0.163776	0.160500
0.198252	0.447057
0.199891	0.429767
0.222647	0.287214
0.289403	0.944900
0.107107	0.135491
0.138505	0.152355
0.301651	0.814457
0.145123	0.181404
0.188066	0.241665
0.132146	0.226631
0.223537	0.295069
0.166613	0.294072
0.201527	0.371817
0.148186	0.342310
0.197608	0.336922
0.206531	0.226151
0.225532	0.898744
0.158423	0.268528
0.187949	0.431342
0.208423	0.274076
0.236367	0.183184
0.217318	0.318371
0.307197	0.517627
0.190217	0.192119
0.202783	0.325467
0.269038	0.236753
0.293678	0.566798
0.290713	0.460780
0.187112	0.124429
0.320522	1.134647
0.208461	0.155303
0.182778	0.201056
0.218125	0.393716
0.185726	0.363095
0.267385	0.625681
0.150463	0.173784
0.178775	0.132294
0.249615	0.300786
0.322737	0.551880
0.363320	1.129924
0.275603	0.242530
0.211605	0.139660
0.279481	0.437388
0.180364	0.119942
0.282576	0.648513
0.190098	0.253781
0.245524	0.245524
0.187434	0.119020
0.241372	0.430849
0.222886	0.287523
0.237785	0.428013
0.187012	0.146805
0.185527	0.168830
0.267807	0.515529
0.210187	0.241715
0.280842	0.478836
0.254699	0.309459
0.213086	0.138506
0.390229	1.168737
0.274456	0.576357
0.150424	0.169227
0.217587	0.195828
0.186175	0.262507
0.292416	0.631618
0.204202	0.139878
0.193076	0.309887
0.184058	0.257682
0.175370	0.226227
0.178745	0.300291
0.198050	0.372334
0.105441	0.125475
0.130567	0.302915
0.121247	0.227944
0.153213	0.275018
0.130159	0.119747
0.108059	0.138856
0.277931	0.136186
0.311214	0.141602
0.373052	0.529734
0.338301	0.150544
0.321129	0.229607
0.432724	0.309397
0.377236	0.669595
0.348403	0.461634
0.216031	0.123138
0.228416	0.183875
0.276511	0.470069
0.164821	0.201905
0.106382	0.105850
0.271756	0.346489
0.253244	0.501424
0.254944	0.670504
0.216897	0.260277
0.156102	0.177176
0.200631	0.248783
0.185966	0.392388
0.163303	0.214744
0.148529	0.278493
0.172410	0.459473
0.127428	0.170116
0.113037	0.133383
0.164334	0.274438
0.151590	0.121272
0.146523	0.173630
0.151709	0.273077
0.145433	0.373762
0.142220	0.184174
0.119749	0.296380
0.199256	0.152431
0.150598	0.201048
0.186049	0.465124
0.135301	0.227983
0.108671	0.108128
0.106626	0.119954
0.104104	0.141581
0.124463	0.202252
0.141769	0.292752
0.073113	0.093951
0.116852	0.170019
0.148084	0.186586
0.091703	0.138930
0.106909	0.327678
0.106522	0.262043
0.112111	0.097536
0.106046	0.115591
0.172123	0.336501
0.128852	0.265436
0.160428	0.397862
0.146561	0.344418
0.104442	0.165541
0.174824	0.255243
0.149676	0.223018
0.123419	0.134527
0.095496	0.132740
0.105706	0.214055
0.093887	0.176039
0.154268	0.175094
0.106530	0.151272
0.099489	0.124361
0.169412	0.252424
0.169231	0.261461
0.217530	0.385028
0.229312	0.350848
0.102772	0.114077
0.264904	0.639743
0.147430	0.140795
0.188472	0.366579
0.186847	0.167228
0.148388	0.152840
0.206220	0.302113
0.111759	0.097231
0.198177	0.237813
0.142494	0.210178
0.097127	0.232619
0.106512	0.312612
0.128307	0.112910
0.083816	0.184815
0.096429	0.209251
0.098862	0.189815
0.089483	0.180308
0.091769	0.138112
0.120707	0.218480
0.164947	0.195463
0.102908	0.118344
0.160842	0.388433
0.125380	0.177413
0.122463	0.266969
0.099770	0.287837
0.075938	0.105175
0.068549	0.107965
0.072304	0.113517
0.069804	0.156711
0.104596	0.245277
0.059602	0.096556
0.077428	0.183117
0.152205	0.216131
0.094675	0.150059
0.160879	0.148813
0.126799	0.147087
0.102282	0.110465
0.042024	0.146453
0.108157	0.122759
0.104034	0.221591
0.101818	0.292727
0.097723	0.177856
0.089960	0.196564
0.054524	0.133858
0.131790	0.312342
0.139670	0.506303
0.124655	0.246193
0.125414	0.149243
0.166628	0.214951
0.142532	0.169613
0.112917	0.221317
0.154082	0.336670
0.169162	0.416983
0.174633	0.378954
0.151162	0.187441
0.143359	0.440828
0.085674	0.215469
0.159148	0.236335
0.177712	0.351871
0.178023	0.183364
0.186621	0.312590
0.202442	0.240905
0.133902	0.105113
0.187780	0.115485
0.163934	0.144262
0.247339	0.346275
0.124518	0.104595
0.165764	0.244502
0.193338	0.443711
0.181590	0.311428
0.118123	0.174231
0.130325	0.303658
0.118236	0.125331
0.121437	0.143296
0.123686	0.155845
0.143116	0.147410
0.108368	0.145755
0.126294	0.174285
0.103631	0.121767
0.088110	0.139654
0.126665	0.206463
0.105332	0.162739
0.110686	0.136697
0.112659	0.492884
0.101711	0.161211
0.201606	0.581633
0.122208	0.138706
0.083605	0.118719
0.107055	0.240339
0.113953	0.168651
0.089152	0.104754
0.167854	0.419636
0.081200	0.139664
0.146660	0.519910
0.116073	0.148574
0.090531	0.111353
0.103269	0.285538
0.110906	0.197967
0.105811	0.217441
0.135607	0.155948
0.173901	0.315631
0.145897	0.137873
0.192338	0.334668
0.134420	0.250022
0.131625	0.177694
0.189010	0.308086
0.184185	0.327850
0.087477	0.178015
0.135308	0.335563
0.091197	0.136340
0.085034	0.119048
0.087605	0.123524
0.126334	0.384687
0.087370	0.196146
0.086612	0.165428
0.099428	0.177977
0.101050	0.161680
0.114551	0.169536
0.163027	0.152430
0.227250	0.529494
0.116665	0.126582
0.191005	0.327573
0.190334	0.470125
0.235756	0.636540
0.174790	0.138084
0.146928	0.163824
0.198639	0.205591
0.269030	0.207153
0.209490	0.136169
0.351440	0.637864
0.205239	0.261680
0.141804	0.138259
0.158403	0.186123
0.165405	0.115783
0.231643	0.510773
0.236682	0.551470
0.239565	0.949874
0.212151	0.208969
0.217620	0.150158
0.135517	0.102993
0.109318	0.212623
0.256786	0.415993
0.229855	0.419486
0.195688	0.121327
0.156027	0.212197
0.180231	0.466797
0.128777	0.124270
0.166405	0.152260
0.131171	0.171179
0.118642	0.169064
0.112911	0.121380
0.190198	0.322386
0.130672	0.283558
0.175469	0.370240
0.179231	0.526939
0.125210	0.145244
0.162528	0.314491
0.185566	0.287627
0.135520	0.189050
0.162329	0.332774
0.155209	0.346892
0.154607	0.113636
0.171603	0.293441
0.165504	0.590021
0.150240	0.232871
0.126350	0.246382
0.140204	0.182966
0.125644	0.222390
0.072920	0.100994
0.158917	0.261419
0.087118	0.103671
0.147449	0.283101
0.111298	0.173068
0.150695	0.238852
0.180574	0.394555
0.131934	0.241439
0.147423	0.215975
0.180664	0.337842
0.136739	0.210578
0.111240	0.206905
0.130329	0.207223
0.125536	0.301913
0.148886	0.456335
0.161333	0.385586
0.149572	0.189957
0.192694	0.270735
0.138827	0.159651
0.126847	0.130652
0.156112	0.314566
0.115939	0.110722
0.154751	0.279326
0.194494	0.168237
0.132250	0.220197
0.095801	0.130769
0.134801	0.409120
0.102170	0.167048
0.099926	0.195355
0.074799	0.080409
0.098698	0.206773
0.087346	0.173818
0.079548	0.111764
0.104831	0.200752
0.102388	0.249316
0.147839	0.253545
0.144564	0.182873
0.117479	0.290761
0.150144	0.585563
0.085734	0.206189
0.113971	0.232500
0.106545	0.172070
0.131201	0.272242
0.117501	0.206214
0.119031	0.154740
0.180418	0.543059
0.104690	0.128769
0.089932	0.252259
0.140973	0.281945
0.090100	0.113976
0.280853	0.977368
0.170598	0.182540
0.164712	0.207537
0.130802	0.208630
0.179467	0.290736
0.216017	0.515200
0.210714	0.430910
0.124409	0.191590
0.224784	0.387753
0.139344	0.123320
0.169875	0.132503
0.132265	0.110442
0.179170	0.198879
0.154058	0.215681
0.149690	0.246988
0.098787	0.107678
0.167660	0.290052
0.167660	0.124069
0.181014	0.117659
0.217375	0.214114
0.178116	0.187913
0.292784	0.358661
0.190731	0.226970
0.219533	0.464312
0.237775	0.448206
0.231186	0.401108
0.142631	0.131220
0.174000	0.174870
0.151670	0.106169
0.148768	0.113807
0.089446	0.120752
0.102508	0.137874
0.097934	0.193909
0.129645	0.335781
0.074220	0.125803
0.086792	0.191809
0.104950	0.239810
0.171566	0.193012
0.167810	0.298701
0.106483	0.134700
0.158548	0.186294
0.285636	0.374183
0.335742	0.775564
0.158431	0.127537
0.213229	0.430723
0.148361	0.188419
0.177137	0.263934
0.179385	0.209880
0.139318	0.213852
0.120409	0.134858
0.153071	0.143886
0.146418	0.144222
0.143266	0.136102
0.170300	0.246084
0.188596	0.282895
0.170160	0.194834
0.216683	0.537373
0.119428	0.122414
0.136483	0.233387
0.205750	0.403271
0.134695	0.216859
0.162884	0.277717
0.192140	0.314150
0.144680	0.115021
0.157381	0.232924
0.134314	0.190055
0.118196	0.213935
0.136774	0.227729
