Velocity(m/s)	Chord(mm)
0.089061	0.152295
0.057912	0.129143
0.166975	2.262511
0.101272	0.143301
0.088888	0.241331
0.135797	0.148019
0.163383	0.278567
0.181887	0.291019
0.156618	0.339861
0.160875	0.279119
0.201047	0.205068
0.115118	0.213544
0.089799	0.159392
0.083498	0.206241
0.219543	0.256865
0.142005	0.124254
0.232626	0.346613
0.159057	0.184506
0.209905	0.311709
0.155323	0.201143
0.101724	0.150552
0.101041	0.141962
0.141157	0.266081
0.240900	0.390257
0.127039	0.182301
0.099254	0.289821
0.104615	0.187260
0.098099	0.126057
0.094264	0.260641
0.058935	0.224246
0.099737	0.296220
0.074535	0.188574
0.116705	0.138295
0.094786	0.181990
0.069478	0.140693
0.094040	0.263311
0.046373	0.142596
0.038648	0.106476
0.130774	0.175237
0.146518	0.350911
0.076160	0.091011
0.116235	0.233633
0.325393	0.710983
0.108986	0.152581
0.157228	0.260213
0.080022	0.133637
0.151002	0.195548
0.078055	0.100691
0.129448	0.155337
0.100511	0.112070
0.116947	0.146769
0.090682	0.219903
0.062322	0.126513
0.165315	0.157876
0.223850	0.287647
0.141282	0.120796
0.202790	0.227125
0.169393	0.139749
0.197135	0.203049
0.183511	0.157819
0.191253	0.210379
0.198291	0.167556
0.123011	0.096564
0.159826	0.159826
0.196050	0.314661
0.150537	0.200214
0.184890	0.334651
0.115316	0.158560
0.033799	0.080780
0.067628	0.098060
0.092136	0.141429
0.073289	0.187620
0.066086	0.116311
0.095542	0.228346
0.105613	0.234990
0.108103	0.116751
0.127129	0.165903
0.193512	0.370576
0.151568	0.212195
0.234225	0.386472
0.272382	1.218908
0.200770	0.282082
0.199393	0.206372
0.099831	0.131777
0.104904	0.188302
0.079637	0.085212
0.156611	0.418151
0.077403	0.172608
0.112075	0.183242
0.166144	0.221802
0.121746	0.270277
0.098002	0.105842
0.085792	0.127830
0.053780	0.091963
0.083136	0.147566
0.082654	0.230605
0.073777	0.185181
0.084536	0.244310
0.094613	0.183076
0.081707	0.123785
0.136440	0.326092
0.068507	0.142151
0.077035	0.094368
0.074046	0.281747
0.128195	0.244212
0.175431	0.295601
0.136376	0.357305
0.152490	0.213486
0.187664	0.279620
0.080902	0.091015
0.120204	0.423717
0.167414	0.217638
0.188237	0.224943
0.085103	0.086805
0.155062	0.192276
0.049946	0.078165
0.156568	0.179271
0.231488	0.500015
0.227788	0.497717
0.194927	0.208572
0.230756	0.291907
0.139816	0.096473
0.256520	0.241129
0.217111	0.214939
0.192274	0.550866
0.264299	0.619780
0.116150	0.127765
0.192462	0.163593
0.249618	0.283316
0.090442	0.083207
0.310632	0.514096
0.103136	0.096432
0.263794	0.390415
0.212577	0.353940
0.214871	0.246027
0.265166	0.275773
0.211965	0.374118
0.163070	0.185900
0.233242	0.432665
0.248510	0.433650
0.289733	0.369410
0.176492	0.185316
0.199807	0.328683
0.201153	0.259488
0.220824	0.358839
0.104988	0.121261
0.271005	0.850955
0.181832	0.153648
0.213843	0.202081
0.162967	0.221635
0.375227	0.607868
0.268739	0.186774
0.106952	0.102139
0.107560	0.105946
0.284394	0.703874
0.263516	0.386050
0.190691	0.279362
0.113860	0.149726
0.202221	0.269965
0.111457	0.132634
0.149607	0.173544
0.083210	0.110253
0.084530	0.095942
0.247962	0.249202
0.287401	0.428228
0.231569	0.281357
0.130096	0.223114
0.054468	0.116290
0.091307	0.097242
0.198065	0.286205
0.112634	0.114887
0.196422	0.311329
0.140788	0.214701
0.129739	0.204340
0.118688	0.172691
0.220294	0.496762
0.228158	0.601196
0.256127	0.343210
0.185394	0.272529
0.140358	0.155095
0.217106	0.219278
0.136998	0.123299
0.151823	0.299849
0.190442	0.293280
0.253721	0.244840
0.169882	0.154593
0.249836	0.529651
0.132168	0.249137
0.142405	0.278401
0.188448	0.182794
0.171253	0.190091
0.236070	0.286825
0.112228	0.117839
0.134440	0.170738
0.152074	0.322398
0.235225	1.192590
0.100521	0.159325
0.134140	0.158956
0.198547	0.425883
0.124407	0.185988
0.166479	0.249718
0.132735	0.211048
0.078764	0.106725
0.151149	0.284916
0.089229	0.091460
0.084201	0.104830
0.186954	0.431863
0.198918	0.338161
0.087402	0.108379
0.109060	0.086158
0.066992	0.094459
0.106327	0.213718
0.091531	0.110295
0.087542	0.155386
0.175772	0.381426
0.120741	0.106856
0.092827	0.104430
0.195583	0.484067
0.125331	0.101518
0.236720	0.231986
0.208006	0.291209
0.236064	0.631472
0.064976	0.097139
0.130376	0.205994
0.117523	0.155717
0.106628	0.137017
0.076627	0.210341
0.107278	0.136243
0.135615	0.144430
0.152607	0.276220
0.127054	0.114984
0.115378	0.156913
0.193073	0.314708
0.191618	0.442638
0.175518	0.374731
0.149985	0.224228
0.146604	0.150270
0.088914	0.185386
0.113048	0.166181
0.150790	0.375468
0.133566	0.164286
0.108991	0.114441
0.085906	0.154201
0.076578	0.117930
0.073213	0.125927
0.051246	0.112229
0.094589	0.147559
0.086664	0.128263
0.175322	0.380449
0.122606	0.234177
0.146078	0.232995
0.150801	0.209614
0.193905	0.280193
0.086251	0.135414
0.111629	0.185304
0.187349	0.531135
0.142887	0.277915
0.130783	0.211869
0.099186	0.191924
0.103493	0.183700
0.193084	0.230735
0.199518	0.215480
0.072825	0.114335
0.105387	0.144381
0.103986	0.166377
0.133415	0.292845
0.104844	0.117425
0.168649	0.117211
0.201078	0.286536
0.323863	0.751362
0.255498	0.283603
0.325648	0.381008
0.214793	0.205127
0.286584	0.660576
0.182709	0.150735
0.181690	0.179873
0.272816	0.392855
0.241951	0.298809
0.116770	0.115018
0.219209	0.305797
0.189118	0.485087
0.209911	0.437665
0.144721	0.234449
0.160627	0.189540
0.126116	0.095217
0.213494	0.324511
0.172242	0.229943
0.197875	0.170172
0.277023	0.300570
0.170387	0.158459
0.226335	0.322527
0.223341	0.525968
0.181922	0.274703
0.130166	0.162057
0.088766	0.108294
0.106882	0.124518
0.188478	0.498525
0.131666	0.174457
0.166497	0.240588
0.139245	0.135764
0.254671	0.356540
0.204452	0.298500
0.243152	0.237073
0.192927	0.153377
0.307464	0.839378
0.260906	0.429190
0.321731	0.585550
0.213447	0.205977
0.117995	0.195282
0.125321	0.119055
0.198394	0.292631
0.191862	0.609163
0.244460	0.446140
0.187681	0.414775
0.179101	0.204175
0.238282	0.350274
0.343391	0.583765
0.165568	0.357626
0.177476	0.127783
0.140696	0.232851
0.117028	0.128145
0.079532	0.145543
0.124878	0.154225
0.172673	0.296134
0.147810	0.234279
0.209180	0.412086
0.205408	0.530979
0.104537	0.228936
0.073284	0.138874
0.076817	0.093333
0.058537	0.160683
0.131493	0.477320
0.083095	0.128382
0.092183	0.158093
0.166239	0.177876
0.105535	0.101313
0.097304	0.090493
0.071082	0.091696
0.079417	0.309727
0.107540	0.159697
0.114776	0.202006
0.096413	0.168723
0.409548	2.594487
0.112387	0.142169
0.116230	0.140057
0.241947	0.316950
0.135329	0.207053
0.217033	0.402597
0.228436	0.391768
0.131416	0.192524
0.156376	0.239256
0.146677	0.251551
0.153545	0.143564
0.200411	0.406835
0.151359	0.227038
0.278264	0.635832
0.192220	0.337346
0.200609	0.216657
0.282063	0.346938
0.300117	0.394654
0.191263	0.291676
0.258291	0.379688
0.163546	0.148827
0.270105	0.415961
0.307843	1.012802
0.148294	0.154226
0.176972	0.273422
0.132232	0.136199
0.130544	0.126628
0.172465	0.300952
0.141428	0.172542
0.144289	0.209941
0.105850	0.136017
0.167854	0.220729
0.115088	0.217517
0.196120	0.319675
0.107147	0.116254
0.203078	0.314770
0.188822	0.242636
0.122976	0.167248
0.103122	0.117044
0.202404	0.186212
0.177347	0.218137
0.119138	0.083397
0.083171	0.143055
0.066139	0.085981
0.146674	0.288214
0.104247	0.164711
0.106354	0.174421
0.250323	0.458090
0.083394	0.153445
0.198038	0.852555
0.144990	0.415396
0.087794	0.109303
0.061074	0.097412
0.077762	0.243007
0.044984	0.092442
0.045617	0.097393
0.097280	0.174132
0.074922	0.094402
0.106677	0.202154
0.079464	0.114428
0.083009	0.137795
0.171128	0.259259
0.103525	0.227754
0.117190	0.221489
0.133805	0.506454
0.133897	0.326038
0.068587	0.089163
0.045815	0.087048
0.078828	0.167116
0.123041	0.109507
0.105494	0.242108
0.084028	0.198305
0.123038	0.205473
0.083034	0.125797
0.082020	0.347765
0.029156	0.105837
0.102070	0.205161
0.122848	0.289920
0.134062	0.211148
0.091594	0.150213
0.076901	0.116890
0.090097	0.163977
0.065314	0.131282
0.074897	0.117589
0.091787	0.227173
0.088074	0.143560
0.062300	0.174439
0.113985	0.185226
0.097242	0.142945
0.099450	0.148678
0.111032	0.144342
0.184308	0.448791
0.112641	0.130100
0.144547	0.356309
0.173128	0.445804
0.226425	1.327985
0.116128	0.154451
0.272502	0.453715
0.089586	0.129003
0.097911	0.238904
0.052083	0.114843
0.047068	0.167797
0.070544	0.141087
0.075907	0.132458
0.088636	0.110352
0.125930	0.204637
0.076063	0.100783
0.137261	0.177067
0.085642	0.113047
0.206866	0.362015
0.119053	0.132744
0.232946	0.404162
0.168590	0.201465
0.082496	0.132406
0.085518	0.145381
0.101484	0.148674
0.100671	0.153020
0.135160	0.150703
0.133303	0.136636
0.061689	0.117826
0.113580	0.382197
0.074940	0.122151
0.065704	0.103812
0.119574	0.241540
0.120828	0.212658
0.118685	0.205918
0.089785	0.146349
0.127361	0.191679
0.112131	0.186699
0.077094	0.110244
0.110846	0.138557
0.123813	0.181386
0.101598	0.202180
0.073840	0.107807
0.093640	0.144674
0.103658	0.169480
0.148707	0.294439
0.144447	0.239783
0.184111	0.450151
0.161288	0.232255
0.134686	0.184520
0.129136	0.149797
0.107902	0.120311
0.159358	0.552176
0.125674	0.171546
0.173887	0.443412
0.069803	0.084113
0.114616	0.163901
0.129689	0.219174
0.174083	0.293329
0.157713	0.355642
0.169349	0.689251
0.093553	0.117876
0.105343	0.173290
0.135746	0.248416
0.235734	0.312347
0.161358	0.149256
0.215243	0.266902
0.349973	0.671948
0.131880	0.147705
0.197765	0.249184
0.156852	0.145872
0.134485	0.150623
0.119878	0.106092
0.203010	0.333952
0.127505	0.177232
0.111044	0.161014
0.097048	0.177113
0.071830	0.127139
0.094068	0.168381
0.090261	0.111924
0.123314	0.161541
0.165798	0.159995
0.060866	0.112297
0.055634	0.169129
0.051756	0.092643
0.076151	0.127934
0.070883	0.113059
0.116168	0.187030
0.090952	0.173263
0.128510	0.446572
0.060688	0.102563
0.172264	0.291987
0.131030	0.216854
0.077962	0.116163
0.070288	0.108946
0.108795	0.181688
0.131082	0.122561
0.115606	0.253177
0.110477	0.254096
0.084056	0.094143
0.298047	0.226516
0.155730	0.184540
0.156050	0.218470
0.229644	0.269832
0.155339	0.205047
0.151052	0.102716
0.136086	0.140849
0.288937	0.826360
0.161127	0.106344
0.054599	0.088451
0.094866	0.184514
0.133217	0.173182
0.204463	0.453908
0.111980	0.193165
0.176320	0.416997
0.177824	0.229393
0.157139	0.327635
0.152614	0.106066
0.180232	0.153197
0.320192	0.453072
0.239838	0.277013
0.175313	0.500518
0.249530	0.328132
0.151590	0.131884
0.115955	0.190167
0.120670	0.120067
0.106118	0.169258
0.204632	0.532044
0.228975	0.586177
0.217992	0.635446
0.110357	0.131876
0.257268	0.501673
0.192875	0.177445
0.192164	0.111455
0.247118	0.536246
0.105028	0.108179
0.162254	0.890773
0.166373	0.216284
0.095570	0.130931
0.071493	0.164434
0.192266	0.277825
0.293694	1.064641
0.232032	0.186786
0.299719	0.636903
0.229739	0.276836
0.258887	0.240765
0.105612	0.095051
0.267237	0.474345
0.199066	0.151290
0.289490	0.667275
0.258666	0.569064
0.250898	0.353767
0.259976	0.400364
0.253975	0.308580
0.236072	0.326960
0.241249	0.303973
0.241846	0.331329
0.263717	0.479965
0.110937	0.103726
0.120899	0.153542
0.189395	0.490534
0.126802	0.263113
0.184292	0.403600
0.105183	0.222989
0.173077	0.375578
0.168285	0.146408
0.169376	0.421747
0.074475	0.133311
0.098134	0.273304
0.178457	0.265009
0.217550	0.448154
0.158929	0.135090
0.189253	0.178844
0.261014	0.439808
0.157955	0.277212
0.220338	0.269913
0.117506	0.128081
0.101129	0.153210
0.056886	0.163547
0.075477	0.115857
0.105931	0.173198
0.082186	0.135608
0.070204	0.094425
0.095565	0.147171
0.079234	0.139849
0.089296	0.205382
0.058787	0.100526
0.097700	0.108935
0.113405	0.133251
0.117301	0.149559
0.164457	0.270532
0.104121	0.222298
0.181996	0.557819
0.149439	0.298879
0.078732	0.123215
0.117774	0.156051
0.115657	0.136475
0.115228	0.215476
0.145970	0.352517
0.085385	0.102035
0.100658	0.219434
0.155696	0.242108
0.078600	0.097071
0.146229	0.288803
0.156163	0.227217
0.109837	0.191666
0.141193	0.197670
0.189280	0.527144
0.095633	0.098980
0.157496	0.415790
0.133303	0.155299
0.131985	0.156403
0.144393	0.284454
0.123110	0.160042
0.105488	0.169836
0.098397	0.137264
0.190882	0.596507
0.114890	0.215419
0.103131	0.220184
0.097027	0.163976
0.088921	0.096035
0.152276	1.114660
0.114083	0.193371
0.128246	0.282142
0.129956	0.164394
0.092946	0.146390
0.122653	0.239786
0.078132	0.091414
0.095827	0.180154
0.086498	0.148344
0.151582	0.234195
0.112515	0.156959
0.182009	0.165628
0.172561	0.160482
0.142310	0.319487
0.094480	0.156365
0.077582	0.144303
0.082158	0.124880
0.102979	0.304817
0.175786	0.449132
0.116040	0.158395
0.074115	0.097091
0.106871	0.191834
0.090732	0.171029
0.093438	0.216775
0.107397	0.186335
0.119725	0.301706
0.094028	0.190876
0.060289	0.078375
0.106965	0.257251
0.091802	0.172587
0.113762	0.278716
0.057930	0.074440
0.082147	0.129382
0.074353	0.095916
0.063022	0.089492
0.059644	0.113621
0.116485	0.155508
0.091452	0.155469
0.077129	0.115693
0.090596	0.149030
0.076210	0.108980
0.067290	0.135926
0.091984	0.149474
0.095794	0.151355
0.147155	0.163342
0.136352	0.340880
0.067876	0.124212
0.096256	0.481761
0.067500	0.119475
0.104472	0.257000
0.080768	0.182132
0.071038	0.205654
0.237762	0.405384
0.095103	0.118404
0.095699	0.119145
0.075269	0.109893
0.062544	0.092252
0.090733	0.137914
0.084036	0.179418
0.055078	0.089501
0.092662	0.131117
0.050586	0.104207
0.075107	0.185139
0.099910	0.229794
0.057917	0.187942
0.059234	0.127945
0.124096	0.186144
0.085601	0.133110
0.123505	0.192667
0.150117	0.337013
0.065408	0.100402
0.118830	0.327376
0.098976	0.162816
0.109550	0.163777
0.086356	0.092833
0.129044	0.211632
0.115471	0.170319
0.108384	0.204305
0.093454	0.149526
0.092928	0.188179
0.135999	0.382836
0.112470	0.215943
0.167414	0.180807
0.141908	0.146165
0.167087	0.310781
0.160430	0.300807
0.091046	0.112441
0.169093	0.251948
0.094815	0.193423
0.129729	0.241945
0.133591	0.264509
0.179440	0.513199
0.100634	0.133843
0.132043	0.143267
0.192883	0.211207
0.086610	0.087476
0.190240	0.473698
0.104003	0.293808
0.125049	0.301992
0.088361	0.121496
0.174223	0.261334
0.316515	1.297713
0.230374	0.513733
0.099279	0.117646
0.156153	0.283418
0.134255	0.320199
0.102241	0.138536
0.158115	0.271167
0.065277	0.138714
0.061260	0.095566
0.139227	0.128785
0.168587	0.167745
0.199099	0.214031
0.136657	0.239150
0.272357	0.384023
0.157751	0.233472
0.181810	0.212717
0.185227	0.289880
0.056207	0.184921
0.096735	0.227810
0.147420	0.372971
0.073286	0.092706
0.077345	0.098615
0.094910	0.146161
0.052622	0.096561
0.096167	0.216857
0.072942	0.182356
0.156909	0.262823
0.136622	0.151651
0.162027	0.270585
0.211756	0.410807
0.172670	0.679458
0.174549	0.134403
0.178157	0.428468
0.167576	0.530377
0.125048	0.147556
0.102119	0.211898
0.186818	0.991070
0.118798	0.305906
0.110228	0.182978
0.104035	0.150331
0.091894	0.212275
0.065734	0.098930
0.085631	0.193099
0.058571	0.095763
0.091946	0.208717
0.137014	0.272657
0.084660	0.132494
0.096446	0.195302
0.063949	0.089529
0.076854	0.156014
0.076696	0.094720
0.109628	0.260916
0.123250	0.262523
0.082400	0.144612
0.051938	0.103357
0.100753	0.339536
0.055034	0.208302
0.108890	0.167690
0.102288	0.207645
0.051380	0.112523
0.055136	0.100624
0.097703	0.267707
0.062815	0.108356
0.064416	0.100489
0.083608	0.138370
0.080087	0.101710
0.161154	0.539059
0.093613	0.155865
0.054425	0.089802
0.126313	0.401043
0.101415	0.190660
0.070401	0.127074
0.075506	0.223875
0.091566	0.126361
0.070317	0.164542
0.067248	0.113986
0.254760	0.397425
0.193477	0.107380
0.391697	3.456729
0.302536	0.293459
0.288487	0.311566
0.533371	0.626711
0.326898	0.212484
0.195716	0.267153
0.106552	0.173147
0.195275	0.172818
0.157451	0.229879
0.216535	0.499113
0.105118	0.128244
0.154854	0.238474
0.087456	0.177535
0.164769	0.392151
0.081518	0.081926
0.230742	0.191516
0.167283	0.117935
0.250752	0.579238
0.118133	0.186059
0.143355	0.323266
0.166218	0.238522
0.224300	0.328599
0.168075	0.253793
0.191685	0.406372
0.144754	0.112908
0.087623	0.079298
0.190074	0.287011
0.098452	0.113219
0.106748	0.097141
0.114571	0.171284
0.115341	0.173588
0.227659	0.496296
0.145427	0.178148
0.117944	0.212889
0.156896	0.266723
0.103835	0.129793
0.211998	0.295737
0.138861	0.316602
0.143372	0.283876
0.246619	0.653541
0.186863	0.292441
0.174515	0.270498
0.095617	0.104222
0.136590	0.146835
0.108549	0.116690
0.174055	0.220180
0.128962	0.185060
0.138039	0.309898
0.207393	0.398194
0.124410	0.273080
0.066490	0.181186
0.123268	0.229895
0.147437	0.326574
0.096665	0.194779
0.094211	0.716471
0.095020	0.160585
0.084503	0.096333
0.171150	0.606725
0.124893	0.204825
0.096638	0.151239
0.067475	0.116732
0.104966	0.399919
0.075677	0.185030
0.089280	0.307568
0.094070	0.163681
0.089388	0.160004
0.082709	0.202637
0.084758	0.130528
0.089272	0.153101
0.096724	0.279050
0.081721	0.097657
0.074473	0.109102
0.086087	0.114926
0.090037	0.181875
0.111285	0.452932
0.085085	0.081681
0.029048	0.112852
0.042929	0.075556
0.103677	0.189730
0.079195	0.120773
0.095426	0.250016
0.107831	0.142876
0.080736	0.292668
0.102796	0.176809
0.085970	0.185694
0.072298	0.204241
0.047645	0.123399
0.077115	0.139577
0.113796	0.216213
0.079590	0.143262
0.062002	0.115324
0.062890	0.253448
0.066742	0.142828
0.103517	0.170285
0.082065	0.112840
0.063182	0.133630
0.136792	0.567685
0.060166	0.106795
0.198984	0.172122
0.238557	0.256449
0.214020	0.268595
0.174747	0.146788
0.411867	0.626039
0.420668	0.666759
0.256277	0.597124
0.382663	0.897344
0.102673	0.090866
0.135967	0.110133
0.136991	0.189733
0.112944	0.242266
0.144724	0.261227
0.102514	0.236295
0.061806	0.103525
0.109720	0.284724
0.131279	0.133248
0.160127	0.175339
0.081682	0.084133
0.193493	0.206070
0.105438	0.089095
0.107227	0.119022
0.173244	0.550050
0.076844	0.093749
0.160727	0.372887
0.198142	0.373497
0.257070	0.748074
0.218775	0.395983
0.085530	0.095366
0.253937	0.498985
0.152704	0.171028
0.145020	0.171849
0.182820	0.187390
0.214932	0.320249
0.211309	0.323302
0.273513	0.423945
0.119631	0.111855
0.293991	0.482146
0.237083	0.146991
0.196679	0.308785
0.171451	0.144876
0.178212	0.153262
0.157023	0.112271
0.129435	0.168913
0.147799	0.123412
0.385565	0.372070
0.417247	0.671768
0.376749	1.817813
0.450845	0.552285
0.268375	0.369016
0.163521	0.100565
0.309368	0.761044
0.206140	0.412280
0.104479	0.090897
0.239629	0.397784
0.251494	0.487899
0.299505	0.441770
0.163237	0.193435
0.163973	0.150035
0.306178	0.831275
0.311934	0.224592
0.329400	0.461160
0.189856	0.173718
0.301000	0.272405
0.327705	0.388330
0.317072	0.288535
0.258789	0.219971
0.210349	0.159865
0.245434	0.488414
0.204748	0.240579
0.206652	0.306878
0.160871	0.570287
0.114402	0.157302
0.120415	0.207716
0.079569	0.113386
0.142507	0.259363
0.073369	0.232581
0.047487	0.076692
0.079247	0.118475
0.249760	0.429588
0.229258	0.357643
0.115830	0.252509
0.125274	0.182900
0.129775	0.199205
0.085477	0.157705
0.070131	0.089066
0.095367	0.133990
0.162199	0.360893
0.123136	0.152073
0.108652	0.188511
0.078208	0.163064
0.129218	0.295262
0.077653	0.156470
0.143207	0.375919
0.099156	0.199304
0.046533	0.076780
0.110518	0.190643
0.095071	0.186339
0.139842	0.227243
0.129656	0.226898
0.078702	0.110182
0.160735	0.187256
0.076216	0.137569
0.096571	0.123611
0.101930	0.130470
0.091742	0.132567
0.177779	0.182224
0.131368	0.233178
0.138905	0.127792
0.161120	0.130507
0.163297	0.183710
0.214626	0.374522
0.198230	0.294371
0.264143	0.355272
0.121512	0.116652
0.140086	0.161098
0.178133	0.228010
0.217550	0.405731
0.188382	0.260909
0.163821	0.156449
0.122290	0.177320
0.066130	0.091259
0.189974	0.264064
0.190870	0.188961
0.294605	0.415393
0.277936	0.304339
0.150596	0.212340
0.221347	0.268936
0.162808	0.202696
0.177103	0.202783
0.223819	0.474497
0.163731	0.250508
0.176175	0.333852
0.184486	0.417860
0.111503	0.102582
0.169205	0.285110
0.193993	0.347247
0.248403	0.510469
0.168705	0.133277
0.281603	0.823688
0.160429	0.158023
0.184961	0.145194
0.357551	0.548841
0.191097	0.106059
0.212877	0.233101
0.204384	0.136937
0.247670	0.351691
0.238015	0.305849
0.133928	0.111160
0.125950	0.105168
0.177583	0.351615
0.195252	0.286044
0.221321	0.121727
0.157467	0.221242
0.128102	0.126821
0.171843	0.142630
0.134443	0.123687
0.098184	0.114875
0.118545	0.321257
0.107736	0.152985
0.122381	0.149917
0.232443	0.499753
0.210809	0.320430
0.133444	0.136113
0.132992	0.167570
0.135929	0.282053
0.243874	0.697480
0.163362	0.222172
0.165154	0.217177
0.153056	0.220400
0.211977	0.396396
0.180987	0.364689
0.151293	0.378232
0.190145	0.254795
0.179116	0.215835
0.159021	0.232965
0.196952	0.330880
0.282256	0.430440
0.129995	0.170943
0.149911	0.253350
0.215943	0.227819
0.099574	0.086132
0.112627	0.198786
0.090627	0.108299
0.090136	0.087432
0.206932	0.280393
0.196700	0.213420
0.261651	0.383318
0.170068	0.207483
0.144200	0.232883
0.180187	0.156763
0.178639	0.238483
0.163631	0.229902
0.123536	0.146390
0.115994	0.183271
0.101414	0.147557
0.245117	0.297817
0.210160	0.204906
0.155229	0.110988
0.160631	0.143765
0.241301	0.325756
0.162394	0.130728
0.157989	0.124021
0.234547	0.395212
0.214709	0.217930
0.125713	0.165312
0.230481	0.253529
0.267494	0.343730
0.212039	0.223701
0.278579	0.257686
0.336785	0.560747
0.386509	0.440621
0.439363	0.685407
0.327453	0.207933
0.403666	0.571187
0.648516	1.517527
0.408354	0.632948
0.527578	0.717507
0.494789	1.682282
0.426452	0.908342
0.290741	0.327083
0.180950	0.172808
0.275551	0.197019
0.360393	0.270295
0.320110	0.374529
0.251093	0.212174
0.346909	0.463124
0.342527	0.409320
0.179063	0.142355
0.345021	0.505456
0.251485	0.223822
0.246716	0.160365
0.435266	1.684478
0.393375	0.778883
0.136251	0.098101
0.200148	0.255189
0.180211	0.151377
0.318855	0.387409
0.199249	0.157407
0.385510	0.626454
0.420797	0.422901
0.151139	0.137537
0.222751	0.281780
0.165736	0.227886
0.166807	0.272729
0.120905	0.175917
0.150074	0.152326
0.418477	2.841460
0.100343	0.132954
0.076973	0.133163
0.120765	0.149749
0.143904	0.157574
0.134260	0.136945
0.294120	0.785300
0.095345	0.098206
0.090308	0.190097
0.077319	0.111726
0.096228	0.091898
0.136631	0.198115
0.061466	0.095272
0.063624	0.118023
0.080538	0.105102
0.102734	0.186976
0.124667	0.250580
0.107535	0.161302
0.087958	0.124021
0.077814	0.091431
0.086882	0.123806
0.092945	0.148711
0.106906	0.153945
0.144503	0.208085
0.102181	0.214068
0.110329	0.264238
0.105801	0.205254
0.114950	0.122422
0.110902	0.124765
0.169394	0.304062
0.113113	0.221702
0.128868	0.304773
0.093557	0.217988
0.115176	0.272968
0.126990	0.179055
0.076790	0.127087
0.170953	0.273524
0.152706	0.223714
0.074489	0.110988
0.185679	0.347219
0.157427	0.175531
0.188368	0.210031
0.156265	0.107041
0.189789	0.298918
0.157981	0.384684
0.111376	0.126969
0.082617	0.122274
0.052590	0.084145
0.072756	0.133871
0.064193	0.155989
0.052876	0.129018
0.046541	0.105647
0.051228	0.181348
0.080317	0.102805
0.076554	0.161145
0.039350	0.134773
0.072830	0.253086
0.047880	0.087621
0.133739	0.362433
0.109477	0.252891
0.146199	0.240497
0.176692	0.188177
0.329115	0.447596
0.171981	0.186599
0.314338	0.466793
0.191178	0.148163
0.139936	0.132939
0.180733	0.138261
0.157963	0.189555
0.121376	0.159610
0.081355	0.122846
0.158112	0.192107
0.240018	0.456034
0.111593	0.097644
0.110819	0.202245
0.087162	0.087162
0.150952	0.473990
0.111919	0.132624
0.111717	0.241309
0.228126	0.321658
0.220388	0.262261
0.136762	0.344640
0.111211	0.133453
0.236218	1.075975
0.119662	0.133423
0.147586	0.153489
0.135203	0.258913
0.114056	0.126032
0.194575	0.274351
0.146254	0.300552
0.109608	0.169345
0.129690	0.182215
0.178935	0.297032
0.152020	0.120856
0.224023	0.436844
0.218489	0.441347
0.145510	0.255370
0.180528	0.234686
0.198696	0.640796
0.217516	0.313223
0.180448	0.289619
0.202426	0.388657
0.177120	0.446341
0.172436	0.310384
0.118779	0.138971
0.223378	0.402080
0.106304	0.128097
0.152812	0.156632
0.194914	0.321608
0.216938	0.391573
0.240522	0.532757
0.132093	0.163135
0.172584	0.249384
0.196911	0.460771
0.138377	0.145296
0.199479	0.192497
0.126924	0.138348
0.132021	0.127400
0.232930	1.454647
0.152313	0.217807
0.142267	0.174988
0.201019	0.460333
0.095842	0.155743
0.089778	0.182249
0.131010	0.177518
0.099750	0.110723
0.232643	0.346638
0.120054	0.206492
0.179213	0.406813
0.102740	0.180822
0.057546	0.120846
0.114733	0.139974
0.116948	0.254946
0.111212	0.244666
0.121195	0.278143
0.126848	0.204860
0.179177	0.449734
0.137928	0.177927
0.109185	0.150130
0.243613	0.565183
0.190794	0.323396
0.143688	0.270133
0.135558	0.231803
0.131173	0.138388
0.200963	0.481307
0.113244	0.130231
0.084160	0.110250
0.096260	0.204552
0.051179	0.111058
0.106675	0.184014
0.108139	0.202761
0.098141	0.183523
0.130195	0.246069
0.263382	0.617631
0.141207	0.199808
0.215567	0.483949
0.185382	0.284561
0.131308	0.149691
0.209596	0.354218
0.243154	0.335553
0.206292	0.292935
0.129880	0.179235
0.133621	0.142306
0.108483	0.114992
0.140332	0.143139
0.088775	0.090994
0.067511	0.091815
0.094704	0.122642
0.135938	0.163805
0.102956	0.143109
0.062647	0.086767
0.083870	0.183675
0.093403	0.160186
0.082526	0.181144
0.193858	0.537957
0.157272	0.500125
0.122008	0.106147
0.208139	0.327819
0.101716	0.115448
0.179711	0.359422
0.193735	0.410719
0.198817	0.601423
0.140225	0.292370
0.155113	0.231119
0.165684	0.338823
0.089113	0.106489
0.130551	0.319851
0.150514	0.255875
0.100616	0.115709
0.126502	0.178367
0.084954	0.073060
0.233346	0.260181
0.163813	0.219509
0.202985	0.292299
0.090124	0.145550
0.205599	0.238495
0.245107	0.745126
0.226271	0.311122
0.113455	0.176989
0.124363	0.145505
0.143518	0.153564
0.257606	0.499755
0.219734	0.331799
0.173047	0.229287
0.173602	0.149298
0.195833	0.146875
0.103367	0.101300
0.173720	0.233654
0.178999	0.323987
0.087935	0.142016
0.219583	0.556642
0.154457	0.351389
0.175101	0.311680
0.107174	0.260432
0.056039	0.194456
0.107044	0.206060
0.058986	0.094377
0.144226	0.530029
0.048208	0.119073
0.099179	0.184968
0.090427	0.084549
0.093954	0.163949
0.147313	0.156152
0.194191	0.543735
0.129526	0.101678
0.130805	0.127535
0.145153	0.185070
0.115039	0.135171
0.266466	0.406360
0.201174	0.207209
0.234734	0.302807
0.110453	0.106035
0.247216	0.474655
0.206532	0.745582
0.221761	0.236176
0.123977	0.092982
0.109648	0.095393
0.191493	0.442350
0.187993	0.144754
0.238079	0.330929
0.205597	0.387551
0.110288	0.097053
0.122171	0.157600
0.178569	0.549099
0.073130	0.088853
0.057801	0.072829
0.076067	0.097746
0.135526	0.256822
0.131085	0.299528
0.069337	0.141447
0.087134	0.117195
0.182367	0.311848
0.231671	0.237463
0.248568	0.425051
0.200363	0.245444
0.171244	0.170388
0.166924	0.144390
0.141293	0.163900
0.136655	0.137339
0.217300	0.446551
0.086968	0.092186
0.165923	0.214041
0.163548	0.344269
0.104202	0.131295
0.102392	0.290794
0.067417	0.250116
0.065406	0.128850
0.066087	0.180749
0.195604	2.030369
0.071773	0.083615
0.114997	0.171921
0.143287	0.239289
0.185707	0.342629
0.117401	0.161427
0.206277	0.359954
0.076473	0.146063
0.052929	0.145027
0.112740	0.213079
0.070349	0.109393
0.077536	0.169028
0.085532	0.160799
0.072827	0.146746
0.129511	0.181963
0.102231	0.097631
0.131284	0.090586
0.150256	0.292999
0.119563	0.169779
0.071535	0.104442
0.084421	0.153647
0.109610	0.285535
0.053661	0.078613
0.134022	0.399385
0.118601	0.246097
0.072570	0.133166
0.111568	0.293982
0.072794	0.123385
0.081113	0.223465
0.121874	0.127967
0.092541	0.148065
0.108735	0.117977
0.076904	0.123047
0.043038	0.082632
0.098893	0.185920
0.105116	0.364752
0.058270	0.081287
0.059775	0.101020
0.073283	0.164519
0.058832	0.122077
0.076915	0.123448
0.338264	2.164889
0.073256	0.105489
0.138137	0.366754
0.164434	0.491658
0.081194	0.208670
0.174496	0.534832
0.183269	0.333549
0.192225	0.377722
0.126033	0.200392
0.111190	0.102295
0.213587	0.242421
0.161756	0.216753
0.149786	0.193972
0.175888	0.291974
0.158819	0.289845
0.174517	0.547985
0.160000	0.360800
0.144488	0.223956
0.151765	0.312636
0.123338	0.228175
0.160378	0.299907
0.153073	0.429369
0.062386	0.114790
0.051893	0.124023
0.064295	0.175527
0.086311	0.188158
0.168463	0.550030
0.123696	0.391499
0.179174	0.459582
0.174219	0.482586
0.101051	0.090441
0.136358	0.107723
0.219930	0.311201
0.102028	0.162735
0.130046	0.227581
0.152810	0.362159
0.162644	0.219569
0.188676	0.211317
0.150633	0.192810
0.181694	0.170793
0.218532	0.659966
0.128704	0.675698
0.208117	0.319459
0.108829	0.217658
0.078003	0.093993
0.133003	0.317212
0.092961	0.230544
0.098073	0.159369
0.202084	0.636563
0.184401	0.261849
0.158651	0.310163
0.200479	0.433034
0.175476	0.247421
0.165585	0.341934
0.167482	0.479837
0.129794	0.241417
0.088762	0.134475
0.076024	0.089328
0.081310	0.166278
0.067182	0.129325
0.141871	0.734891
0.073446	0.136609
0.096944	0.141538
0.163452	0.195325
0.322469	0.482092
0.103952	0.142933
0.120334	0.335130
0.116471	0.100748
0.080603	0.132593
0.104347	0.118433
0.066508	0.105747
0.092899	0.114731
0.082407	0.110014
0.107824	0.271178
0.146533	0.341422
0.111960	0.411455
0.095934	0.184674
0.143106	0.311970
0.072485	0.171790
0.138128	0.388140
0.060947	0.151148
0.064612	0.233572
0.064736	0.119114
0.083753	0.111391
0.090877	0.160398
0.116929	0.164285
0.103800	0.127155
0.257897	0.261765
0.313494	0.465538
0.227961	0.367016
0.191837	0.344347
0.237701	0.522942
0.248844	0.353359
0.161572	0.357883
0.234489	0.714020
0.125521	0.158785
0.165363	0.160403
0.155369	0.247037
0.093425	0.262992
0.129853	0.209712
0.218211	0.966676
0.140880	0.196528
0.172925	0.197999
0.135097	0.158064
0.154527	0.285102
0.116136	0.266532
0.124413	0.141831
0.100375	0.163109
0.194183	0.314576
0.106948	0.155610
0.134049	0.352549
0.045365	0.078934
0.064438	0.159484
0.066389	0.121492
0.100123	0.112639
0.085868	0.267907
0.123095	0.200029
0.100890	0.129139
0.128627	0.180721
0.200545	0.316860
0.105129	0.213411
0.135827	0.145334
0.105263	0.126316
0.141538	0.345354
0.102834	0.213380
0.128892	0.271962
0.116030	0.219876
0.151145	0.331008
0.078783	0.103994
0.075994	0.126530
0.068527	0.123006
0.096379	0.115655
0.190027	0.437062
0.099606	0.145425
0.150084	0.341441
0.120913	0.164441
0.149128	0.357162
0.138489	0.339991
0.114000	0.164160
0.069171	0.097531
0.087888	0.109421
0.139941	0.333060
0.126752	0.252236
0.122929	0.325147
0.076506	0.201975
0.089277	0.132577
0.114741	0.347092
0.107865	0.211955
0.078895	0.224851
0.111591	0.171291
0.114444	0.246055
0.172647	0.276236
0.161390	0.497889
0.063422	0.259396
0.100767	0.144096
0.199785	0.386583
0.156581	0.346044
0.091918	0.138796
0.123348	0.211542
0.092643	0.124142
0.108892	0.153537
0.191816	0.474746
0.078790	0.120154
0.039278	0.084447
0.107842	0.251272
0.190830	0.216592
0.115389	0.184622
0.155214	0.199450
0.068225	0.113937
0.080130	0.122199
0.101311	0.417401
0.153777	0.273723
0.173780	0.360594
0.072197	0.150530
0.079222	0.131904
0.076252	0.124291
0.116841	0.192787
0.081713	0.118484
0.092196	0.130457
0.107509	0.120411
0.089235	0.109759
0.096371	0.099262
0.070982	0.078080
0.083422	0.142234
0.120463	0.305976
0.086563	0.197364
0.117683	0.268907
0.161831	0.425617
0.219926	0.434354
0.082291	0.173223
0.073042	0.190275
0.073431	0.167054
0.201459	0.332407
0.169236	0.229314
0.145847	0.115219
0.138030	0.182200
0.113112	0.174192
0.113062	0.122672
0.188884	0.318269
0.175715	0.256544
0.182201	0.174913
0.245284	0.578869
0.212371	0.277144
0.109207	0.133778
0.139428	0.143611
0.127208	0.166643
0.158401	0.134641
0.146897	0.134411
0.103049	0.130357
0.110516	0.088413
0.122459	0.278594
0.126198	0.098434
0.085795	0.123974
0.062881	0.105954
0.076679	0.126904
0.107254	0.361446
0.096892	0.154543
0.060320	0.104957
0.101528	0.182750
0.127373	0.219082
0.152512	0.205891
0.192110	0.267994
0.230855	0.393608
0.150523	0.142244
0.222779	0.486772
0.128830	0.180362
0.180732	0.165370
0.192717	0.192717
0.126291	0.174913
0.272394	0.247879
0.201646	0.216770
0.234622	0.375395
0.226826	0.384470
0.211440	0.237870
0.132991	0.148950
0.211621	0.201040
0.290054	0.539500
0.101659	0.166721
0.176086	0.431410
0.241268	0.250919
0.171150	0.100122
0.333325	0.378324
0.302680	0.473694
0.190264	0.465195
0.138355	0.193697
0.230660	0.326384
0.091123	0.101146
0.144201	0.145643
0.164936	0.405741
0.179032	0.294507
0.085660	0.137913
0.070706	0.109594
0.121969	0.170146
0.161681	0.390461
0.121265	0.232222
0.183924	0.465328
0.238735	0.707849
0.112629	0.088414
0.130844	0.155704
0.147737	0.212741
0.172724	0.238360
0.144639	0.174290
0.112589	0.135106
0.206698	0.263540
0.163864	0.151574
0.200675	0.270911
0.165783	0.116877
0.177264	0.144470
0.190863	0.167960
0.352684	0.647175
0.277037	0.559616
0.173957	0.317472
0.155073	0.219428
0.195629	0.434296
0.129305	0.157105
0.204833	0.622692
0.240806	0.417798
0.101973	0.134604
0.243821	0.266984
0.090102	0.100014
0.337023	0.822337
0.136519	0.123549
0.264183	0.744995
0.285901	0.663289
0.223809	0.171214
0.127229	0.173031
0.149807	0.238942
0.140559	0.120881
0.316303	0.703774
0.273857	1.072152
0.189704	0.156506
0.286872	0.652634
0.217616	0.433055
0.226033	0.449805
0.254804	0.909650
0.164166	0.206029
0.174500	0.262623
0.195701	0.291595
0.165163	0.197370
0.276995	0.498591
0.312919	0.880867
0.184784	0.134892
0.125983	0.149920
0.179603	0.208339
0.235449	0.308439
0.305686	0.727532
0.176453	0.149985
0.246779	0.234440
0.135524	0.090801
0.252088	0.317630
0.275060	0.379583
0.141615	0.116832
0.222209	0.218876
0.280380	0.354681
0.195746	0.174214
0.218109	0.128684
0.168704	0.124841
0.217871	1.063211
0.137788	0.268686
0.096974	0.170189
0.151735	0.266295
0.096688	0.431712
0.083063	0.100922
0.090049	0.128320
0.100231	0.292675
0.112806	0.214895
0.121574	0.154399
0.117438	0.445090
0.083574	0.206429
0.130699	0.437188
0.040472	0.123441
0.108251	0.231657
0.064958	0.159471
0.081661	0.153932
0.050131	0.125828
0.041073	0.119933
0.057689	0.110475
0.056074	0.167942
0.046777	0.134250
0.066215	0.123491
0.093386	0.120935
0.084664	0.126572
0.070842	0.076509
0.100924	0.141798
0.101970	0.114206
0.125677	0.205482
0.088687	0.191563
0.068525	0.117521
0.076210	0.111267
0.067237	0.193306
0.056456	0.097104
0.190648	0.399408
0.113554	0.157272
0.157602	0.330177
0.077748	0.147332
0.104871	0.275811
0.110661	0.130580
0.119512	0.153573
0.134697	0.140085
0.119951	0.107356
0.123150	0.095441
0.075091	0.145677
0.193057	0.308891
0.194507	0.359838
0.163162	0.410352
0.136270	0.155348
0.133316	0.211307
0.154546	0.200137
0.228722	0.433429
0.205319	0.297712
0.173413	0.308674
0.090026	0.134139
0.106782	0.118528
0.171614	0.368970
0.160269	0.483210
0.091964	0.109896
0.078309	0.102193
0.127639	0.202947
0.120221	0.129238
0.117716	0.121836
0.101276	0.238504
0.076502	0.127375
0.117554	0.362067
0.072843	0.164262
0.073846	0.110769
0.059974	0.113950
0.101759	0.316471
0.132259	0.234099
0.132343	0.308359
0.096198	0.207787
0.081295	0.134137
0.074929	0.117639
0.080851	0.137446
0.122157	0.152697
0.149170	0.206601
0.069587	0.142652
0.076917	0.237290
0.108894	0.134484
0.067571	0.081085
0.058404	0.091694
0.085617	0.099744
0.140507	0.229027
0.115667	0.214562
0.149058	0.233276
0.061445	0.101077
0.133387	0.265440
0.109362	0.159668
0.141023	0.260188
0.138247	0.271655
0.087606	0.116078
0.111633	0.154612
0.126262	0.392675
0.142225	0.299383
0.106328	0.154176
0.307657	1.376764
0.083698	0.180787
0.258809	0.732430
0.160030	0.232843
0.183706	0.693489
0.121974	0.109167
0.160176	0.192211
0.138827	0.142298
0.120774	0.143721
0.105793	0.113728
0.119732	0.214320
0.170838	0.289571
0.133917	0.124543
0.147090	0.187539
0.195431	0.346890
0.069282	0.142029
0.077347	0.124142
0.092008	0.169295
0.100763	0.132503
0.102523	0.282964
0.160657	0.158247
0.150144	0.206448
0.156840	0.579526
0.083455	0.102650
0.128981	0.232811
0.125776	0.172313
0.188128	0.289718
0.238376	0.968998
0.183499	0.290846
0.118551	0.218726
0.151608	0.289572
0.095077	0.081766
0.215928	0.462087
0.219159	0.360517
0.124038	0.138922
0.129200	0.224807
0.096513	0.159729
0.163843	0.585739
0.074301	0.117024
0.116195	0.142919
0.164873	0.488025
0.110326	0.123565
0.115466	0.182436
0.218889	0.345844
0.202267	0.336774
0.167886	0.247632
0.082996	0.106234
0.131153	0.299028
0.262339	0.776524
0.118665	0.144771
0.147691	0.171321
0.248991	0.359792
0.265280	0.258648
0.251587	0.227686
0.212273	0.198476
0.280828	0.925329
0.276092	0.427942
0.206397	0.154797
0.234440	0.338766
0.168936	0.331115
0.130929	0.151223
0.129180	0.192479
0.168395	0.336791
0.122773	0.157149
0.165100	0.158496
0.263306	0.846530
0.117292	0.287365
0.115355	0.292425
0.127554	0.348222
0.165962	0.317817
0.080268	0.105954
0.112943	0.141743
0.100361	0.103372
0.089338	0.142941
0.133473	0.225569
0.092645	0.101910
0.123102	0.210505
0.087045	0.167127
0.105920	0.293399
0.081554	0.100719
0.077380	0.148957
0.120143	0.198235
0.042864	0.083157
0.051397	0.088403
0.102311	0.209226
0.083998	0.187735
0.128195	0.316642
0.087288	0.212109
0.091139	0.281165
0.098115	0.156493
0.095912	0.177917
0.132495	0.158994
0.086532	0.120279
0.080943	0.130318
0.107178	0.193457
0.069021	0.095249
0.173132	0.256235
0.241325	0.458517
0.108909	0.129602
0.187088	0.310566
0.110421	0.162319
0.136229	0.151896
0.140968	0.124757
0.115339	0.144173
0.137022	0.254176
0.132546	0.180263
0.159201	0.339097
0.157312	0.202932
0.181660	0.411460
0.131167	0.211834
0.100640	0.196751
0.229138	0.591176
0.117140	0.158724
0.124537	0.166880
0.167605	0.335209
0.116875	0.193429
0.076024	0.131902
0.121757	0.238643
0.095190	0.171818
0.177691	0.599706
0.186336	0.397828
0.123282	0.126981
0.124323	0.138621
0.163672	0.466465
0.201776	0.256255
0.126084	0.127344
0.261457	0.598736
0.140497	0.236035
0.105432	0.174489
0.075353	0.105117
0.162992	0.353693
0.194438	0.342212
0.138797	0.143655
0.146497	0.287867
0.105489	0.300644
0.080291	0.110801
0.200404	0.479968
0.153638	0.350295
0.113615	0.305623
0.111513	0.205183
0.062678	0.104360
0.057194	0.091796
0.097006	0.146479
0.070030	0.091039
0.072237	0.101855
0.233845	0.750643
0.123541	0.183458
0.123667	0.237441
0.131525	0.169668
0.137717	0.278878
0.132437	0.206602
0.163287	0.338821
0.062285	0.128618
0.097502	0.123340
0.124807	0.197819
0.089771	0.149019
0.147036	0.171297
0.090653	0.121928
0.112565	0.168847
0.096282	0.094838
0.065598	0.121029
0.195953	0.404642
0.095682	0.091855
0.099828	0.161722
0.115059	0.283620
0.056323	0.070122
0.100819	0.172905
0.054731	0.097694
0.155050	0.308550
0.125928	0.255634
0.077595	0.099710
0.091954	0.234484
0.117599	0.209915
0.150130	0.300259
0.092804	0.205098
0.106060	0.123560
0.165604	0.884327
0.097825	0.160433
0.122989	0.124219
0.106032	0.189268
0.117349	0.157248
0.154018	0.435100
0.093691	0.089944
0.105937	0.100111
0.081302	0.108944
0.075253	0.116642
0.150455	0.435567
0.068863	0.084357
0.231050	0.532571
0.130437	0.270658
0.130083	0.305044
0.098225	0.174841
0.110206	0.152085
0.094540	0.177734
0.130909	0.313528
0.129527	0.231206
0.127971	0.541318
0.086071	0.090805
0.078811	0.095755
0.108564	0.163389
0.175378	0.263943
0.223878	0.315668
0.203051	0.551284
0.122411	0.232580
0.273638	0.448767
0.265739	0.245809
0.268448	0.519447
0.232511	0.253437
0.119703	0.087982
0.190187	0.180678
0.215197	0.223805
0.323410	0.417199
0.176075	0.151425
0.144758	0.115806
0.210591	0.267451
0.211897	0.154685
0.196964	0.777023
0.153493	0.082886
0.429669	1.379239
0.309856	0.613514
0.377679	0.445661
0.223679	0.210258
0.242442	0.263050
0.248485	0.154061
0.175457	0.097379
0.364118	0.844754
0.328351	0.758492
0.300522	0.383166
0.259723	0.533730
0.140456	0.202257
0.139162	0.130117
0.191807	0.228250
0.408244	0.753211
0.260473	0.222704
0.238953	0.323781
0.307831	0.717247
0.228059	0.246304
0.257777	0.220400
0.241406	0.300551
0.177300	0.313820
0.255978	0.377567
0.197711	0.231322
0.238245	0.468152
0.251005	0.410393
0.194107	0.340657
0.101503	0.085263
0.150767	0.233689
0.098998	0.124738
0.145036	0.110228
0.106293	0.210460
0.110648	0.152695
0.127239	0.231575
0.200266	0.427568
0.126651	0.246336
0.181082	0.256231
0.140158	0.252285
0.083466	0.142727
0.101011	0.154042
0.086618	0.150282
0.100664	0.128347
0.119138	0.153688
0.132342	0.395703
0.099692	0.193901
0.084506	0.149999
0.126420	0.130845
0.080510	0.131634
0.115199	0.197567
0.097057	0.133938
0.105263	0.257367
0.134185	0.254952
0.066270	0.105701
0.088814	0.197610
0.146513	0.416096
0.074869	0.088720
0.078255	0.084125
0.142344	0.338780
0.094410	0.185988
0.120900	0.276861
0.083445	0.131426
0.109544	0.287552
0.079744	0.144735
0.180024	0.441958
0.181590	0.542956
0.158657	0.148345
0.317396	0.495137
0.281962	0.250946
0.217984	0.117711
0.192862	0.289294
0.187806	0.298611
0.236592	0.461353
0.211557	0.228482
0.094549	0.104476
0.232118	0.575654
0.104059	0.103539
0.255234	0.338185
0.124194	0.206163
0.154162	0.783143
0.078520	0.252835
0.102707	0.115031
0.186075	0.336796
0.174883	0.329655
0.242967	0.391177
0.253475	0.339656
0.159675	0.243505
0.181875	0.162778
0.258152	0.185869
0.243690	0.233942
0.178981	0.158398
0.307295	0.281175
0.345911	0.508490
0.201897	0.127195
0.243348	0.243348
0.292149	0.284846
0.432615	0.469387
0.307751	0.300057
0.158962	0.211419
0.377081	0.527913
0.355484	1.180207
0.174528	0.189363
0.223742	0.202486
0.182798	0.258659
0.200749	0.243910
0.212262	0.460608
0.180750	0.089471
0.235162	0.926540
0.205288	0.161151
0.153893	0.254693
0.091796	0.094091
0.236834	0.352883
0.093036	0.092571
0.073789	0.155325
0.176934	0.184012
0.187145	0.835603
0.131757	0.146909
0.332025	0.735436
0.111397	0.103042
0.265232	0.669712
0.228050	0.351197
0.234415	0.302395
0.214827	0.208382
0.145755	0.174177
0.288854	0.394285
0.147516	0.103999
0.194680	0.143090
0.126173	0.094630
0.315177	0.223776
0.294831	0.163631
0.226194	0.093870
0.207419	0.138971
0.215351	0.204584
0.121903	0.224911
0.182600	0.168905
0.228340	0.393886
0.220547	0.261348
0.108669	0.157027
0.151972	0.338137
0.111695	0.210546
0.099769	0.138180
0.078857	0.216068
0.094610	0.166513
0.094216	0.194557
0.058043	0.113764
0.122035	0.156814
0.130866	0.193682
0.171320	0.360629
0.201730	0.194670
0.201031	0.342758
0.221165	0.548489
0.148460	0.218979
0.128740	0.193754
0.143687	0.285937
0.092915	0.146806
0.084280	0.100714
0.121032	0.137371
0.162484	0.272974
0.184367	0.258114
0.143234	0.125330
0.217814	0.798288
0.170167	0.273968
0.113105	0.214334
0.194411	0.260510
0.121387	0.230636
0.127770	0.151408
0.107945	0.143566
0.077067	0.107894
0.113643	0.126712
0.058393	0.098101
0.108926	0.157398
0.105507	0.252162
0.039527	0.096643
0.134636	0.475264
0.075829	0.160379
0.137012	0.117145
0.140048	0.314409
0.104369	0.089235
0.097566	0.089761
0.149827	0.211256
0.118424	0.144477
0.164937	0.310906
0.114111	0.112970
0.120444	0.204153
0.091927	0.147543
0.151582	0.340303
0.093328	0.155858
0.057891	0.115782
0.090323	0.331485
0.134715	0.227669
0.067024	0.083779
0.110322	0.113631
0.093413	0.126574
0.058714	0.079851
0.066238	0.131151
0.104168	0.169272
0.166663	0.433324
0.107711	0.142717
0.147365	0.176101
0.084267	0.128928
0.115359	0.152274
0.086929	0.295122
0.074426	0.089311
0.160807	0.561218
0.084475	0.146564
0.106130	0.150174
0.069801	0.095278
0.170321	0.316798
0.100076	0.125095
0.156753	0.455366
0.157963	0.232995
0.233992	0.223462
0.229131	0.207364
0.215880	0.181339
0.206799	0.210935
0.340259	0.256896
0.210877	0.172919
0.197393	0.443147
0.319244	0.416613
0.119544	0.177523
0.144096	0.141214
0.114671	0.127858
0.142873	0.165733
0.175512	0.272921
0.125345	0.111557
0.193537	0.199343
0.275478	0.991720
0.142030	0.098001
0.191835	0.344345
0.071067	0.103402
0.053722	0.207634
0.080892	0.147223
0.061785	0.098238
0.108116	0.120549
0.065225	0.072726
0.115249	0.146942
0.162120	0.165362
0.146639	0.244153
0.109853	0.158189
0.245482	0.527785
0.125316	0.241860
0.067628	0.103133
0.111683	0.138487
0.101617	0.116351
0.150842	0.142546
0.260530	0.653931
0.181268	0.350754
0.146479	0.197014
0.222914	0.227372
0.122784	0.095158
0.149349	0.157563
0.114447	0.157937
0.124066	0.162527
0.100821	0.079649
0.090345	0.099831
0.276254	0.426813
0.168114	0.200896
0.098920	0.104361
0.147812	0.121206
0.246368	0.353538
0.131527	0.171642
0.099104	0.131809
0.182144	0.475395
0.087260	0.095113
0.178679	0.193866
0.110092	0.187157
0.195275	0.271432
0.151370	0.146829
0.266847	0.297535
0.194595	0.358055
0.132741	0.093582
0.129272	0.100832
0.233298	0.247296
0.139789	0.162155
0.193015	0.397611
0.212448	0.347353
0.399326	0.954389
0.372877	0.643213
0.295296	0.377979
0.270035	0.456360
0.150799	0.162109
0.194079	0.146530
0.214682	0.153497
0.279401	0.272416
0.165297	0.385143
0.308745	0.632927
0.122447	0.121222
0.115108	0.098993
0.083062	0.104658
0.097838	0.100773
0.082495	0.100231
0.132387	0.444820
0.174807	0.422158
0.288535	1.126729
0.230102	0.730573
0.162961	0.312886
0.218384	0.520845
0.139640	0.155699
0.190047	0.317379
0.103273	0.139934
0.088479	0.082728
0.113942	0.135591
0.141953	0.161117
0.090669	0.104722
0.161472	0.542547
0.125269	0.216715
0.125529	0.129922
0.138493	0.165500
0.094798	0.156891
0.141057	0.190426
0.108718	0.185364
0.198243	0.476775
0.183446	0.229307
0.155498	0.237135
0.141099	0.254683
0.107224	0.223563
0.140333	0.152963
0.194178	0.545640
0.145719	0.171220
0.224211	0.619943
0.166933	0.311330
0.107169	0.123244
0.140661	0.151913
0.138168	0.154749
0.149761	0.229135
0.272058	0.387682
0.316112	0.194409
0.194907	0.153977
0.293133	0.262354
0.228037	0.164186
0.327713	0.344099
0.297084	0.307482
0.240719	0.199797
0.281168	0.335996
0.268746	0.534805
0.329261	0.418162
0.092435	0.100754
0.198421	0.214295
0.184121	0.207136
0.160180	0.135352
0.135838	0.112745
0.127342	0.119064
0.132604	0.118681
0.083223	0.103197
0.078987	0.146915
0.121625	0.263925
0.096524	0.141408
0.148874	0.506914
0.140945	0.445387
0.133137	0.137132
0.117590	0.203431
0.124445	0.116979
0.083692	0.157340
0.070565	0.151361
0.115930	0.228383
0.049824	0.092673
0.065131	0.210049
0.048522	0.168614
0.054141	0.091769
0.149979	0.925372
0.120959	0.149990
0.127147	0.138590
0.141281	0.305166
0.129945	0.169578
0.092606	0.118073
0.056588	0.168915
0.153242	0.447465
0.094629	0.149514
0.065222	0.135335
0.052442	0.180663
0.130457	0.187205
0.149703	0.304647
0.084989	0.098162
0.154204	0.271399
0.133034	0.170283
0.087286	0.151005
0.169567	0.451896
0.104265	0.208530
0.074285	0.137055
0.119473	0.247907
0.155104	1.035320
0.127394	0.195550
0.051526	0.118253
0.086995	0.240542
0.095690	0.329651
0.131289	0.348571
0.140696	0.129440
0.146041	0.377517
0.091434	0.217156
0.089123	0.168443
0.171439	0.225442
0.148631	0.233351
0.173017	0.252605
0.142559	0.320044
0.168961	0.370869
0.120055	0.147668
0.142929	0.383051
0.157728	0.167980
0.110458	0.098308
0.128651	0.115143
0.196907	0.310129
0.098031	0.124499
0.101061	0.128348
0.058476	0.083621
0.128887	0.197198
0.117277	0.164187
0.155889	0.365559
0.132370	0.143622
0.222597	1.237642
0.168731	0.264908
0.250171	0.521606
0.087360	0.128855
0.084420	0.138871
0.095604	0.178301
0.112295	0.224591
0.088417	0.102563
0.135726	0.220554
0.144306	0.178217
0.157250	0.476467
0.135331	0.220589
0.146008	0.407363
0.177216	0.350887
0.153293	0.271329
0.083189	0.129775
0.178735	0.291338
0.128370	0.165597
0.177095	0.319657
0.157223	0.231904
0.195020	0.364688
0.055338	0.096565
0.065122	0.127964
0.110007	0.252466
0.088512	0.193842
0.113995	0.210320
0.090968	0.197400
0.090093	0.085138
0.160246	0.275624
0.158849	0.227948
0.102518	0.148138
0.080557	0.104724
0.146850	0.130697
0.186969	0.167337
0.204537	0.355894
0.140575	0.126518
0.142969	0.340266
0.128993	0.214128
0.178094	0.451469
0.063023	0.107769
0.076805	0.163979
0.081634	0.113471
0.134200	0.289873
0.051928	0.124888
0.142410	0.212191
0.090242	0.100620
0.124244	0.136047
0.191489	0.382977
0.158269	0.287258
0.145670	0.193013
0.140881	0.198642
0.279548	0.873588
0.138177	0.137486
0.130536	0.302843
0.140052	0.177166
0.091578	0.200556
0.068753	0.226886
0.112159	0.247311
0.121552	0.131884
0.223975	0.377398
0.098127	0.182025
0.103063	0.214885
0.073903	0.127112
0.094985	0.262160
0.142071	0.325342
0.089508	0.127549
0.236285	0.374511
0.172342	1.443365
0.103495	0.106083
0.088576	0.132421
0.163302	0.636062
0.178719	0.230547
0.201254	0.387415
0.083257	0.104488
0.093316	0.253820
0.081353	0.192400
0.088093	0.148437
0.087369	0.106153
0.144133	0.171519
0.094317	0.163169
0.133694	0.280090
0.086522	0.116804
0.132741	0.301985
0.213561	0.405766
0.167388	0.186638
0.149873	0.390418
0.111499	0.157772
0.112381	0.207343
0.080797	0.136950
0.111162	0.219544
0.156377	0.315882
0.108665	0.156477
0.131101	0.138311
0.253825	0.560953
0.101963	0.145807
0.119046	0.170235
0.153920	0.234727
0.177521	0.277820
0.142239	0.187755
0.203199	0.548636
0.143453	0.248890
0.200517	0.357923
0.124974	0.156843
0.196595	0.252625
0.147695	0.156556
0.178822	0.271809
0.138817	0.131877
0.150625	0.143094
0.159180	0.194200
0.105406	0.198690
0.124000	0.207080
0.129737	0.142061
0.119705	0.173573
0.225072	0.599818
0.271044	0.351002
0.153548	0.133587
0.107248	0.163017
0.104350	0.141916
0.136599	0.110645
0.190630	0.427963
0.126158	0.162113
0.095341	0.097725
0.164724	0.265205
0.170816	0.482554
0.126950	0.134567
0.168823	0.323296
0.139249	0.220013
0.110237	0.211656
0.075148	0.085668
0.085082	0.136982
0.182680	0.471315
0.132931	0.249245
0.093395	0.176050
0.109785	0.101551
0.142983	0.170865
0.199548	0.484901
0.194927	0.309934
0.123657	0.152717
0.153205	0.256619
0.196397	0.288704
0.216804	0.299190
0.199947	0.207944
0.186735	0.405216
0.144344	0.194865
0.153781	0.298335
0.149620	0.239391
0.157076	0.223048
0.203311	0.199245
0.149538	0.356647
0.123138	0.112055
0.209173	0.317943
0.118702	0.140661
0.230444	0.322622
0.165459	0.241570
0.128893	0.168850
0.262890	1.044986
0.047399	0.103566
0.214777	0.262028
0.122407	0.232573
0.164595	0.349764
0.107885	0.128922
0.154469	0.399302
0.087755	0.126368
0.091575	0.180860
0.079737	0.136749
0.111505	0.200708
0.121436	0.161510
0.158480	0.327261
0.200230	0.468537
0.173229	0.213937
0.126651	0.130450
0.160151	0.275460
0.134189	0.277099
0.134526	0.169502
0.110959	0.205828
0.109224	0.190050
0.118084	0.149967
0.164455	0.503232
0.196875	0.607361
0.152785	0.343003
0.142181	0.244552
0.136165	0.150462
0.181583	0.436708
0.142925	0.325154
0.147565	0.161584
0.169241	0.205627
0.134452	0.166048
0.154443	0.292670
0.184600	0.402428
0.135537	0.233801
0.134607	0.360748
0.110137	0.140425
0.091915	0.098809
0.134564	0.246252
0.143166	0.325702
0.176222	0.327773
0.170687	0.366124
0.089463	0.358298
0.075972	0.149284
0.107754	0.135770
0.087158	0.156012
0.110693	0.249614
0.088860	0.122627
0.111425	0.232322
0.152106	0.208386
0.159169	0.236366
0.136507	0.263458
0.107936	0.148412
0.110714	0.189874
0.144606	0.403451
0.111254	0.134061
0.103502	0.137140
0.114456	0.195147
0.135259	0.353702
0.073716	0.114997
0.072558	0.134958
0.086465	0.226539
0.089527	0.204568
0.069889	0.125801
0.067242	0.098173
0.072239	0.090659
0.100808	0.150204
0.088441	0.336959
0.131342	0.416354
0.297923	2.304436
0.155173	0.197845
0.154481	0.253349
0.110960	0.154789
0.197841	0.228506
0.183726	0.324276
0.089667	0.133155
0.093025	0.183724
0.108824	0.152354
0.059263	0.122081
0.161221	0.223291
0.060348	0.078151
0.057784	0.085810
0.085266	0.144100
0.104687	0.205709
0.084876	0.152352
0.114082	0.154011
0.123580	0.199581
0.114139	0.147239
0.170344	0.262330
0.117672	0.160622
0.173414	0.302607
0.107156	0.091619
0.195989	0.391978
0.163905	0.250775
0.135593	0.295593
0.103889	0.156872
0.119548	0.326963
0.182677	0.464000
0.131657	0.308078
0.098090	0.169206
0.125898	0.244242
0.109319	0.252528
0.109372	0.153667
0.118314	0.199358
0.164462	0.313300
0.206777	0.385640
0.181657	0.230705
0.182519	0.320321
0.177752	0.255963
0.194781	0.582396
0.149147	0.169282
0.123111	0.224677
0.090819	0.100809
0.231831	0.380202
0.217795	0.294024
0.138205	0.134059
0.110423	0.291517
0.081583	0.130941
0.141533	0.162056
0.182769	0.203788
0.126983	0.196189
0.108006	0.146348
0.149246	0.236555
0.092860	0.084038
0.120869	0.124495
0.177965	0.186863
0.192394	0.289553
0.085260	0.096770
0.125658	0.192885
0.061540	0.104618
0.109521	0.155519
0.129572	0.120502
0.150709	0.138652
0.239366	0.415300
0.113354	0.104285
0.280367	0.557930
0.199742	0.342557
0.112871	0.125851
0.161005	0.301884
0.106569	0.144401
0.095059	0.168254
0.116692	0.247387
0.072332	0.091861
0.076744	0.122791
0.097985	0.104354
0.076994	0.116646
0.137113	0.230349
0.076851	0.116429
0.142089	0.313306
0.126237	0.214602
0.194163	0.521329
0.128023	0.125462
0.076768	0.099031
0.190763	0.305220
0.132317	0.230232
0.079728	0.087701
0.114249	0.240494
0.121711	0.170395
0.231239	0.290205
0.146785	0.260544
0.170544	0.174808
0.236167	0.510121
0.140224	0.161257
0.238920	0.560268
0.183544	0.358829
0.149164	0.228222
0.160109	0.327424
0.112844	0.194091
0.132222	0.319317
0.180053	0.281783
0.125154	0.239045
0.083193	0.110647
0.097712	0.157805
0.092191	0.119849
0.072522	0.139243
0.090598	0.177120
0.104611	0.123963
0.051781	0.090617
0.086399	0.134351
0.101480	0.229852
0.117581	0.282782
0.113581	0.209556
0.108145	0.230350
0.121881	0.224262
0.122922	0.138287
0.200583	0.328956
0.092892	0.078029
0.209250	0.319107
0.117073	0.211902
0.106867	0.170987
0.077966	0.132931
0.116139	0.277572
0.202244	0.484374
0.043093	0.135097
0.081560	0.128050
0.066460	0.162828
0.110167	0.289738
0.147941	0.246322
0.180085	0.336759
0.117213	0.270762
0.068490	0.075682
0.083164	0.106034
0.097750	0.193057
0.180400	0.538494
0.109001	0.108456
0.149513	0.319959
0.096077	0.126342
0.108914	0.290255
0.143116	0.188913
0.130060	0.306942
0.081525	0.160604
0.083002	0.118693
0.097704	0.157303
0.110451	0.182244
0.099848	0.136293
0.135598	0.233907
0.182416	0.203394
0.151504	0.247709
0.139600	0.334342
0.175546	0.524005
0.105613	0.154195
0.138964	0.243881
0.075217	0.143664
0.095796	0.157105
0.095686	0.252612
0.106078	0.134719
0.059599	0.089101
0.066793	0.148949
0.089421	0.147992
0.080787	0.090482
0.223227	0.588204
0.086740	0.104088
0.131766	0.166684
0.129913	0.177331
0.078439	0.152957
0.109333	0.139947
0.115271	0.217287
0.091419	0.153584
0.238167	0.298899
0.087143	0.333321
0.087636	0.097714
0.081955	0.126621
0.100330	0.166045
0.228511	0.332483
0.193743	0.205368
0.156287	0.231305
0.137077	0.180942
0.191414	0.445996
0.134772	0.232482
0.121562	0.105151
0.112964	0.195428
0.156839	0.604616
0.112275	0.164482
0.134684	0.179130
0.105677	0.159573
0.090756	0.191496
0.140741	0.287111
0.070760	0.099771
0.074998	0.196120
0.071208	0.210777
0.101716	0.404830
0.076258	0.189883
0.084445	0.210268
0.086814	0.175364
0.090283	0.163412
0.155472	0.359140
0.107199	0.201534
0.107217	0.115795
0.103502	0.109712
0.119916	0.235035
0.106823	0.123381
0.113770	0.272478
0.113399	0.208088
0.061528	0.083985
0.126715	0.156493
0.092551	0.196208
0.116907	0.361826
0.090075	0.110793
0.075898	0.141930
0.062964	0.099484
0.073307	0.094200
0.118151	0.154187
0.138944	0.347359
0.085452	0.102542
0.100414	0.107945
0.093859	0.149237
0.050552	0.106159
0.094918	0.187463
0.124976	0.176217
0.112411	0.165244
0.104204	0.204761
0.112727	0.147672
0.159026	0.511269
0.078564	0.207803
0.137923	0.193782
0.103121	0.125292
0.124667	0.139004
0.124735	0.455905
0.103212	0.341114
0.132708	0.203707
0.093068	0.187997
0.169365	0.541122
0.093218	0.177580
0.204028	0.261156
0.079042	0.136347
0.046561	0.115238
0.102429	0.143400
0.074117	0.094129
0.077413	0.160632
0.089350	0.133578
0.067110	0.102343
0.115370	0.229586
0.083837	0.119888
0.124252	0.141026
0.148780	0.254414
0.162996	0.358591
0.210685	0.463507
0.234045	0.520750
0.150466	0.167769
0.128659	0.181409
0.148021	0.190206
0.166125	0.301517
0.211228	0.521733
0.159136	0.272123
0.161330	0.191176
0.129847	0.142182
0.200734	0.577109
0.160493	0.239134
0.113701	0.131893
0.162651	0.320422
0.141373	0.348484
0.081560	0.106436
0.144578	0.166988
0.119007	0.131502
0.126466	0.232066
0.151420	0.261200
0.146654	0.184785
0.121814	0.210129
0.192715	0.443245
0.113666	0.100026
0.185071	0.372919
0.086746	0.109733
0.092759	0.102035
0.103124	0.184593
0.136975	0.141769
0.161886	0.263064
0.065068	0.080034
0.164098	0.289633
0.076616	0.172003
0.147417	0.412767
0.077443	0.092544
0.104836	0.161972
0.132325	0.230245
0.126828	0.156632
0.118774	0.164502
0.209056	0.654346
0.154249	0.221348
0.192522	0.267605
0.083867	0.102737
0.137140	0.100798
0.058997	0.081711
0.051935	0.109064
0.126804	0.263118
0.121927	0.571837
0.128032	0.517251
0.026530	0.116996
0.144986	0.247925
0.100236	0.148350
0.104922	0.217713
0.105595	0.153640
0.115534	0.172723
0.099561	0.276281
0.102527	0.150715
0.090419	0.222882
0.167211	0.271718
0.114798	0.196305
0.129127	0.286662
0.115213	0.228122
0.062839	0.157097
0.076010	0.176344
0.105770	0.154424
0.089855	0.100637
0.178856	0.552666
0.137095	0.161086
0.077916	0.097395
0.157017	0.321884
0.116371	0.190266
0.096486	0.090214
0.208462	0.530537
0.183295	0.320766
0.146342	0.205610
0.106958	0.325153
0.100232	0.196957
0.125762	0.237062
0.121294	0.267453
0.103752	0.222547
0.134156	0.264287
0.130650	0.347528
0.122135	0.117861
0.090886	0.302196
0.115065	0.257170
0.073758	0.158580
0.197188	0.755231
0.116710	0.278352
0.101566	0.210749
0.295317	2.476235
0.061687	0.105176
0.113115	0.171935
0.148895	0.384150
0.093742	0.195451
0.077611	0.132328
0.119952	0.088765
0.110968	0.256336
0.102649	0.212997
0.115859	0.248518
0.133996	0.334989
0.202840	1.230223
0.090214	0.201178
0.119694	0.264523
0.152748	0.237523
0.144732	0.380646
0.127420	0.118501
0.094985	0.109707
0.091361	0.208304
0.078867	0.096612
0.097918	0.094981
0.110000	0.124850
0.092792	0.134085
0.153877	0.503946
0.081264	0.115801
0.070840	0.097051
0.170588	0.245647
0.148404	0.195893
0.157910	0.329243
0.119809	0.188100
0.106640	0.118371
0.078876	0.086763
0.132947	0.281184
0.102233	0.226446
0.131697	0.353606
0.106058	0.089088
0.093681	0.085718
0.152350	0.316126
0.155985	0.294812
0.087602	0.099866
0.125169	0.135183
0.256501	0.396294
0.316035	1.243598
0.144088	0.337886
0.152975	0.406913
0.060722	0.166379
0.195406	0.258913
0.087132	0.223929
0.115836	0.133790
0.138201	0.168605
0.069235	0.082735
0.104053	0.152958
0.119164	0.186492
0.122576	0.221863
0.073609	0.078026
0.117914	0.181587
0.073473	0.169354
0.048098	0.106537
0.100999	0.199473
0.145836	0.346360
0.124561	1.154058
0.155642	0.121401
0.296063	0.504787
0.140612	0.189123
0.135879	0.298255
0.250350	0.306679
0.232813	0.706587
0.187573	0.312309
0.241133	0.352054
0.179697	0.226419
0.090823	0.095364
0.200520	0.260676
0.212651	1.093026
0.093049	0.254955
0.095602	0.117112
0.132006	0.147187
0.112011	0.235784
0.090921	0.104559
0.143332	0.362630
0.100683	0.132901
0.050673	0.083864
0.103784	0.148930
0.086531	0.181715
0.071886	0.126161
0.120468	0.154199
0.169749	0.374298
0.068850	0.114980
0.097205	0.191980
0.111233	0.225247
0.048342	0.094025
0.080888	0.226082
0.213536	0.202859
0.294302	0.233970
0.321440	0.850208
0.169943	0.110463
0.336645	0.589128
0.276880	0.193816
0.284696	0.146618
0.154975	0.190619
0.226698	0.431859
0.110838	0.150740
0.119634	0.148346
0.292679	0.462433
0.166867	0.324556
0.153311	0.203138
0.142031	0.182509
0.081458	0.105488
0.289553	1.250869
0.110446	0.182788
0.108225	0.241882
0.086665	0.185462
0.119847	0.248683
0.145710	0.423289
0.079480	0.146243
0.087576	0.400658
0.098220	0.181216
0.105784	0.185122
0.107104	0.133344
0.165911	0.356709
0.111166	0.190094
0.115778	0.200875
0.070681	0.112384
0.069660	0.088817
0.115981	0.368819
0.058112	0.309446
0.124682	0.221934
0.102762	0.117663
0.154639	0.163917
0.079168	0.085502
0.079390	0.141711
0.116856	0.160093
0.100076	0.181638
0.111842	0.125823
0.069041	0.100455
0.240265	0.261889
0.165925	0.125274
0.162960	0.138516
0.122711	0.163206
0.206393	0.533525
0.164897	0.311655
0.145369	0.266752
0.117738	0.153648
0.116864	0.307937
0.171076	0.375512
0.142256	0.169996
0.172131	0.481106
0.114125	0.138662
0.158162	0.238034
0.144717	0.185961
0.143854	0.169747
0.093364	0.119973
0.105301	0.117411
0.141738	0.256546
0.047907	0.142763
0.070497	0.191047
