Velocity(m/s)	Chord(mm)
0.085128	0.127691
0.067218	0.108221
0.064225	0.099227
0.097520	0.127751
0.096165	0.107224
0.158743	0.203191
0.112242	0.101579
0.154790	0.157886
0.195408	0.231558
0.191408	0.130157
0.085834	0.090126
0.137121	0.187855
0.088172	0.190451
0.068863	0.154596
0.072355	0.169311
0.050448	0.110985
0.117364	0.139664
0.070725	0.083809
0.091036	0.171604
0.077117	0.107193
0.135735	0.635241
0.098940	0.186502
0.183098	0.307605
0.132478	0.280852
0.137503	0.140253
0.211109	0.634382
0.157368	0.284836
0.118136	0.193153
0.125355	0.117833
0.075291	0.181075
0.078805	0.118208
0.160043	0.311284
0.098166	0.306769
0.101890	0.143665
0.072735	0.098920
0.129360	0.255487
0.080581	0.107575
0.101934	0.182462
0.066101	0.128236
0.085991	0.220566
0.070478	0.224471
0.065288	0.164200
0.071942	0.110791
0.061711	0.098737
0.094471	0.178078
0.180364	1.661150
0.102844	0.231913
0.045697	0.093221
0.109472	0.189387
0.158695	0.163456
0.093394	0.153166
0.072780	0.096070
0.087909	0.108568
0.170715	0.192054
0.130118	0.271296
0.093888	0.136138
0.055436	0.115029
0.140207	0.349115
0.079346	0.100770
0.138215	0.273666
0.186507	0.290951
0.103193	0.162529
0.123393	0.219023
0.112009	0.263781
0.076752	0.108988
0.077608	0.141246
0.099855	0.210194
0.071471	0.122216
0.096788	0.119533
0.066008	0.087461
0.186220	0.284916
0.085940	0.192076
0.153187	0.332416
0.128950	0.322374
0.106829	0.162380
0.090857	0.124929
0.075401	0.097645
0.094367	0.137776
0.135874	0.411020
0.077171	0.120772
0.154095	0.276601
0.092048	0.227818
0.120361	0.145035
0.189286	0.211054
0.110506	0.268530
0.161681	0.555376
0.110932	0.147540
0.122127	0.152659
0.145261	0.254934
0.099545	0.153797
0.069904	0.210411
0.083656	0.144725
0.079999	0.132798
0.088671	0.199067
0.100768	0.119914
0.118220	0.241760
0.184609	0.310143
0.108378	0.294247
0.046632	0.122410
0.121324	0.266912
0.227086	0.345171
0.155283	0.197209
0.171067	0.257457
0.139129	0.207302
0.082718	0.149719
0.096928	0.236989
0.066608	0.108905
0.089529	0.135636
0.157464	0.292096
0.092207	0.182109
0.080201	0.086216
0.155750	0.251536
0.091684	0.152653
0.088824	0.139009
0.064845	0.109913
0.094196	0.143649
0.090097	0.149561
0.096437	0.178890
0.060375	0.154560
0.062883	0.096525
0.087367	0.135856
0.068753	0.127193
0.116842	0.140795
0.076632	0.106901
0.103871	0.132954
0.099164	0.145276
0.141772	0.315443
0.170784	0.467095
0.084696	0.113493
0.062611	0.075133
0.205889	0.444721
0.234371	0.199216
0.335878	0.644887
0.144657	0.169249
0.133894	0.180087
0.135577	0.250139
0.101362	0.174849
0.107059	0.172900
0.179759	0.175265
0.263272	0.444929
0.172830	0.343932
0.107931	0.106312
0.232777	0.359641
0.180158	0.137821
0.143783	0.268875
0.167720	0.285962
0.090369	0.190226
0.083015	0.219991
0.124064	0.169347
0.127585	0.246240
0.177951	0.392382
0.073417	0.137291
0.074506	0.175089
0.099963	0.352871
0.095362	0.167837
0.227351	0.231898
0.192215	0.280634
0.264282	0.272211
0.181790	0.185425
0.095775	0.104394
0.101625	0.208331
0.073603	0.143894
0.120524	0.165721
0.128574	0.243648
0.119839	0.258852
0.087893	0.134916
0.091745	0.217894
0.068690	0.125703
0.124539	0.155674
0.140143	0.351759
0.072090	0.102729
0.089919	0.102507
0.106868	0.108471
0.185887	0.399657
0.215672	0.327821
0.116797	0.195051
0.169271	0.333465
0.084673	0.229887
0.094188	0.125270
0.196452	0.290749
0.095665	0.240118
0.087517	0.210479
0.121963	0.136599
0.086708	0.160844
0.115041	0.216276
0.112181	0.136300
0.159099	0.144780
0.207954	0.146608
0.222813	0.260692
0.147172	0.345854
0.106663	0.102930
0.216420	0.147166
0.209570	0.194900
0.243229	0.367276
0.269841	0.554524
0.108476	0.221291
0.153874	0.303901
0.252412	0.425314
0.218787	0.276766
0.181800	0.412685
0.262342	0.407942
0.149794	0.235926
0.212823	0.366055
0.124188	0.102455
0.194121	0.326124
0.186530	0.151089
0.197220	0.137068
0.143980	0.312436
0.116463	0.196822
0.147137	0.200842
0.161363	0.167818
0.114867	0.241796
0.107502	0.094602
0.184597	0.258436
0.088912	0.153818
0.091284	0.209953
0.091223	0.100345
0.047188	0.184032
0.057480	0.093693
0.101716	0.147996
0.089051	0.166081
0.112024	0.269418
0.090807	0.107152
0.104478	0.103433
0.104866	0.309879
0.131076	0.323102
0.071876	0.131533
0.089020	0.156676
0.051796	0.090902
0.086194	0.132308
0.053247	0.089454
0.080697	0.196498
0.081073	0.190522
0.068299	0.192944
0.080891	0.175533
0.090176	0.208306
0.089726	0.123373
0.084375	0.095765
0.096883	0.184562
0.091496	0.212270
0.048597	0.094520
0.172203	0.391761
0.116893	0.154883
0.090786	0.259193
0.067985	0.125092
0.077810	0.141613
0.096884	0.121105
0.066194	0.135366
0.069920	0.147181
0.121588	0.356252
0.117172	0.430608
0.058512	0.179924
0.145097	0.161783
0.168603	0.225086
0.092723	0.167829
0.101018	0.181327
0.074936	0.114278
0.092389	0.178772
0.060647	0.160714
0.048707	0.095952
0.054223	0.081876
0.086798	0.175331
0.066622	0.098933
0.106274	0.131249
0.067707	0.183485
0.069400	0.080504
0.117490	0.156849
0.088637	0.103706
0.183146	0.222522
0.122561	0.182615
0.102056	0.237791
0.105882	0.302294
0.179259	0.556598
0.144022	0.528559
0.208180	0.982610
0.077762	0.187795
0.125721	0.255213
0.147240	0.125154
0.073960	0.094668
0.131890	0.146398
0.109667	0.112957
0.168675	0.437710
0.135157	0.196654
0.093272	0.111460
0.114454	0.179120
0.122688	0.158881
0.143320	0.119672
0.180866	0.249595
0.127765	0.201230
0.123881	0.147418
0.135621	0.161389
0.147751	0.220888
0.219957	0.193562
0.148641	0.121142
0.213024	0.405810
0.119311	0.093660
0.150418	0.102284
0.131278	0.166723
0.101818	0.124218
0.185847	0.552894
0.151858	0.345478
0.130347	0.212466
0.164831	0.285158
0.130323	0.230672
0.085798	0.091375
0.170336	0.448837
0.171261	0.234627
0.135217	0.280575
0.076993	0.087387
0.087219	0.110332
0.078553	0.166925
0.107482	0.227862
0.115665	0.311139
0.064051	0.079743
0.107635	0.289000
0.073542	0.129802
0.085332	0.144211
0.076330	0.186627
0.174055	1.445529
0.092302	0.118147
0.141148	0.191961
0.072188	0.147264
0.095545	0.152395
0.092109	0.120202
0.063969	0.102350
0.111679	0.383059
0.067496	0.114068
0.126572	0.224032
0.140861	0.228195
0.091528	0.143699
0.083069	0.140802
0.121172	0.149041
0.072861	0.093627
0.121172	0.149648
0.102683	0.113978
0.133191	0.225759
0.092417	0.137239
0.070214	0.111991
0.080601	0.144276
0.145765	0.174918
0.074097	0.155975
0.120556	0.188670
0.070907	0.141813
0.075573	0.196112
0.073625	0.164552
0.069167	0.142830
0.061341	0.123601
0.083427	0.140991
0.160292	0.783827
0.074895	0.127322
0.141273	0.144099
0.079016	0.150921
0.068824	0.120442
0.103758	0.144742
0.072933	0.245783
0.100831	0.209225
0.122198	0.175965
0.059661	0.130955
0.092151	0.184302
0.078065	0.199847
0.057931	0.142799
0.093284	0.173975
0.111873	0.203050
0.103567	0.132048
0.078719	0.140119
0.109193	0.217295
0.169645	0.268888
0.074360	0.126784
0.058437	0.257123
0.095620	0.133867
0.070703	0.100398
0.072247	0.179895
0.065275	0.169714
0.048552	0.083266
0.077854	0.123009
0.065502	0.176856
0.051663	0.107200
0.142101	0.174784
0.058664	0.091223
0.132317	0.304328
0.068345	0.098758
0.049989	0.090230
0.090128	0.137896
0.142543	0.270119
0.117169	0.179855
0.064526	0.178737
0.041743	0.088077
0.099372	0.194769
0.169461	0.160140
0.233463	0.232296
0.114839	0.158478
0.263502	0.363632
0.169067	0.143707
0.237794	0.203314
0.133064	0.212237
0.102417	0.187424
0.098503	0.149725
0.149020	0.377020
0.165417	0.176996
0.093796	0.198849
0.135305	0.326761
0.217495	0.295794
0.120046	0.185470
0.097661	0.106451
0.097379	0.110525
0.223341	0.295927
0.121944	0.260351
0.112496	0.134996
0.174080	0.316826
0.329444	0.385449
0.152868	0.105479
0.218930	0.319638
0.237620	0.238808
0.132331	0.594828
0.110344	0.123033
0.129191	0.182805
0.145443	0.292340
0.152949	0.189656
0.088695	0.188920
0.088573	0.127546
0.157447	0.116511
0.163036	0.143472
0.129962	0.310609
0.120801	0.195094
0.130515	0.176196
0.184066	0.256772
0.093116	0.120585
0.166628	0.251609
0.078904	0.083243
0.082099	0.135874
0.086823	0.089862
0.099471	0.248677
0.042482	0.103443
0.194289	0.401206
0.100745	0.151118
0.096258	0.230538
0.082506	0.226479
0.115509	0.205605
0.160872	0.157655
0.134017	0.083761
0.104012	0.145616
0.107543	0.165079
0.179779	0.232814
0.106863	0.109535
0.096839	0.099744
0.077295	0.075363
0.137817	0.266676
0.185415	0.343017
0.159555	0.158758
0.221681	0.302594
0.220912	0.317009
0.322157	0.407528
0.097890	0.088101
0.160758	0.271682
0.222365	0.335771
0.269626	0.353211
0.068308	0.070016
0.087819	0.113286
0.064408	0.081798
0.222572	0.348325
0.114209	0.171885
0.178291	0.511697
0.147736	0.139610
0.188870	0.391905
0.108115	0.228663
0.078640	0.104984
0.129918	0.223459
0.104645	0.186790
0.115963	0.263237
0.088035	0.148339
0.144334	0.287225
0.182390	0.455975
0.133491	0.184886
0.095930	0.164521
0.115702	0.190908
0.066441	0.110291
0.081432	0.183628
0.131489	0.207096
0.125343	0.261340
0.150354	0.278154
0.122568	0.397122
0.078690	0.104264
0.180894	0.175467
0.055149	0.075831
0.107567	0.184478
0.125626	0.346728
0.112758	0.229462
0.116718	0.218262
0.138843	0.342943
0.156144	0.264664
0.135926	0.275930
0.132139	0.257671
0.114537	0.200440
0.167511	0.327485
0.174114	0.234183
0.128189	0.185233
0.086993	0.157022
0.145023	0.201581
0.098796	0.257364
0.098622	0.205627
0.054313	0.097493
0.099434	0.302777
0.100074	0.166123
0.102750	0.201904
0.070083	0.124398
0.084083	0.139158
0.081962	0.182776
0.082539	0.089142
0.172429	0.346583
0.115409	0.177152
0.151477	0.127240
0.127366	0.220980
0.084758	0.084334
0.144944	0.385551
0.154807	0.150163
0.065031	0.100798
0.179428	0.205445
0.077570	0.129154
0.114873	0.349789
0.064966	0.122137
0.116748	0.136596
0.091307	0.160244
0.073345	0.122853
0.079627	0.127801
0.172858	0.290402
0.160536	0.389299
0.158402	0.198794
0.141319	0.235296
0.053098	0.100620
0.223365	0.656692
0.110205	0.116818
0.125152	0.173336
0.128535	0.214011
0.162897	0.133576
0.140045	0.210768
0.236599	0.254344
0.268143	0.454503
0.176298	0.193928
0.212515	0.412278
0.209974	0.322310
0.216683	0.203682
0.148824	0.153289
0.113728	0.146140
0.083053	0.110045
0.113242	0.200438
0.111861	0.182893
0.138233	0.342817
0.116055	0.243716
0.184500	0.279518
0.111776	0.228023
0.106647	0.153038
0.070965	0.127736
0.102964	0.140031
0.105317	0.120061
0.104345	0.141909
0.140252	0.187938
0.077072	0.085164
0.149959	0.170953
0.094983	0.177619
0.113269	0.207848
0.120059	0.219707
0.120138	0.414477
0.148756	0.218671
0.100379	0.199754
0.152398	0.195831
0.069443	0.123261
0.134590	0.225437
0.180946	0.171899
0.130855	0.185160
0.112180	0.097035
0.209220	0.223866
0.182656	0.492257
0.082157	0.148293
0.203159	0.225507
0.136455	0.209458
0.143408	0.151296
0.148949	0.288216
0.196787	0.378815
0.097813	0.196604
0.056274	0.098197
0.105879	0.171524
0.076770	0.147399
0.154017	0.164028
0.128770	0.300034
0.075556	0.150355
0.069799	0.107840
0.115521	0.127073
0.043731	0.079809
0.072123	0.220697
0.097033	0.172719
0.069967	0.120693
0.069167	0.177413
0.072193	0.141497
0.068541	0.119604
0.081761	0.165975
0.051880	0.217897
0.079080	0.291412
0.100769	0.457490
0.082694	0.132311
0.071337	0.143386
0.092842	0.125801
0.119538	0.182296
0.150909	0.288236
0.137156	0.205048
0.195411	0.420134
0.082855	0.134226
0.152874	0.253771
0.086467	0.162559
0.105417	0.194494
0.049868	0.095997
0.095431	0.164141
0.102999	0.130294
0.096923	0.294162
0.104947	0.128036
0.095860	0.193158
0.057734	0.128169
0.058343	0.092474
0.057681	0.096616
0.072968	0.082819
0.070840	0.119365
0.114931	0.172397
0.119759	0.214968
0.088439	0.109222
0.088680	0.240324
0.109939	0.147318
0.126924	0.262097
0.115841	0.134955
0.087756	0.176390
0.106903	0.192960
0.095926	0.120866
0.174528	0.250448
0.169263	0.175187
0.071268	0.138973
0.140319	0.338869
0.090513	0.237597
0.112781	0.147179
0.153446	0.391288
0.098233	0.286841
0.058936	0.077501
0.189121	0.183447
0.145272	0.189580
0.150718	0.328565
0.146859	0.215148
0.134820	0.202230
0.118999	0.377821
0.049658	0.085163
0.080409	0.104130
0.061766	0.151635
0.084720	0.196551
0.082275	0.184707
0.078371	0.132839
0.106866	0.211594
0.070915	0.173033
0.145167	0.264204
0.111261	0.142971
0.127108	0.290442
0.083680	0.216730
0.092547	0.128177
0.148236	0.136377
0.078661	0.106980
0.145449	0.309807
0.080844	0.188367
0.144689	0.231502
0.086020	0.116557
0.078299	0.144071
0.097050	0.151399
0.122353	0.359718
0.040314	0.088086
0.128095	0.222246
0.073333	0.136767
0.080073	0.173759
0.100718	0.119854
0.054761	0.127045
0.063999	0.178557
0.109880	0.293379
0.105036	0.188014
0.044106	0.081375
0.064023	0.104358
0.054130	0.105824
0.091344	0.196390
0.052735	0.082531
0.043878	0.080516
0.077302	0.169292
0.132859	0.589895
0.138623	0.399235
0.063095	0.109469
0.088406	0.163109
0.074993	0.149987
0.091781	0.233583
0.155272	0.402155
0.088302	0.134218
0.077896	0.145665
0.126940	0.267844
0.101804	0.329845
0.092078	0.271171
0.117407	0.379225
0.099109	0.122400
0.142366	0.146637
0.097943	0.168462
0.084850	0.186669
0.107393	0.235191
0.120988	0.179062
0.101160	0.224576
0.161197	0.311917
0.154292	0.222952
0.083976	0.151158
0.117942	0.212885
0.065714	0.130771
0.079603	0.181892
0.076717	0.222480
0.091889	0.181941
0.110326	0.130737
0.100331	0.140464
0.072330	0.095115
0.089429	0.104185
0.159041	0.182102
0.099471	0.117376
0.129824	0.203823
0.125468	0.195103
0.137235	0.185267
0.152596	0.527984
0.088985	0.212228
0.082820	0.122159
0.075038	0.136194
0.106369	0.245712
0.110652	0.297100
0.068853	0.133920
0.163929	0.514736
0.131136	0.302925
0.204634	0.598555
0.120204	0.228988
0.096353	0.222576
0.072477	0.097119
0.090629	0.185337
0.109543	0.162124
0.077842	0.191492
0.064634	0.195517
0.057882	0.089428
0.143558	0.285681
0.118433	0.234497
0.186184	0.224352
0.135109	0.237792
0.185403	0.307769
0.108324	0.184693
0.109426	0.166328
0.122318	0.192650
0.276889	0.523321
0.217135	0.568894
0.150494	0.550808
0.128772	0.396616
0.122907	0.158551
0.108622	0.168908
0.136072	0.260578
0.165628	0.525041
0.126418	0.250308
0.077658	0.083871
0.136382	0.248898
0.096801	0.236193
0.113991	0.208034
0.104571	0.216986
0.110547	0.217778
0.112406	0.222564
0.072311	0.137752
0.070928	0.159943
0.206973	0.828926
0.086978	0.173957
0.121894	0.213923
0.054824	0.121435
0.064671	0.125785
0.125653	0.315388
0.132565	0.222046
0.163595	0.361544
0.163677	0.310167
0.095660	0.120531
0.109491	0.154930
0.196967	0.282648
0.080574	0.152688
0.156099	0.161562
0.092621	0.136616
0.133607	0.141623
0.222350	0.909412
0.088378	0.117543
0.086388	0.141676
0.121141	0.147792
0.075969	0.126109
0.121535	0.173187
0.059047	0.163266
0.068671	0.121892
0.053934	0.130790
0.090806	0.297388
0.046074	0.083395
0.107320	0.218934
0.114662	0.295828
0.287216	1.069879
0.118238	0.121785
0.175715	0.434895
0.091059	0.123385
0.059636	0.098698
0.148313	0.134965
0.264010	0.695666
0.091898	0.178741
0.178365	0.233659
0.116701	0.277164
0.066091	0.135817
0.068294	0.103806
0.081339	0.108994
0.086580	0.100000
0.161480	0.254331
0.140429	0.174834
0.097076	0.209685
0.114060	0.178504
0.075506	0.163848
0.129983	0.134532
0.121135	0.262863
0.134698	0.268049
0.162406	0.336992
0.213791	0.378411
0.192648	0.638628
0.236839	0.319732
0.162577	0.203221
0.209727	0.293618
0.059096	0.083325
0.209460	0.214697
0.131996	0.215813
0.167997	0.283914
0.085226	0.098862
0.109643	0.179815
0.059399	0.099494
0.139434	0.269108
0.211430	0.484175
0.081772	0.202385
0.074428	0.135459
0.092289	0.164274
0.054807	0.148254
0.073572	0.218877
0.057242	0.186895
0.081316	0.331770
0.120748	0.217347
0.075938	0.097580
0.173662	0.413315
0.071193	0.136334
0.073598	0.124749
0.127702	0.332664
0.086945	0.166935
0.102521	0.158395
0.108296	0.601045
0.082221	0.249539
0.068378	0.132311
0.063578	0.171342
0.076803	0.214663
0.131819	0.123251
0.160292	0.223607
0.176832	0.216619
0.235499	0.180157
0.202381	0.218572
0.229190	0.522553
0.264043	0.430389
0.259685	0.614156
0.260353	0.188756
0.098833	0.115635
0.264643	0.346682
0.082828	0.101464
0.123048	0.215948
0.140698	0.110448
0.121830	0.154724
0.241635	0.293587
0.156392	0.134497
0.120539	0.144044
0.162105	0.279631
0.126536	0.301788
0.098973	0.121242
0.155319	0.344808
0.109621	0.099207
0.150078	0.166587
0.219799	0.916562
0.238800	0.339096
0.103413	0.128749
0.105674	0.086124
0.113929	0.226718
0.088858	0.132398
0.059373	0.114589
0.193237	0.249275
0.103719	0.119796
0.188647	0.404648
0.104064	0.145169
0.144447	0.251337
0.098702	0.158910
0.109808	0.197654
0.201136	0.439482
0.172345	0.319699
0.049881	0.077814
0.117058	0.126422
0.146497	0.150159
0.115966	0.194823
0.082361	0.123130
0.118126	0.181323
0.126789	0.187014
0.170977	0.158153
0.176953	0.475120
0.165432	0.177839
0.163417	0.227150
0.197837	0.224545
0.166581	0.309840
0.132078	0.150569
0.149287	0.278421
0.227748	0.253939
0.189986	0.252682
0.109175	0.137560
0.142387	0.272671
0.097235	0.150715
0.194817	0.497758
0.209173	0.461226
0.139268	0.227007
0.206514	0.363465
0.185086	0.390532
0.116938	0.157867
0.235501	0.438032
0.210210	0.616965
0.140438	0.235234
0.092935	0.157989
0.086888	0.289773
0.091495	0.226908
0.100746	0.196455
0.087903	0.156908
0.092385	0.157054
0.120859	0.347470
0.174230	0.151580
0.057248	0.090738
0.113608	0.160187
0.194468	0.385046
0.206772	0.469372
0.182383	0.237098
0.154901	0.271077
0.125089	0.221407
0.086028	0.143236
0.116718	0.286544
0.087860	0.165177
0.143992	0.254866
0.150376	0.243609
0.111232	0.229137
0.111148	0.242302
0.114343	0.122347
0.107253	0.109398
0.126921	0.110421
0.172825	0.260965
0.099454	0.093984
0.179558	0.195718
0.133230	0.185856
0.114636	0.127819
0.291082	0.221223
0.231599	0.383297
0.160211	0.393318
0.142002	0.215843
0.168047	0.389868
0.151087	0.172995
0.146538	0.150201
0.080774	0.082389
0.176441	0.321122
0.170980	0.216290
0.153618	0.367915
0.115830	0.222394
0.147197	0.366520
0.147415	0.203432
0.071532	0.177041
0.056312	0.089536
0.070688	0.081998
0.144233	0.316591
0.119532	0.234282
0.122819	0.193440
0.134349	0.135021
0.067114	0.178859
0.098805	0.125482
0.091408	0.340494
0.049357	0.087855
0.056233	0.260638
0.043725	0.100568
0.095352	0.166389
0.090559	0.132216
0.111840	0.130852
0.145050	0.195092
0.116785	0.239409
0.050603	0.094880
0.076254	0.119719
0.117576	0.218692
0.113635	0.139202
0.126871	0.183963
0.092549	0.176307
0.075167	0.120642
0.175272	0.499524
0.154793	0.340544
0.137930	0.271033
0.135141	0.223658
0.079100	0.108367
0.149515	0.290807
0.039879	0.100895
0.089811	0.902601
0.079874	0.119012
0.058783	0.135788
0.067345	0.123915
0.104729	0.200555
0.051114	0.119862
0.058502	0.124901
0.057457	0.109455
0.060221	0.154166
0.062338	0.139325
0.071401	0.082825
0.086951	0.176511
0.097255	0.214447
0.083536	0.118621
0.106305	0.423627
0.189338	0.225313
0.147529	0.281043
0.143062	0.221747
0.126287	0.164173
0.100191	0.123736
0.112842	0.168135
0.092882	0.150933
0.175319	0.681992
0.059711	0.143007
0.093596	0.170344
0.183433	0.276983
0.120200	0.251819
0.132766	0.190519
0.229249	0.405771
0.228095	0.179055
0.106322	0.106322
0.134950	0.112683
0.212503	0.269879
0.167122	0.172135
0.195719	0.123303
0.193888	0.343181
0.190475	0.635233
0.090251	0.143500
0.079931	0.130687
0.065666	0.132973
0.128648	0.180750
0.232342	0.183550
0.362557	1.622444
0.250395	0.240379
0.155987	0.131809
0.161137	0.206255
0.212819	0.250062
0.171614	0.272866
0.235921	0.346805
0.144140	0.258731
0.164457	0.191593
0.116986	0.221103
0.067566	0.123983
0.068710	0.201321
0.085900	0.112100
0.076803	0.102148
0.089275	0.206225
0.071764	0.109440
0.088254	0.173418
0.090456	0.152419
0.073373	0.162155
0.078901	0.218949
0.084527	0.294999
0.110141	0.251120
0.160807	0.362621
0.135926	0.188937
0.133732	0.264790
0.119440	0.126606
0.093190	0.215268
0.097100	0.221388
0.157612	0.185194
0.187070	0.313342
0.114651	0.255099
0.201750	0.410561
0.076717	0.092444
0.155474	0.309393
0.102746	0.139221
0.092155	0.165879
0.179660	0.327879
0.099656	0.111116
0.085352	0.135709
0.112606	0.193682
0.073520	0.122411
0.235487	0.566346
0.087507	0.111572
0.152731	0.156549
0.086918	0.138200
0.061198	0.075273
0.058028	0.095166
0.084778	0.162774
0.101119	0.221956
0.054544	0.127087
0.127359	0.458493
0.082648	0.142568
0.088278	0.154045
0.084793	0.247171
0.063612	0.137403
0.110275	0.194635
0.162062	0.587475
0.176854	0.157400
0.159121	0.188558
0.217924	0.193953
0.118485	0.152253
0.090235	0.116403
0.083859	0.127884
0.159589	0.387004
0.075407	0.112356
0.124880	0.239146
0.188664	0.322615
0.143104	0.241846
0.061121	0.093516
0.124391	0.149269
0.128446	0.290931
0.125498	0.203935
0.066723	0.082403
0.188848	0.254001
0.136925	0.110225
0.150172	0.404712
0.066556	0.096507
0.086910	0.117763
0.109997	0.211195
0.115192	0.474015
0.086857	0.149828
0.079818	0.221495
0.062852	0.201440
0.081435	0.138032
0.110534	0.204487
0.099415	0.129240
0.081895	0.157648
0.128260	0.164814
0.061305	0.110655
0.121769	0.166214
0.070946	0.197585
0.106095	0.217496
0.111812	0.183371
0.053212	0.095782
0.100156	0.144225
0.107258	0.154451
0.112233	0.452299
0.087654	0.167419
0.106139	0.197950
0.089674	0.167691
0.105425	0.234044
0.096001	0.163201
0.241189	0.313545
0.167342	0.240136
0.136040	0.285004
0.099378	0.106831
0.094567	0.186770
0.137849	0.304646
0.202980	0.364349
0.096505	0.195906
0.080307	0.105202
0.124157	0.167612
0.075674	0.159672
0.061510	0.106105
0.060436	0.206087
0.072308	0.456985
0.090197	0.124021
0.079389	0.344152
0.084310	0.207824
0.102881	0.211420
0.099335	0.204134
0.164455	0.116763
0.224430	0.296248
0.130008	0.175510
0.110669	0.214698
0.110336	0.103716
0.121829	0.236957
0.137811	0.208095
0.080790	0.094928
0.079983	0.102779
0.100001	0.214002
0.126667	0.207734
0.080694	0.102885
0.150667	0.247094
0.207391	0.294495
0.107099	0.110312
0.098434	0.176197
0.137111	0.249542
0.198642	0.330739
0.096657	0.227145
0.076118	0.101998
0.142406	0.245650
0.114664	0.353737
0.101115	0.139033
0.075330	0.178156
0.103542	0.235040
0.080435	0.170522
0.122848	0.252453
0.124505	0.182400
0.047709	0.082776
0.106344	0.159516
0.130150	0.173099
0.066612	0.073606
0.208669	0.398557
0.187809	0.653574
0.105814	0.352889
0.093055	0.144700
0.206888	0.404466
0.067554	0.094913
0.066605	0.089251
0.128035	0.209978
0.169732	0.218106
0.111414	0.128126
0.167725	0.181143
0.230912	0.686964
0.147226	0.221575
0.105645	0.180124
0.105384	0.129095
0.160052	0.770650
0.188226	0.603265
0.174377	0.264181
0.119762	0.132936
0.137909	0.266854
0.105447	0.196658
0.107694	0.169618
0.082513	0.127482
0.177740	0.366144
0.129711	0.244505
0.115082	0.208298
0.070091	0.150695
0.062454	0.096804
0.078337	0.108105
0.083933	0.193884
0.098220	0.242604
0.153816	0.301478
0.127969	0.148444
0.247720	0.284878
0.274985	0.237862
0.121108	0.242217
0.203578	0.263634
0.120633	0.170696
0.178338	0.261265
0.120047	0.264703
0.181267	0.230209
0.099099	0.145676
0.076537	0.110213
0.083562	0.117822
0.111246	0.267548
0.087381	0.157285
0.075755	0.123481
0.130739	0.311812
0.067503	0.158631
0.068179	0.086587
0.204551	0.251598
0.153403	0.224735
0.095216	0.200430
0.132450	0.239735
0.189267	0.387052
0.173822	0.224230
0.172032	0.228802
0.159780	0.157383
0.294637	0.324101
0.247266	0.587256
0.206292	0.440433
0.118877	0.250830
0.146747	0.181233
0.101159	0.184614
0.112061	0.133352
0.179855	0.257192
0.190346	0.219850
0.112189	0.120043
0.127126	0.258702
0.185777	0.383629
0.129618	0.272199
0.095553	0.194927
0.197323	0.192389
0.135718	0.146575
0.063046	0.089841
0.237532	0.421620
0.205656	0.389717
0.130871	0.200887
0.085212	0.112480
0.126154	0.206262
0.104340	0.322934
0.108298	0.279410
0.093490	0.129484
0.114750	0.208272
0.166699	0.349234
0.100063	0.181614
0.134834	0.198879
0.183059	0.207772
0.160561	0.235222
0.071907	0.079817
0.121017	0.392701
0.080509	0.106674
0.094171	0.173745
0.064456	0.128268
0.109050	0.190838
0.120801	0.218649
0.066995	0.104848
0.137647	0.311771
0.121678	0.194685
0.134458	0.188241
0.159750	0.752422
0.074238	0.118781
0.093398	0.200807
0.091228	0.170140
0.121944	0.144503
0.084314	0.140382
0.095532	0.202051
0.124754	0.310637
0.087748	0.111001
0.112339	0.265683
0.180287	0.408349
0.070229	0.084275
0.116644	0.239703
0.183581	0.375422
0.115617	0.152614
0.331667	1.585370
0.183509	0.209201
0.122114	0.161191
0.238505	0.517556
0.221906	0.728960
0.105433	0.099107
0.152971	0.182800
0.179489	0.150771
0.157479	0.243305
0.134818	0.132796
0.124304	0.190807
0.095120	0.237799
0.123883	0.148659
0.149271	0.327650
0.152258	0.389019
0.082993	0.124075
0.131665	0.302171
0.137166	0.184488
0.291120	0.312954
0.108507	0.096571
0.234172	0.256418
0.197143	0.295715
0.115253	0.212642
0.173594	0.290770
0.117211	0.116039
0.184799	0.254098
0.138098	0.299672
0.092365	0.213363
0.062948	0.094737
0.087051	0.142329
0.065361	0.122224
0.112686	0.256360
0.090015	0.193083
0.062193	0.100442
0.075326	0.204886
0.051299	0.112601
0.125288	0.175403
0.173453	0.402410
0.110988	0.244173
0.116287	0.183151
0.175920	0.391422
0.101723	0.125628
0.090512	0.144366
0.070901	0.145348
0.107775	0.259198
0.088320	0.105984
0.136305	0.128127
0.118661	0.203504
0.134172	0.124109
0.241386	0.455013
0.100888	0.182607
0.162624	0.284593
0.094914	0.163252
0.132898	0.257158
0.189423	0.328649
0.191079	0.373559
0.068388	0.084117
0.100146	0.163239
0.088031	0.172980
0.182509	0.271026
0.105461	0.112844
0.069599	0.128409
0.173957	0.251368
0.092608	0.113444
0.093080	0.144275
0.089283	0.129907
0.146149	0.263068
0.081264	0.147494
0.123565	0.225505
0.080130	0.192712
0.087724	0.105269
0.152597	0.323507
0.198967	0.246720
0.093908	0.128654
0.087271	0.122616
0.073096	0.195166
0.113862	0.309134
0.116378	0.249049
0.058206	0.098950
0.061897	0.139578
0.087171	0.153421
0.178386	0.202468
0.079048	0.102367
0.066390	0.086639
0.073068	0.117274
0.088297	0.108605
0.188011	0.298938
0.227482	0.439041
0.164147	0.228985
0.178848	0.190473
0.178753	0.242210
0.153987	0.244839
0.134855	0.325676
0.101848	0.135458
0.097565	0.161959
0.079061	0.129265
0.034182	0.098102
0.081907	0.433288
0.109118	0.194776
0.089375	0.164897
0.074258	0.153342
0.049390	0.092853
0.094241	0.217226
0.086460	0.184592
0.097506	0.337371
0.081642	0.111850
0.161528	0.211602
0.089819	0.135627
0.176708	0.272130
0.151562	0.180358
0.135480	0.229639
0.144210	0.315100
0.132453	0.201328
0.098436	0.129444
0.062659	0.115606
0.101380	0.119628
0.134654	0.157545
0.130775	0.126198
0.100728	0.132457
0.116313	0.139576
0.174676	0.239307
0.088726	0.095825
0.183939	0.334768
0.115326	0.175295
0.103299	0.134806
0.073262	0.132971
0.085333	0.134400
0.073770	0.125409
0.164327	0.203765
0.117200	0.325229
0.144343	0.158056
0.150307	0.263037
0.128144	0.251803
0.114187	0.201541
0.130653	0.236483
0.070785	0.119981
0.070989	0.147303
0.109637	0.160618
0.094226	0.122965
0.165717	0.193060
0.218690	0.513923
0.086506	0.212806
0.232930	0.280680
0.262027	0.161147
0.098534	0.090651
0.170235	0.123421
0.298970	0.582991
0.246227	0.325020
0.170521	0.300116
0.181189	0.414017
0.166719	0.345943
0.155280	0.157609
0.199453	0.378961
0.108832	0.115362
0.084390	0.158653
0.177695	0.172364
0.117197	0.084968
0.209615	0.417134
0.260986	1.165305
0.090065	0.142753
0.098445	0.113704
0.182752	0.215647
0.188373	0.228873
0.115483	0.091232
0.181191	0.230112
0.130844	0.134769
0.200909	0.155705
0.332289	0.269154
0.192729	0.586861
0.157616	0.110331
0.259039	0.221478
0.207428	0.460490
0.153039	0.186708
0.176323	0.209824
0.158492	0.310644
0.137371	0.173774
0.129759	0.122622
0.099928	0.113418
0.186223	0.216018
0.177317	0.372366
0.228781	0.567377
0.273828	0.265614
0.202636	0.174267
0.335650	0.176216
0.148140	0.149621
0.216792	0.200533
0.264318	0.438769
0.217216	0.259573
0.297745	0.331986
0.237154	0.469566
0.183081	0.222443
0.133779	0.111706
0.288387	1.110291
0.078218	0.074698
0.145132	0.222777
0.111857	0.118568
0.195234	0.266494
0.095707	0.113413
0.223393	0.395405
0.309991	0.305341
0.199421	0.221357
0.264216	0.421424
0.157664	0.249898
0.251660	0.366166
0.128287	0.286722
0.206929	0.173820
0.098976	0.250904
0.194455	0.391826
0.113957	0.114527
0.234936	0.280748
0.115283	0.202322
0.077104	0.121053
0.215261	0.332579
0.195014	0.218415
0.153499	0.326953
0.066334	0.085903
0.085812	0.121853
0.121010	0.180306
0.114032	0.190433
0.137084	0.325575
0.100259	0.099758
0.121649	0.251206
0.129379	0.294337
0.106126	0.167148
0.153128	0.293241
0.072938	0.087890
0.119210	0.209810
0.122381	0.163379
0.119562	0.239125
0.200711	0.346227
0.147201	0.219329
0.100319	0.120884
0.137809	0.212915
0.117418	0.381610
0.089571	0.217659
0.070827	0.115093
0.140966	0.297438
0.055724	0.084700
0.085130	0.108541
0.215515	0.425643
0.195025	0.214528
0.148759	0.159916
0.269462	0.185929
0.219249	0.389166
0.385628	0.518670
0.113438	0.076571
0.107030	0.151982
0.227931	0.421673
0.215120	0.289336
0.125295	0.196087
0.052806	0.121981
0.068914	0.112329
0.102817	0.457537
0.109585	0.209855
0.093208	0.118374
0.190125	0.205335
0.097843	0.116433
0.085233	0.204985
0.072318	0.080273
0.109269	0.093425
0.149991	0.289483
0.114675	0.083139
0.227195	0.264682
0.230145	0.380890
0.174096	0.251568
0.153138	0.166155
0.141737	0.197015
0.132593	0.173033
0.094228	0.121554
0.062103	0.109301
0.153326	0.321217
0.103428	0.190308
0.157232	0.178458
0.156612	0.411106
0.097378	0.189888
0.108625	0.135239
0.077209	0.111952
0.084523	0.230749
0.176567	0.309875
0.138960	0.518322
0.075227	0.112465
0.174745	0.317162
0.149731	0.246307
0.087945	0.092782
0.079147	0.089041
0.093244	0.195347
0.110448	0.219791
0.111650	0.195946
0.061528	0.072910
0.077733	0.082397
0.160369	0.109853
0.283638	0.316256
0.268296	0.524519
0.097629	0.216248
0.113359	0.168905
0.104783	0.149839
0.060032	0.084645
0.131119	0.279940
0.144395	0.197822
0.058531	0.127891
0.095873	0.145727
0.103547	0.182760
0.105059	0.152861
0.063651	0.157217
0.074646	0.116074
0.079180	0.087494
0.100421	0.234985
0.105985	0.213560
0.069066	0.114304
0.077533	0.120176
0.098419	0.150582
0.073288	0.155737
0.210408	0.231449
0.153001	0.194311
0.223602	0.380123
0.116837	0.101064
0.147021	0.213915
0.153392	0.154926
0.141877	0.251832
0.133330	0.123996
0.178783	0.194874
0.123123	0.280721
0.180039	0.419491
0.163879	0.157324
0.232339	0.253249
0.183181	0.277519
0.180483	0.427745
0.072764	0.123335
0.096993	0.429195
0.108099	0.178904
0.103615	0.226400
0.103990	0.113349
0.119597	0.172220
0.087831	0.164683
0.125551	0.192720
0.148149	0.255557
0.155169	0.335166
0.122573	0.148926
0.123896	0.255845
0.131859	0.293387
0.139246	0.199121
0.114970	0.114970
0.096565	0.121672
0.095769	0.166160
0.146648	0.138582
0.096200	0.176528
0.164262	0.233252
0.163529	0.290264
0.162920	0.414632
0.155308	0.160743
0.104959	0.234059
0.099425	0.234146
0.125270	0.149071
0.104683	0.192093
0.088147	0.146765
0.087735	0.137305
0.183405	0.358557
0.091521	0.087860
0.105327	0.107433
0.129642	0.185388
0.109499	0.126471
0.118268	0.250729
0.162173	0.653558
0.083447	0.102640
0.081897	0.157652
0.102130	0.490733
0.055069	0.099950
0.110374	0.237305
0.079378	0.151611
0.120128	0.227642
0.075383	0.127774
0.120416	0.211331
0.131656	0.240930
0.076588	0.161983
0.091772	0.183544
0.065952	0.101896
0.163815	0.476702
0.067103	0.169099
0.111475	0.222949
0.190888	0.389412
0.165414	0.327520
0.215981	0.542112
0.195484	0.230671
0.213143	0.510478
0.101588	0.240255
0.144330	0.280000
0.075228	0.144439
0.075039	0.142198
0.198406	0.321418
0.082922	0.163356
0.124212	0.198739
0.127897	0.573618
0.061846	0.118436
0.070802	0.133462
0.088767	0.153123
0.130104	0.225080
0.115263	0.250120
0.077174	0.142772
0.068049	0.161957
0.102454	0.329902
0.133154	0.219705
0.069297	0.122309
0.166627	0.400738
0.083905	0.121662
0.082940	0.125654
0.069081	0.092223
0.104578	0.144841
0.053491	0.075423
0.073361	0.077396
0.109818	0.139469
0.096675	0.237337
0.087528	0.236325
0.145201	0.340497
0.064320	0.152438
0.067040	0.144806
0.072207	0.200735
0.072466	0.147831
0.069746	0.141235
0.097910	0.180643
0.096459	0.144207
0.145040	0.390157
0.072524	0.120752
0.079573	0.181427
0.058066	0.168681
0.142044	0.203123
0.182578	0.267477
0.188828	0.285131
0.156873	0.161580
0.120192	0.349159
0.097188	0.156959
0.187266	0.402622
0.120570	0.134436
0.135518	0.195146
0.064487	0.158639
0.125415	0.570638
0.106787	0.138824
0.194399	0.281879
0.129281	0.228827
0.092546	0.118921
0.118463	0.245810
0.122848	0.274566
0.148535	0.242112
0.077229	0.197321
0.117329	0.261644
0.117762	0.268498
0.117015	0.222329
0.074293	0.150814
0.076927	0.131160
0.103614	0.129517
0.075158	0.137538
0.149840	0.675778
0.078069	0.128033
0.079516	0.146707
0.044621	0.091473
0.098307	0.264938
0.085166	0.200567
0.138956	0.284860
0.114792	0.141768
0.100258	0.154899
0.233970	0.487827
0.153303	0.176299
0.063452	0.111675
0.052368	0.158675
0.075856	0.114542
0.091916	0.271611
0.062106	0.139428
0.093958	0.128253
0.141513	0.314866
0.123317	0.322474
0.090374	0.138725
0.068570	0.103198
0.175407	0.891943
0.076086	0.201247
0.110991	0.220872
0.090854	0.158086
0.093093	0.109850
0.059089	0.103996
0.082934	0.197384
0.055270	0.138728
0.077566	0.132638
0.196532	0.171965
0.095524	0.127524
0.121430	0.197324
0.102294	0.088996
0.181897	0.426547
0.179515	0.173232
0.222035	0.365248
0.184431	0.278491
0.076630	0.170502
0.064455	0.111507
0.121056	0.171899
0.143781	0.198418
0.081990	0.196366
0.106892	0.370380
0.060661	0.118593
0.076280	0.272702
0.065412	0.134749
0.074073	0.113332
0.090777	0.167484
0.073708	0.107245
0.082828	0.130868
0.123592	0.251509
0.120849	0.132934
0.145614	0.266474
0.137854	0.197820
0.128537	0.143319
0.109289	0.137704
0.114465	0.222062
0.133163	0.110525
0.063608	0.113222
0.064166	0.136674
0.286092	0.750992
0.186522	0.198646
0.166973	0.272165
0.210056	0.952602
0.146124	0.227954
0.110007	0.211214
0.138407	0.431137
0.141278	0.236641
0.104934	0.185209
0.162372	0.230568
0.141621	0.242881
0.137072	0.226854
0.075342	0.097945
0.113242	0.165333
0.101256	0.102269
0.083533	0.106086
0.154710	0.196482
0.069926	0.087407
0.079648	0.182395
0.195797	0.253557
0.135259	0.186657
0.151861	0.209569
0.175926	0.330740
0.229844	0.925122
0.180355	0.221837
0.241071	0.218169
0.115437	0.159880
0.166265	0.143820
0.183444	0.142169
0.213872	0.229913
0.091202	0.122667
0.069552	0.097372
0.101364	0.150526
0.177095	0.146989
0.113407	0.176915
0.141152	0.264660
0.068146	0.088931
0.114136	0.270501
0.103674	0.256074
0.119907	0.298569
0.156487	0.211258
0.106294	0.129147
0.157203	0.173709
0.082413	0.081589
0.142898	0.202201
0.108762	0.225682
0.090551	0.118622
0.186636	0.291152
0.120590	0.194150
0.113699	0.193289
0.068772	0.139606
0.060334	0.095027
0.126951	0.350386
0.085443	0.177294
0.063825	0.129884
0.044344	0.090017
0.068265	0.122194
0.113485	0.364855
0.071251	0.176702
0.109478	0.151079
0.064219	0.090548
0.132926	0.407419
0.124680	0.193254
0.135797	0.239682
0.127328	0.232373
0.154798	0.312691
0.172214	0.313430
0.149405	0.330931
0.141177	0.141177
0.150465	0.177548
0.088493	0.218578
0.142452	0.187324
0.135433	0.178772
0.072112	0.101318
0.127356	0.192944
0.113048	0.249836
0.066652	0.090314
0.131548	0.205214
0.132378	0.158853
0.102312	0.220993
0.143741	0.268796
0.103913	0.161066
0.126720	0.129888
0.128855	0.176532
0.167961	0.173840
0.193886	0.283073
0.235189	0.306922
0.183314	0.263055
0.068741	0.109298
0.046878	0.095163
0.167767	0.308691
0.081701	0.133581
0.139630	0.195482
0.127850	0.204561
0.086539	0.141491
0.113047	0.202919
0.101105	0.236586
0.069445	0.116321
0.111086	0.164407
0.104392	0.094475
0.094332	0.368838
0.110619	0.245575
0.064821	0.209048
0.143155	0.168207
0.060626	0.273729
0.086184	0.120658
0.059579	0.113497
0.102500	0.182963
0.057339	0.082855
0.086593	0.141580
0.063296	0.089881
0.136908	0.238220
0.258996	0.266766
0.277931	0.504444
0.178294	0.219302
0.170043	0.314580
0.161239	0.260401
0.168238	0.212821
0.216218	0.536221
0.228544	0.485657
0.207123	0.166734
0.220564	0.285630
0.200571	0.237676
0.097300	0.116273
0.242084	0.590684
0.126855	0.223265
0.153921	0.216259
0.152063	0.244822
0.125642	0.133180
0.231463	0.391172
0.166961	0.304703
0.109861	0.101073
0.163621	0.266702
0.129437	0.126848
0.086945	0.169542
0.264187	0.405527
0.164863	0.140958
0.134856	0.193519
0.066299	0.098786
0.100396	0.183724
0.089090	0.159472
0.111959	0.263105
0.095871	0.168253
0.114970	0.233390
0.114241	0.168505
0.093070	0.104238
0.125345	0.219981
0.153689	0.401129
0.094481	0.209748
0.155005	0.290634
0.074491	0.148982
0.115937	0.343754
0.043582	0.131398
0.055981	0.109442
0.115770	0.209543
0.074032	0.139550
0.120280	0.168392
0.190987	0.253058
0.080780	0.109457
0.143861	0.244563
0.216305	0.861975
0.167068	0.258955
0.102659	0.121138
0.109658	0.236862
0.115834	0.280897
0.070079	0.115280
0.096975	0.131402
0.095697	0.145938
0.056251	0.088314
0.153938	0.319421
0.108751	0.100051
0.137407	0.131224
0.123193	0.134281
0.078732	0.111012
0.190775	0.351027
0.202094	0.350633
0.165694	0.251855
0.161129	0.188521
0.279576	0.345276
0.236400	0.310866
0.074054	0.109600
0.112187	0.125088
0.128716	0.177628
0.242312	0.334391
0.150982	0.187217
0.148736	0.203768
0.102128	0.122043
0.165437	0.157165
0.254844	0.247198
0.179669	0.246147
0.100683	0.091118
0.078540	0.081289
0.248910	0.197884
0.235722	0.249865
0.125844	0.206384
0.083387	0.085054
0.079958	0.099947
0.091708	0.090791
0.202351	0.466420
0.122679	0.134947
0.208795	0.116925
0.261772	0.427997
0.150971	0.129080
0.169378	0.224425
0.192290	0.431691
0.147419	0.281569
0.117487	0.233800
0.159924	0.302256
0.153149	0.102610
0.115818	0.186467
0.168483	0.149950
0.082184	0.097799
0.220202	1.016230
0.302454	0.624567
0.173774	0.204184
0.203852	0.262969
0.103939	0.129404
0.139540	0.246987
0.203723	0.386055
0.240725	0.209431
0.160413	0.201318
0.154373	0.124271
0.165216	0.167695
0.207284	0.312998
0.134262	0.301417
0.128411	0.245265
0.080642	0.180236
0.121347	0.194155
0.209579	0.190717
0.206274	0.236183
0.189104	0.231652
0.127750	0.239531
0.205019	0.219371
0.217074	0.194281
0.291330	0.589944
0.267638	0.274328
0.198659	0.149988
0.233506	0.379447
0.104975	0.132269
0.163163	0.358959
0.177151	0.120462
0.186545	0.404802
0.133588	0.136260
0.157861	0.303882
0.157549	0.225295
0.063110	0.073207
0.155074	0.231836
0.139637	0.398664
0.114422	0.191656
0.154496	0.184622
0.116241	0.132515
0.106433	0.182532
0.153053	0.375746
0.088028	0.109594
0.245859	0.255693
0.196877	0.339613
0.124568	0.124568
0.176202	0.207918
0.180319	0.179417
0.172745	0.214204
0.088373	0.110466
0.139206	0.195584
0.150542	0.234845
0.089796	0.181387
0.096006	0.138728
0.088747	0.112265
0.113614	0.279489
0.141645	0.376775
0.173231	0.222602
0.124913	0.219223
0.218371	0.168146
0.136277	0.233033
0.237096	0.157669
0.115782	0.222881
0.149700	0.312124
0.232850	1.017555
0.147798	0.333284
0.122461	0.120624
0.138995	0.234901
0.152046	0.268362
0.113717	0.114286
0.129003	0.183184
0.198258	0.452029
0.183958	0.428621
0.121690	0.192879
0.091967	0.127374
0.230522	0.414940
0.092360	0.118683
0.093585	0.113705
0.180252	0.182054
0.122726	0.150339
0.110605	0.139915
0.146846	0.182089
0.180142	0.536824
0.204387	0.362787
0.167766	0.360697
0.128207	0.285261
0.086728	0.114915
0.124149	0.261955
0.123642	0.148371
0.166776	0.617070
0.201895	0.227132
0.151205	0.206395
0.062599	0.083570
0.153298	0.284368
0.212273	0.447897
0.184593	0.251046
0.231810	0.324534
0.166695	0.229206
0.119628	0.159703
0.135508	0.130766
0.178407	0.151646
0.160264	0.239595
0.144723	0.264843
0.071911	0.085934
0.245714	0.622886
0.111602	0.153452
0.120284	0.182230
0.174787	0.220232
0.223634	0.578094
0.111217	0.130679
0.140108	0.398606
0.157055	0.310969
0.112809	0.270177
0.141666	0.351331
0.076886	0.107640
0.198330	0.183455
0.139823	0.229310
0.193574	0.180991
0.132292	0.271861
0.243482	0.491834
0.168683	0.299413
0.240380	0.334129
0.098951	0.112804
0.052613	0.091021
0.108431	0.170237
0.177729	0.142183
0.172887	0.248092
0.185321	0.134358
0.085439	0.088430
0.085056	0.101217
0.173831	0.400680
0.209833	0.285373
0.121624	0.210409
0.083216	0.104852
0.192008	0.296653
0.194680	0.217068
0.148143	0.346656
0.117967	0.164563
0.158090	0.143071
0.149141	0.205815
0.162449	0.347641
0.183325	0.517894
0.156190	0.243656
0.112595	0.114284
0.214920	1.114362
0.180595	0.331392
0.106480	0.133633
0.185182	0.599065
0.080501	0.082513
0.168114	0.228634
0.137473	0.285257
0.080668	0.085105
0.179722	0.251611
0.146567	0.202996
0.137687	0.185189
0.126457	0.224461
0.151681	0.180500
0.125495	0.266049
0.104072	0.227398
0.098220	0.184654
0.071039	0.083827
0.147321	0.136272
0.285439	0.419596
0.141475	0.138645
0.231004	0.435443
0.155750	0.373020
0.132688	0.333047
0.073473	0.109842
0.085157	0.120072
0.195829	0.318221
0.245781	0.506309
0.154503	0.144460
0.177813	0.232935
0.080792	0.172088
0.137693	0.329086
0.158244	0.236575
0.062668	0.100269
0.099200	0.174591
0.124020	0.190370
0.143151	0.204705
0.183254	0.454471
0.150163	0.202720
0.092637	0.171841
0.138150	0.196863
0.155602	0.393674
0.201950	0.235272
0.211758	0.179994
0.079116	0.146365
0.135148	0.184477
0.130105	0.203615
0.121288	0.236511
0.101869	0.214435
0.169040	0.270463
0.100038	0.161060
0.107028	0.199608
0.079906	0.105476
0.108233	0.131503
0.078567	0.108815
0.151655	0.172128
0.138774	0.117264
0.146369	0.233458
0.129446	0.434937
0.149129	0.153603
0.108656	0.107027
0.122431	0.176301
0.154839	0.240775
0.071100	0.111271
0.063891	0.102225
0.126971	0.294573
0.116781	0.185681
0.113140	0.212137
0.076689	0.170633
0.068316	0.107256
0.071452	0.112536
0.062876	0.216921
0.103341	0.175163
0.127792	0.260057
0.095215	0.112829
0.052845	0.104633
0.114799	0.181382
0.223832	0.391707
0.090338	0.113375
0.115197	0.134781
0.082314	0.095896
0.089362	0.213129
0.108805	0.207817
0.128644	0.139579
0.172488	0.179388
0.090873	0.126313
0.165301	0.250431
0.080016	0.098820
0.181209	0.136813
0.062693	0.095920
0.228551	0.495956
0.066077	0.112662
0.151141	0.392967
0.170107	0.193071
0.160312	0.185962
0.108156	0.137900
0.069826	0.092869
0.172487	0.556270
0.213799	0.202040
0.146140	0.206057
0.064140	0.158748
0.082670	0.324893
0.123801	0.249458
0.093879	0.132839
0.103392	0.150436
0.077721	0.085493
0.064193	0.126781
0.102371	0.320422
0.188164	0.319878
0.111966	0.132120
0.138856	0.138856
0.250857	0.268417
0.117524	0.135740
0.159562	0.283223
0.090257	0.169232
0.105090	0.235926
0.167844	0.272746
0.196514	0.217148
0.185290	0.148232
0.114746	0.144007
0.075981	0.090797
0.094620	0.146661
0.066612	0.082598
0.082317	0.147348
0.152230	0.400365
0.080062	0.138107
0.086961	0.171748
0.082170	0.114627
0.073620	0.100859
0.088551	0.199682
0.071575	0.139930
0.063535	0.128975
0.070218	0.113052
0.123633	0.534095
0.101492	0.236477
0.147039	0.530076
0.090548	0.209166
0.072760	0.179354
0.039158	0.119235
0.083425	0.134731
0.050536	0.105368
0.068876	0.120877
0.077442	0.103385
0.086440	0.183253
0.118483	0.141587
0.104710	0.160730
0.107067	0.211992
0.072788	0.182698
0.107175	0.221316
0.114763	0.180751
0.199707	0.289576
0.114314	0.225198
0.104137	0.155685
0.079749	0.129194
0.101880	0.212419
0.129647	0.162059
0.085101	0.156160
0.182577	0.335941
0.103404	0.203189
0.094058	0.107226
0.062868	0.135795
0.058907	0.077169
0.200280	0.360503
0.102635	0.116491
0.209384	0.163320
0.109196	0.172530
0.097178	0.154027
0.074896	0.137059
0.159791	0.137420
0.132237	0.179181
0.079839	0.136526
0.161161	0.291702
0.133095	0.312107
0.110411	0.220822
0.135104	0.308036
0.195939	0.186142
0.062361	0.101337
0.093999	0.149928
0.050624	0.085807
0.084167	0.227670
0.090764	0.135693
0.156714	0.467009
0.157969	0.171397
0.123017	0.215895
0.130803	0.274032
0.088794	0.123868
0.094214	0.123420
0.082532	0.157636
0.095866	0.109766
0.104469	0.217817
0.076366	0.125241
0.135954	0.159066
0.124610	0.610589
0.098694	0.159885
0.065958	0.148077
0.114610	0.150139
0.098814	0.131916
0.168623	0.322913
0.190088	0.345959
0.081743	0.109535
0.133020	0.251408
0.220072	0.189262
0.168249	0.355846
0.163680	0.267617
0.103860	0.163580
0.081911	0.132695
0.171425	0.145711
0.187648	0.331198
0.173372	0.208914
0.342535	0.320270
0.362892	0.353820
0.223075	0.273267
0.399088	0.578677
0.237782	0.298416
0.215439	0.246678
0.181141	0.317903
0.173083	0.385109
0.193832	0.277180
0.140111	0.237488
0.154956	0.190596
0.156093	0.335601
0.127189	0.229577
0.076556	0.118661
0.115090	0.199106
0.111123	0.202245
0.081753	0.131622
0.068777	0.157499
0.215495	0.323243
0.152636	0.165610
0.149293	0.282164
0.127653	0.224032
0.141825	0.232593
0.116661	0.263072
0.113231	0.162487
0.115800	0.211914
0.214757	0.285627
0.154646	0.184802
0.094173	0.225544
0.105992	0.275049
0.052233	0.117264
0.170770	0.260425
0.194766	0.289228
0.108345	0.270863
0.167040	0.229680
0.150680	0.132598
0.079695	0.203223
0.051728	0.075523
0.061945	0.107785
0.048475	0.093557
0.113988	0.382998
0.223036	0.647920
0.187789	0.179338
0.212657	0.499743
0.052835	0.075554
0.070275	0.083979
0.082979	0.180065
0.051609	0.132892
0.078537	0.117413
0.059987	0.144869
0.120268	0.169578
0.069931	0.205946
0.054699	0.091622
0.166634	0.172467
0.122046	0.108010
0.120590	0.124208
0.079659	0.142987
0.154223	0.138029
0.099694	0.219824
0.106802	0.222682
0.059521	0.102674
0.057389	0.129411
0.058791	0.120228
0.098195	0.192954
0.059676	0.150086
0.063658	0.100261
0.057956	0.098815
0.052852	0.108876
0.055259	0.093111
0.062265	0.090596
0.063305	0.116165
0.141252	0.375025
0.070328	0.110064
0.094320	0.173077
0.184112	0.249472
0.115010	0.395634
0.150249	0.372618
0.083151	0.125974
0.147694	0.191263
0.135191	0.132487
0.044794	0.081972
0.158172	0.296572
0.098122	0.223718
0.190782	0.204136
0.159540	0.168315
0.123280	0.188619
0.160835	0.192198
0.131574	0.134205
0.202998	0.317691
0.207768	0.244127
0.165904	0.280378
0.116328	0.178564
0.134685	0.235025
0.080502	0.153357
0.070277	0.116308
0.107165	0.307564
0.130495	0.182693
0.147500	0.307538
0.101987	0.166240
0.109531	0.299020
0.104599	0.140686
0.076704	0.172968
0.113462	0.202530
0.120303	0.236997
0.146692	0.233240
0.181302	0.224815
0.144492	0.348949
0.094558	0.122452
0.128833	0.258954
0.104406	0.305388
0.096036	0.124367
0.088902	0.125352
0.099964	0.152945
0.071405	0.081402
0.113357	0.268088
0.157113	0.347221
0.058534	0.080192
0.173459	0.163052
0.111201	0.123989
0.160696	0.389688
0.099817	0.135252
0.098997	0.250958
0.166408	0.211339
0.090724	0.281698
0.152799	0.331575
0.104881	0.196127
0.165839	0.215590
0.078002	0.110763
0.068290	0.093557
0.089432	0.176181
0.100167	0.164774
0.242453	0.567339
0.184574	0.422674
0.123652	0.140345
0.132070	0.331496
0.134071	0.288252
0.059219	0.088533
0.172191	0.222988
0.137711	0.196238
0.125454	0.246516
0.141640	0.322940
0.067287	0.099248
0.096106	0.186445
0.057613	0.166789
0.065486	0.130318
0.086480	0.115018
0.085165	0.161388
0.118367	0.126061
0.084222	0.184446
0.077809	0.142780
0.224663	0.250499
0.206597	0.341918
0.070049	0.081607
0.153751	0.166820
0.159025	0.195601
0.084537	0.129764
0.055701	0.104161
0.098716	0.168805
0.062497	0.079996
0.177734	0.772255
0.127321	0.213900
0.140327	0.162779
0.176079	0.336311
0.153032	0.212715
0.261144	0.193246
0.136344	0.195653
0.168304	0.243199
0.138135	0.182338
0.170659	0.215030
0.102007	0.192794
0.129153	0.328048
0.081345	0.159436
0.150568	0.213807
0.158374	0.309621
0.158843	0.127869
0.173371	0.219314
0.084678	0.120243
0.181142	0.337831
0.160419	0.274317
0.114406	0.235104
0.130556	0.242182
0.246902	0.353070
0.182564	0.445455
0.127728	0.193508
0.159080	0.439060
0.209613	1.556379
0.110190	0.208810
0.145460	0.202189
0.170183	0.163375
0.139020	0.197408
0.220022	0.132013
0.163144	0.222691
0.092137	0.117935
0.104556	0.159971
0.148125	0.107390
0.085482	0.216696
0.140311	0.237827
0.133492	0.127485
0.073884	0.075731
0.121436	0.341843
0.162696	0.285532
0.097708	0.113830
0.087228	0.094642
0.178549	0.747229
0.116578	0.201096
0.162114	0.111048
0.112876	0.466179
0.140013	0.231021
0.147836	0.201057
0.098950	0.124182
0.083079	0.127526
0.186120	0.274526
0.156591	0.223925
0.173745	0.401351
0.189045	0.374309
0.146512	0.188268
0.102563	0.105640
0.133322	0.229314
0.139375	0.159585
0.248103	0.231976
0.113192	0.169788
0.159518	0.147554
0.116524	0.212657
0.156048	0.359691
0.117192	0.191023
0.122833	0.370954
0.130846	0.219168
0.083150	0.138028
0.165802	0.288495
0.161869	0.463754
0.123427	0.138855
0.099535	0.116455
0.161469	0.354424
0.208566	0.452587
0.065151	0.090234
0.103231	0.179106
0.181798	0.275424
0.130806	0.258996
0.057653	0.105793
0.093537	0.129548
0.168427	0.181901
0.144150	0.153520
0.155602	0.283196
0.212039	0.291553
0.180431	1.089803
0.191782	0.470824
0.131055	0.120571
0.136888	0.257349
0.106375	0.144670
0.072417	0.084003
0.178215	0.274451
0.166624	0.190784
0.092755	0.162785
0.075469	0.150184
0.109263	0.217433
0.121894	0.255368
0.178912	0.168177
0.113015	0.161611
0.118340	0.453832
0.133283	0.143945
0.108395	0.128448
0.204057	0.263233
0.202348	0.164914
0.061324	0.071136
0.086735	0.124031
0.146618	0.242653
0.162918	0.305471
0.122491	0.309291
0.052467	0.068470
0.115538	0.184861
0.101704	0.340198
0.155634	0.571176
0.197262	0.311674
0.252831	1.366553
0.167486	0.191772
0.124349	0.124971
0.098546	0.101502
0.195158	0.233214
0.105879	0.206993
0.224345	0.199667
0.258127	0.393644
0.213754	0.378345
0.055469	0.084035
0.151337	0.275434
0.182386	0.275402
0.080954	0.121836
0.083215	0.123991
0.126635	0.298860
0.069143	0.184265
0.119565	0.205653
0.085895	0.131849
0.064536	0.094545
0.142137	0.143558
0.275799	0.439899
0.068451	0.076665
0.099956	0.133942
0.233753	0.357642
0.079737	0.189775
0.081475	0.195948
0.092004	0.345014
0.126393	0.240779
0.143587	0.220407
0.218415	0.219507
0.089928	0.145234
0.059049	0.073516
0.098624	0.128704
0.207614	0.316611
0.094767	0.253501
0.072491	0.149694
0.073597	0.144618
0.103250	0.168298
0.078620	0.138371
0.153799	0.355276
0.109909	0.097819
0.154804	0.186539
0.140130	0.208092
0.183826	0.342836
0.213182	0.196128
0.194672	0.320235
0.176431	0.495772
0.062761	0.098221
0.144719	0.409554
0.092867	0.170876
0.109220	0.248475
0.101646	0.290199
0.120508	0.172327
0.126493	0.220098
0.072318	0.079550
0.191116	0.220739
0.263408	0.230482
0.113766	0.145051
0.195523	0.304039
0.115601	0.138143
0.165440	0.888413
0.160694	0.384058
0.190234	0.163601
0.140148	0.222836
0.164166	0.181404
0.168321	0.199460
0.072008	0.141495
0.088030	0.162415
0.104088	0.144161
0.109547	0.098592
0.106444	0.180956
0.154659	0.149246
0.179800	0.208568
0.099760	0.101755
0.096200	0.116883
0.165276	0.155360
0.179592	0.431918
0.086229	0.101319
0.227284	0.259104
0.127800	0.173809
0.210737	0.320320
0.078415	0.086256
0.091468	0.144977
0.101783	0.104836
0.129422	0.172779
0.180973	0.299510
0.226187	0.183211
0.186871	0.265356
0.168450	0.154132
0.308622	0.297820
0.152507	0.132681
0.251916	0.414402
0.167594	0.289099
0.276072	0.168404
0.179940	0.263612
0.179393	0.166835
0.167298	0.179008
0.223528	0.375528
0.161864	0.119780
0.194468	0.857603
0.114588	0.195946
0.121436	0.148152
0.115070	0.186413
0.128174	0.264038
0.162522	0.455874
0.106094	0.250382
0.144362	0.163851
0.165454	0.165454
0.196244	0.364033
0.120425	0.150531
0.237242	0.328580
0.145726	0.246277
0.076108	0.073444
0.094595	0.169326
0.068202	0.084229
0.096015	0.181948
0.094393	0.116576
0.183966	0.363334
0.119690	0.182527
0.108536	0.172572
0.146450	0.309009
0.203085	0.380784
0.088594	0.107642
0.094516	0.084592
0.098533	0.142380
0.104232	0.155305
0.088928	0.104046
0.104754	0.156084
0.148081	0.245814
0.194554	0.285022
0.190482	0.247627
0.225072	0.388250
0.131613	0.248748
0.122653	0.210350
0.091541	0.268216
0.065290	0.123072
0.075263	0.164826
0.076379	0.140537
0.100429	0.142108
0.106150	0.156040
0.107970	0.140901
0.117853	0.312311
0.060131	0.097112
0.095831	0.184474
0.063733	0.158695
0.065348	0.096715
0.076891	0.172620
0.088769	0.167329
0.181263	0.546507
0.140752	0.178051
0.055712	0.094153
0.083025	0.135331
0.056293	0.090631
0.294663	0.458200
0.137015	0.126739
0.217013	0.361327
0.216248	0.167593
0.190722	0.205026
0.187737	0.285361
0.142323	0.233410
0.114741	0.164079
0.074036	0.104762
0.087156	0.153831
0.083013	0.164366
0.081766	0.181930
0.085377	0.094341
0.081839	0.120304
0.105336	0.258601
0.095547	0.123734
0.110773	0.283025
0.060394	0.083344
0.166068	0.190148
0.096451	0.140818
0.142399	0.418654
0.082316	0.102072
0.079078	0.105568
0.097722	0.086973
0.074177	0.098655
0.124745	0.230778
0.157232	0.332545
0.179830	0.118688
0.135009	0.176862
0.225273	0.247801
0.155242	0.320575
0.137694	0.289158
0.190390	0.423618
0.141631	0.315837
0.078014	0.145495
0.099320	0.194668
0.050115	0.094717
0.094521	0.112007
0.085124	0.118322
0.136870	0.132079
0.089419	0.179733
0.056558	0.104914
0.045191	0.143933
0.090564	0.199241
0.056262	0.111118
0.062853	0.111564
0.096896	0.276639
0.068637	0.143108
0.199735	0.380495
0.091859	0.172235
0.098148	0.247333
0.074838	0.142940
0.081323	0.151667
0.060383	0.112313
0.091406	0.118828
0.194175	0.548544
0.113015	0.157090
0.068882	0.151540
0.088377	0.228895
0.126087	0.175891
0.119933	0.117535
0.074119	0.099319
0.120587	0.309306
0.115756	0.203152
0.164226	0.218420
0.157028	0.204922
0.100838	0.136636
0.138746	0.232400
0.083179	0.234150
0.058282	0.115398
0.048080	0.125007
0.100856	0.252141
0.116091	0.175878
0.064834	0.168893
0.060284	0.110319
0.107781	0.284541
0.125506	0.161903
0.056942	0.081712
0.065182	0.084410
0.163776	0.369315
0.134748	0.161024
0.168372	0.187735
0.127155	0.253039
0.108055	0.174508
0.183639	0.162520
0.142300	0.146569
0.137371	0.348235
0.168839	0.297157
0.180442	0.338329
0.197351	0.222020
0.096499	0.162601
0.088916	0.145377
0.156412	0.106360
0.121227	0.196388
0.078619	0.113605
0.269094	0.473606
0.087577	0.115601
0.143545	0.331589
0.204263	0.306395
0.189890	0.168053
0.042763	0.104127
