Velocity(m/s)	Chord(mm)
0.117966	0.195823
0.094250	0.140903
0.175670	0.285463
0.097602	0.172268
0.151035	0.152545
0.125769	0.164758
0.130127	0.109307
0.136707	0.431994
0.123865	0.115814
0.101255	0.154414
0.084985	0.118554
0.090192	0.137092
0.085436	0.146951
0.223554	1.199368
0.086149	0.211926
0.125416	0.275914
0.154733	0.324939
0.154566	0.278218
0.282598	0.421071
0.090374	0.294619
0.119178	0.255638
0.080225	0.206580
0.109284	0.150813
0.079446	0.144988
0.128701	0.245819
0.116757	0.270875
0.190041	0.673695
0.121986	0.264711
0.134626	0.197227
0.089605	0.166217
0.114260	0.259942
0.086614	0.128622
0.121991	0.170177
0.092787	0.195317
0.063211	0.119154
0.069750	0.101835
0.068878	0.174262
0.090218	0.201186
0.082304	0.234566
0.118453	0.116676
0.173531	0.398253
0.074741	0.157330
0.126357	0.151628
0.188182	0.388596
0.111702	0.178164
0.157646	0.232528
0.127509	0.314310
0.141831	0.187217
0.161104	0.173187
0.183870	0.333724
0.199922	0.576776
0.115139	0.203221
0.113747	0.307685
0.179961	0.689250
0.100460	0.122562
0.123400	0.212249
0.158531	0.267124
0.172798	0.278204
0.097345	0.148451
0.166209	0.288373
0.206951	0.458396
0.269346	1.046409
0.115962	0.171624
0.112583	0.163245
0.115073	0.226117
0.183100	0.292044
0.079513	0.104957
0.133594	0.160980
0.100006	0.115507
0.145158	0.471763
0.103492	0.196636
0.114107	0.369136
0.102515	0.147621
0.086380	0.196514
0.083005	0.126583
0.154275	0.382602
0.182732	0.422111
0.207156	0.462993
0.181909	0.381100
0.213135	0.315440
0.217587	0.239346
0.215219	0.349731
0.194025	0.161041
0.147624	0.177149
0.323364	0.303962
0.159839	0.175823
0.203056	0.501549
0.156653	0.343070
0.190439	0.173299
0.137775	0.201151
0.089752	0.111293
0.142162	0.303516
0.156026	0.198153
0.214632	0.310143
0.118263	0.196317
0.232635	0.443170
0.114773	0.148631
0.116543	0.157916
0.100298	0.160978
0.159738	0.253184
0.197844	0.382828
0.100976	0.137328
0.107183	0.189177
0.095769	0.161850
0.171377	0.313620
0.135107	0.272916
0.072507	0.115648
0.119566	0.200871
0.121323	0.192297
0.237692	0.439729
0.186324	0.278555
0.262742	0.978716
0.114844	0.133793
0.148376	0.300462
0.209309	0.401873
0.145316	0.165660
0.185267	0.535420
0.218474	0.356113
0.143829	0.197764
0.239228	0.678212
0.118681	0.121648
0.164494	0.223711
0.189434	0.223532
0.171246	0.226900
0.342208	1.825678
0.079566	0.116167
0.121561	0.198753
0.170587	0.542467
0.135223	0.436771
0.056608	0.169825
0.129936	0.204000
0.184550	0.382942
0.112680	0.233811
0.171090	0.371266
0.128148	0.228745
0.124615	0.138946
0.113316	0.218132
0.120302	0.188874
0.084229	0.133503
0.111823	0.223647
0.071152	0.190687
0.194095	0.386249
0.247559	0.498831
0.221372	0.370798
0.186121	0.174954
0.154750	0.123800
0.204616	0.306924
0.181370	0.335535
0.130517	0.161188
0.127130	0.129037
0.157912	0.622174
0.097794	0.137889
0.104386	0.150838
0.131892	0.174097
0.118763	0.181114
0.128226	0.155795
0.139891	0.369313
0.152601	0.294521
0.172694	0.273719
0.112467	0.127650
0.236760	0.288847
0.193304	0.183639
0.140153	0.156271
0.144592	0.199536
0.107146	0.192327
0.117226	0.239726
0.129589	0.279913
0.115235	0.265616
0.101719	0.135794
0.156307	0.250872
0.163947	0.144274
0.131612	0.128980
0.156609	0.336709
0.122015	0.220848
0.165544	0.385718
0.131679	0.228463
0.087213	0.172681
0.108130	0.168683
0.113843	0.322746
0.079169	0.116378
0.106164	0.106164
0.126982	0.309201
0.180877	0.463045
0.081579	0.182330
0.232722	0.314175
0.264740	0.510948
0.229048	0.494743
0.185004	0.230329
0.135706	0.249699
0.115877	0.154116
0.154108	0.184159
0.155382	0.244727
0.187438	0.863154
0.137488	0.260540
0.107754	0.143313
0.078521	0.107574
0.078966	0.115290
0.177729	0.493197
0.160821	0.357826
0.128840	0.157829
0.204539	0.395782
0.092569	0.099048
0.112939	0.320183
0.092325	0.152799
0.125552	0.191467
0.215647	0.594109
0.110091	0.134311
0.276577	0.550388
0.163785	0.233394
0.200171	0.790675
0.086646	0.110474
0.133409	0.238803
0.108446	0.156705
0.112461	0.123707
0.138608	0.202368
0.152275	0.105831
0.158773	0.127812
0.290743	0.516069
0.275283	0.403290
0.194794	0.254207
0.252674	0.440916
0.189887	0.193685
0.250140	0.246388
0.159804	0.160603
0.199774	0.237732
0.137710	0.176957
0.168117	0.195016
0.317822	0.920095
0.243058	0.398615
0.294195	0.517783
0.127989	0.127989
0.256075	0.294486
0.171437	0.234868
0.119836	0.112047
0.282298	0.966869
0.107530	0.104842
0.180706	0.274674
0.238677	0.322215
0.139460	0.203612
0.184383	0.291325
0.268673	0.505105
0.177806	0.301382
0.111371	0.109701
0.159344	0.276462
0.169622	0.269698
0.112692	0.093534
0.136499	0.171307
0.181686	0.501453
0.090937	0.177781
0.076861	0.131432
0.094181	0.101245
0.050519	0.139433
0.082063	0.096424
0.098179	0.119288
0.090862	0.124936
0.128199	0.126917
0.129525	0.312803
0.079716	0.122762
0.119518	0.240829
0.148869	0.217348
0.144308	0.381695
0.110271	0.141147
0.133823	0.192036
0.196532	0.216185
0.247809	0.469598
0.241713	0.503971
0.185238	0.230622
0.226141	0.530300
0.139962	0.199446
0.101728	0.153609
0.145067	0.174081
0.201033	0.297529
0.171344	0.186765
0.189899	0.195596
0.283866	0.486831
0.180728	0.329828
0.158947	0.212988
0.146249	0.232535
0.184155	0.288202
0.254591	0.369158
0.123598	0.127923
0.237749	0.511160
0.094331	0.108009
0.069399	0.121796
0.207655	0.290716
0.264780	0.505729
0.146287	0.148482
0.127298	0.150211
0.109481	0.128641
0.244169	0.476130
0.118310	0.102930
0.121640	0.113734
0.208489	0.546240
0.133037	0.155653
0.139890	0.221726
0.122436	0.152433
0.115700	0.212309
0.139093	0.338691
0.127249	0.260224
0.194209	0.303937
0.222222	0.377778
0.147981	0.119125
0.206934	0.175894
0.245496	0.644428
0.113439	0.128753
0.147740	0.189107
0.084126	0.125348
0.101727	0.196841
0.138842	0.379040
0.095210	0.133769
0.093208	0.145870
0.074349	0.189962
0.122844	0.206377
0.096130	0.141311
0.136169	0.366974
0.125535	0.183281
0.112298	0.188661
0.155896	0.272818
0.078877	0.110822
0.143490	0.197298
0.173995	0.153116
0.148926	0.130310
0.115852	0.162192
0.113743	0.180851
0.202503	0.312868
0.105636	0.132044
0.123863	0.203755
0.146867	0.331185
0.187968	0.388155
0.182116	0.437990
0.110455	0.119292
0.186344	0.513377
0.164656	0.269212
0.094745	0.133117
0.102603	0.187251
0.195921	0.450619
0.202254	0.459118
0.164150	0.188773
0.234080	0.430706
0.166686	0.132515
0.138571	0.164900
0.239258	0.275147
0.168122	0.116845
0.258266	0.405477
0.254835	0.500750
0.155927	0.166062
0.152136	0.206905
0.194979	0.291494
0.151538	0.140930
0.257176	0.299610
0.134105	0.157573
0.196941	0.471673
0.103698	0.115624
0.111332	0.179244
0.150531	0.212249
0.091483	0.129448
0.153096	0.366665
0.172930	0.414168
0.183764	0.367528
0.150854	0.205162
0.136034	0.244862
0.110227	0.178568
0.099736	0.117689
0.180386	0.503277
0.116884	0.318510
0.123803	0.136803
0.128221	0.301320
0.164097	0.345424
0.169948	0.338197
0.183703	0.686130
0.135642	0.242122
0.066351	0.153935
0.208008	0.297452
0.218341	0.286026
0.259843	0.482009
0.130694	0.255507
0.135009	0.484681
0.205092	0.219448
0.122860	0.203947
0.087308	0.137074
0.084352	0.109658
0.112543	0.128861
0.137167	0.158428
0.137970	0.126242
0.127886	0.111261
0.132005	0.147186
0.178012	0.350684
0.152923	0.263028
0.152864	0.380631
0.088210	0.149075
0.150181	0.264319
0.086124	0.135645
0.107605	0.154413
0.073914	0.134894
0.115773	0.114615
0.206292	0.179474
0.115334	0.128021
0.085826	0.099987
0.086016	0.130745
0.101099	0.149122
0.138077	0.129793
0.247857	0.175978
0.077597	0.108635
0.085666	0.131497
0.087451	0.138611
0.130355	0.133614
0.221277	0.351830
0.214158	0.330875
0.292839	0.342622
0.130419	0.163024
0.113580	0.138000
0.125921	0.288988
0.088471	0.139784
0.287491	0.712978
0.152480	0.176877
0.149292	0.226178
0.121690	0.140551
0.364868	1.107373
0.138022	0.118699
0.105282	0.164767
0.072580	0.090725
0.081965	0.154914
0.112193	0.191290
0.124737	0.160910
0.128555	0.235255
0.101331	0.139837
0.071374	0.097068
0.129888	0.217562
0.077457	0.086365
0.099894	0.163826
0.133251	0.280494
0.119242	0.175286
0.185688	0.739965
0.096129	0.170629
0.127962	0.234810
0.151602	0.457839
0.099404	0.133699
0.084532	0.122148
0.161839	0.276745
0.088879	0.130653
0.099808	0.141727
0.097759	0.202850
0.177113	0.436583
0.176447	0.190563
0.133372	0.173384
0.157610	0.218290
0.157444	0.240102
0.307369	1.782740
0.137250	0.174994
0.161035	0.215787
0.168678	0.178799
0.151895	0.192147
0.166221	0.251825
0.150209	0.199779
0.210416	0.384008
0.234966	0.587415
0.178514	0.273126
0.160483	0.503915
0.139506	0.281802
0.121067	0.246976
0.093127	0.187652
0.098701	0.171740
0.248933	0.465506
0.206840	0.286473
0.154850	0.303507
0.110096	0.123858
0.145873	0.150979
0.154803	0.133130
0.200963	0.983715
0.162154	0.336469
0.229517	0.712649
0.136614	0.145494
0.222167	0.204394
0.255874	0.524541
0.203407	0.444444
0.128797	0.128153
0.150556	0.113670
0.177612	0.301052
0.169518	0.172060
0.168951	0.282148
0.112695	0.197217
0.081044	0.114272
0.103897	0.142859
0.120116	0.264857
0.144138	0.479258
0.108554	0.371797
0.060461	0.098249
0.101370	0.166754
0.105047	0.128682
0.098289	0.129742
0.138810	0.343555
0.097739	0.146608
0.152147	0.245718
0.077009	0.094721
0.074963	0.131560
0.103955	0.246893
0.115275	0.304904
0.138716	0.188654
0.102308	0.204616
0.141255	0.314999
0.152876	0.205618
0.138613	0.408907
0.114924	0.153999
0.240141	0.534313
0.110751	0.149515
0.166388	0.228784
0.133785	0.208035
0.275485	0.550970
0.143525	0.215288
0.227898	0.217642
0.198921	0.171072
0.135942	0.241297
0.199984	0.418967
0.156281	0.287556
0.162377	0.251685
0.114417	0.199086
0.138075	0.179497
0.184647	0.343444
0.156920	0.171043
0.230020	0.625653
0.117814	0.187324
0.157615	0.331780
0.179109	0.262395
0.112717	0.145404
0.131401	0.192502
0.159907	0.119931
0.078087	0.132748
0.076923	0.129230
0.078058	0.205683
0.136040	0.121756
0.100513	0.096492
0.097708	0.118715
0.091468	0.160983
0.160924	0.514958
0.187460	0.591435
0.111251	0.119038
0.089623	0.117406
0.163529	0.293534
0.118232	0.283165
0.069492	0.111882
0.142957	0.267329
0.168252	0.413060
0.111753	0.144720
0.158452	0.325618
0.201969	0.334259
0.193768	0.151139
0.220711	0.392865
0.199909	0.189913
0.161524	0.116297
0.226589	0.351213
0.356907	0.690615
0.153265	0.157096
0.259789	0.448137
0.324601	0.654072
0.174658	0.230549
0.129122	0.321514
0.171519	0.355902
0.140432	0.231714
0.213251	0.406243
0.254283	0.592478
0.144142	0.164322
0.159942	0.187931
0.093620	0.161027
0.165162	0.286556
0.214702	0.758970
0.082755	0.196128
0.060527	0.154344
0.087302	0.235715
0.096246	0.316168
0.158096	0.239516
0.215752	0.350597
0.099585	0.241991
0.078742	0.162602
0.195918	0.668080
0.114607	0.139247
0.089133	0.101166
0.123553	0.283554
0.094347	0.102366
0.093706	0.185538
0.159911	1.033822
0.135082	0.282998
0.096436	0.135493
0.090908	0.202724
0.055976	0.126227
0.137330	0.293200
0.096482	0.206953
0.157870	0.398623
0.080879	0.281459
0.118091	0.224373
0.123470	0.204343
0.201822	0.463181
0.179303	0.349641
0.120098	0.124902
0.121873	0.225465
0.221361	0.494743
0.255518	0.360280
0.204315	0.181841
0.288252	0.341578
0.142231	0.098139
0.216681	0.169011
0.317053	1.953043
0.283165	0.179810
0.141317	0.123652
0.223399	0.341801
0.182630	0.218243
0.115030	0.111004
0.112260	0.113383
0.138346	0.283610
0.085431	0.146087
0.087832	0.143605
0.125877	0.394624
0.113954	0.236454
0.110425	0.179992
0.118576	0.155335
0.212924	0.283189
0.161892	0.231506
0.291764	1.559479
0.154502	0.299734
0.144613	0.155459
0.166108	0.186041
0.173169	0.230315
0.154251	0.171990
0.172903	0.264542
0.260952	0.437095
0.407383	1.362698
0.170808	0.134938
0.146007	0.133597
0.122984	0.208458
0.161769	0.359937
0.153171	0.153171
0.192717	0.409523
0.220419	0.716362
0.153129	0.402730
0.284399	0.681136
0.155156	0.183084
0.105459	0.091750
0.099049	0.167888
0.083850	0.124937
0.122669	0.332433
0.081801	0.179553
0.117297	0.228143
0.079618	0.207803
0.069746	0.170181
0.139478	0.348694
0.124626	0.128365
0.124562	0.151343
0.124180	0.097481
0.254862	0.338967
0.154532	0.137533
0.305416	0.450488
0.165148	0.197352
0.136033	0.149636
0.132227	0.343790
0.109344	0.220329
0.121558	0.337932
0.079923	0.153851
0.095027	0.244219
0.097484	0.242735
0.068667	0.141797
0.098274	0.201953
0.109618	0.195667
0.060664	0.114048
0.082585	0.225869
0.082677	0.300119
0.037166	0.120605
0.202493	0.486995
0.125334	0.205548
0.122621	0.240950
0.089698	0.176704
0.095711	0.329245
0.087203	0.204490
0.091930	0.195350
0.126252	0.345298
0.143773	0.192656
0.139250	0.213749
0.145512	0.220451
0.174247	0.167278
0.112329	0.157260
0.173811	0.323289
0.139275	0.266711
0.200034	0.453078
0.140449	0.263341
0.116559	0.284988
0.053695	0.101752
0.154029	0.209479
0.153782	0.246820
0.114653	0.106628
0.096692	0.139721
0.120359	0.216646
0.117461	0.268985
0.092394	0.181555
0.151391	0.283100
0.133768	0.268873
0.148339	0.239568
0.097158	0.139907
0.137511	0.273647
0.185061	0.712485
0.091100	0.134828
0.063591	0.195544
0.066539	0.167012
0.105461	0.254689
0.076974	0.101221
0.224554	0.892601
0.138657	0.299500
0.175746	0.265376
0.213424	0.460995
0.198257	0.337036
0.192638	0.273546
0.239531	0.619189
0.228948	0.343422
0.099870	0.124339
0.240122	0.589499
0.141775	0.168004
0.126538	0.170194
0.113286	0.104789
0.174080	0.257639
0.116028	0.172302
0.095829	0.154763
0.107543	0.105930
0.103397	0.122526
0.102297	0.250116
0.123582	0.334290
0.065937	0.127258
0.126493	0.392762
0.117927	0.163329
0.128973	0.134132
0.128260	0.175074
0.141966	0.242762
0.221203	0.884812
0.219984	0.389372
0.133788	0.121078
0.345942	0.660749
0.173393	0.421345
0.130478	0.178755
0.104975	0.161136
0.101726	0.098166
0.184352	0.259937
0.089215	0.115087
0.105286	0.247948
0.104376	0.157607
0.061363	0.345476
0.112076	0.115438
0.136442	0.145993
0.156603	0.201235
0.121074	0.100491
0.163760	0.339801
0.154818	0.189653
0.070288	0.144794
0.257288	0.995704
0.109242	0.321171
0.064313	0.605507
0.109732	0.131679
0.256426	0.575676
0.145398	0.125042
0.156408	0.240868
0.192400	0.225108
0.300198	1.394422
0.210660	0.269645
0.285207	0.694478
0.123650	0.112522
0.143101	0.193902
0.175075	0.272241
0.115618	0.119087
0.107648	0.238978
0.084358	0.213427
0.080749	0.173610
0.143867	0.111497
0.176805	0.170617
0.132403	0.143658
0.171839	0.205348
0.120999	0.177869
0.105789	0.166617
0.141999	0.146258
0.153113	0.204406
0.114978	0.252378
0.138020	0.144922
0.146567	0.106994
0.118312	0.139608
0.254275	0.783166
0.162021	0.218729
0.166705	0.331743
0.162324	0.249167
0.171882	0.232901
0.131845	0.184583
0.105665	0.116232
0.125111	0.223949
0.260523	0.531466
0.263423	0.630897
0.183043	0.263582
0.134579	0.158131
0.225745	0.323944
0.293680	0.468420
0.253047	0.403610
0.208919	0.405302
0.129850	0.142835
0.184631	0.317565
0.244348	0.478923
0.311826	0.971339
0.178731	0.308311
0.221309	0.438191
0.104509	0.171917
0.162941	0.269667
0.165326	0.314946
0.071125	0.147584
0.110963	0.175876
0.174628	0.339651
0.160466	0.276804
0.154479	0.105046
0.118749	0.131218
0.208316	0.411425
0.144823	0.288199
0.119167	0.150747
0.101332	0.134772
0.124059	0.191051
0.144004	0.419051
0.132469	0.252354
0.092792	0.130837
0.088028	0.159770
0.149999	0.309747
0.114782	0.299008
0.223017	0.376899
0.309870	0.596501
0.285367	0.857527
0.145707	0.238230
0.169514	0.364455
0.133333	0.253333
0.153936	0.320957
0.123903	0.135673
0.137216	0.164660
0.106523	0.145937
0.129439	0.212927
0.145867	0.230470
0.103739	0.122931
0.111921	0.131507
0.112812	0.168090
0.119916	0.289598
0.136216	0.215902
0.102733	0.133553
0.106782	0.135613
0.154042	0.267263
0.120690	0.275173
0.149201	0.212611
0.136684	0.196141
0.072954	0.111620
0.101141	0.189640
0.098386	0.157909
0.122081	0.211811
0.132725	0.272749
0.146258	0.257414
0.088266	0.184917
0.107280	0.153946
0.108671	0.178763
0.147817	0.263114
0.111865	0.159408
0.172244	0.376352
0.081213	0.202221
0.121078	0.234286
0.097007	0.131445
0.134367	0.443410
0.080361	0.135007
0.090595	0.117320
0.120872	0.188560
0.115246	0.165955
0.110102	0.159648
0.089201	0.153872
0.141178	0.298591
0.110498	0.187295
0.074787	0.129007
0.099879	0.397021
0.058910	0.128718
0.088583	0.143062
0.078990	0.125989
0.105983	0.213025
0.078892	0.223660
0.071952	0.162971
0.097522	0.224302
0.131128	0.189480
0.104834	0.180838
0.122435	0.149983
0.127922	0.142633
0.087821	0.092212
0.108090	0.124844
0.296122	1.687897
0.181314	0.497706
0.167420	0.210112
0.091396	0.120186
0.106496	0.235889
0.071234	0.147811
0.090864	0.178547
0.101027	0.139923
0.074876	0.128039
0.117062	0.220663
0.107320	0.168493
0.060614	0.094861
0.118463	0.232779
0.087531	0.166308
0.127477	0.218624
0.132029	0.226430
0.105753	0.128489
0.164781	0.294958
0.179557	0.292678
0.146655	0.184786
0.127721	0.113672
0.184445	0.275745
0.171049	0.319861
0.175509	0.195692
0.177029	0.238104
0.160795	0.284607
0.120623	0.157414
0.104699	0.170136
0.108067	0.140487
0.149866	0.294487
0.104501	0.252370
0.107489	0.151021
0.128018	0.222112
0.115684	0.228476
0.109663	0.196297
0.113419	0.706598
0.137310	0.181935
0.108881	0.214496
0.220746	0.335534
0.221899	0.239651
0.195609	0.257226
0.206731	0.224303
0.148190	0.166714
0.213573	0.226387
0.175599	0.341541
0.072891	0.097674
0.120174	0.302237
0.172732	0.389511
0.119667	0.156763
0.128940	0.310100
0.122112	0.202095
0.110694	0.171023
0.091049	0.206226
0.127952	0.243749
0.133487	0.252290
0.106536	0.293508
0.086052	0.125636
0.088745	0.134449
0.093759	0.108292
0.091283	0.174351
0.108614	0.121105
0.190368	0.421666
0.187838	0.378493
0.190074	0.337381
0.177287	0.360780
0.112023	0.130507
0.150218	0.238096
0.113631	0.159652
0.124251	0.219303
0.174187	0.425017
0.177403	0.326421
0.267957	0.889617
0.106690	0.124294
0.113752	0.134796
0.110193	0.215979
0.121811	0.336807
0.167017	0.478504
0.095266	0.163858
0.139813	0.288015
0.163232	0.235054
0.113248	0.181197
0.135773	0.255252
0.136528	0.216396
0.117862	0.269315
0.101548	0.140644
0.154651	0.475552
0.142332	0.431978
0.232841	0.598402
0.176202	0.477508
0.065107	0.137050
0.107102	0.171363
0.110217	0.235314
0.115715	0.235481
0.083159	0.152596
0.084010	0.119715
0.136048	0.442156
0.137226	0.432948
0.131548	0.249940
0.179415	0.453023
0.082898	0.201442
0.084712	0.101231
0.106434	0.219786
0.089539	0.319655
0.084225	0.141077
0.128719	0.196941
0.138783	0.154743
0.193464	0.278588
0.166250	0.160431
0.213020	0.534680
0.207213	0.145049
0.209649	0.539847
0.202399	0.434146
0.202716	0.661867
0.094386	0.202458
0.099629	0.215198
0.081918	0.220359
0.130614	0.301066
0.099451	0.166084
0.161660	0.230366
0.239651	0.530826
0.221129	0.393610
0.158263	0.243726
0.213579	0.431429
0.344911	2.016006
0.114759	0.225502
0.134210	0.512012
0.072423	0.156433
0.106721	0.755586
0.207284	0.492298
0.064733	0.133026
0.126960	0.248206
0.111673	0.470700
0.100307	0.151464
0.131758	0.146910
0.084135	0.087080
0.224647	0.378531
0.129871	0.161689
0.172851	0.264461
0.136189	0.149808
0.240672	0.605290
0.216174	0.317776
0.173050	0.443009
0.064408	0.126562
0.120144	0.136363
0.160656	0.298820
0.223176	0.424034
0.168010	0.261256
0.119569	0.125547
0.153825	0.409943
0.118671	0.278284
0.115291	0.251911
0.104062	0.308542
0.236648	0.454364
0.188251	0.211782
0.203981	0.326370
0.208397	0.250076
0.104065	0.138407
0.130894	0.102752
0.172487	0.460540
0.154431	0.446305
0.169026	0.202831
0.197195	0.303680
0.253136	0.405018
0.220518	0.297699
0.256611	0.680019
0.145843	0.222411
0.154444	0.142089
0.184051	0.717799
0.110917	0.195214
0.111632	0.148470
0.097318	0.119214
0.150581	0.297397
0.114717	0.144544
0.127936	0.253313
0.265661	0.486160
0.298718	0.603411
0.251329	0.329241
0.280109	0.456577
0.253085	0.349257
0.181500	0.228689
0.213998	0.339188
0.170349	0.239340
0.254911	0.312266
0.305663	0.412646
0.146643	0.121714
0.211661	0.172504
0.218180	0.268362
0.215403	0.316643
0.289246	0.296477
0.205077	0.129199
0.286615	0.203497
0.277362	0.170577
0.305417	0.305417
0.363371	0.534155
0.261484	0.168657
0.208339	0.152087
0.199104	0.163265
0.237119	0.373463
0.220776	0.406227
0.165972	0.133607
0.247921	0.317339
0.241038	0.380840
0.243255	0.299204
0.269104	0.391547
0.138919	0.188235
0.220646	0.325452
0.188379	0.157296
0.180664	0.339649
0.169115	0.153894
0.147070	0.144129
0.128077	0.155614
0.169213	0.283432
0.181747	0.392573
0.130368	0.119938
0.159987	0.171186
0.243955	0.464734
0.187478	0.333710
0.178289	0.195226
0.112976	0.114670
0.243116	0.514190
0.214287	0.397502
0.138776	0.197756
0.164392	0.147953
0.143025	0.284620
0.185367	0.253026
0.195265	0.349524
0.182785	0.337239
0.130771	0.179156
0.126865	0.177611
0.191704	0.366154
0.178172	0.426723
0.171520	0.610612
0.145112	0.174135
0.084536	0.122577
0.078735	0.130306
0.101216	0.129050
0.188629	0.631906
0.087025	0.173180
0.083668	0.225903
0.115523	0.255306
0.222335	1.183934
0.157534	0.163835
0.104801	0.116329
0.129414	0.197356
0.085153	0.138374
0.121561	0.170185
0.151346	0.267883
0.058102	0.209166
0.045751	0.083952
0.107963	0.303377
0.120819	0.102092
0.149281	0.303786
0.143955	0.143235
0.162932	0.226475
0.201461	0.333417
0.252897	0.405899
0.157884	0.154727
0.147153	0.180998
0.140208	0.157033
0.273799	0.640690
0.273149	0.255394
0.169004	0.163934
0.252436	0.275155
0.307323	0.362641
0.210578	0.130558
0.217705	0.211174
0.202454	0.110337
0.241986	0.139142
0.265183	0.212146
0.254924	0.353069
0.282019	0.459690
0.280009	0.201607
0.255762	0.290290
0.073669	0.161335
0.134366	0.176019
0.089604	0.165767
0.094274	0.158381
0.237807	0.347198
0.341705	0.654365
0.229721	1.041785
0.344011	0.381852
0.148230	0.185287
0.211513	0.206225
0.109879	0.296123
0.078916	0.089964
0.043204	0.106714
0.041471	0.140587
0.102598	0.231359
0.106348	0.153673
0.103424	0.152033
0.140182	0.724041
0.064317	0.287820
0.109213	0.165458
0.090901	0.134988
0.120029	0.208251
0.111612	0.256149
0.110068	0.261962
0.122159	0.191179
0.151891	0.259734
0.118104	0.157669
0.094225	0.162068
0.131749	0.250981
0.134075	0.262116
0.080803	0.129689
0.135611	0.296989
0.158234	0.172475
0.139860	0.137063
0.183751	0.424464
0.189326	0.191219
0.292585	0.468137
0.238276	0.213257
0.255185	0.320257
0.192520	0.239687
0.184061	0.123321
0.240503	0.573601
0.130620	0.131927
0.193039	0.332992
0.224763	0.574269
0.226782	0.645194
0.147142	0.209677
0.216541	0.548932
0.125948	0.124059
0.195614	0.433285
0.122926	0.228027
0.133644	0.185096
0.133712	0.132375
0.189865	0.274355
0.214006	0.464394
0.141003	0.193879
0.134436	0.128386
0.220304	0.286395
0.169238	0.143852
0.141923	0.163211
0.182568	0.265636
0.142162	0.374597
0.190614	0.314513
0.114580	0.130048
0.104685	0.174301
0.132407	0.291296
0.111188	0.198471
0.082062	0.104629
0.124341	0.182159
0.107576	0.107576
0.234899	0.334732
0.183691	0.161648
0.198081	0.554626
0.141773	0.255191
0.106725	0.242265
0.245933	0.777149
0.171120	0.300316
0.091911	0.115348
0.182132	0.267734
0.119329	0.131262
0.132009	0.168311
0.145248	0.141617
0.188586	0.686452
0.147003	0.252845
0.090393	0.139657
0.118939	0.179003
0.188197	0.223955
0.128071	0.141519
0.240073	0.336102
0.120740	0.092970
0.219350	0.431023
0.124929	0.109313
0.143367	0.156270
0.231451	0.804294
0.080242	0.116350
0.086712	0.140907
0.151057	0.337613
0.144832	0.178867
0.198771	0.341887
0.226636	0.369416
0.276770	0.565995
0.177086	0.228441
0.191137	0.288617
0.093883	0.101394
0.156022	0.290201
0.107420	0.164352
0.096515	0.148633
0.173012	0.273358
0.201024	0.264347
0.141097	0.175666
0.213245	0.271887
0.148721	0.377007
0.272430	1.321284
0.141486	0.099748
0.306027	0.841573
0.220145	0.454600
0.209611	0.331186
0.145385	0.176643
0.230908	0.491834
0.168849	0.164628
0.159387	0.135479
0.212153	0.138960
0.299830	0.506712
0.136846	0.130003
0.180017	0.232221
0.228380	0.365408
0.180096	0.108058
0.109432	0.101772
0.180466	0.200317
0.158294	0.237441
0.123052	0.172888
0.121849	0.183382
0.064560	0.144937
0.076382	0.155819
0.079321	0.122154
0.177991	0.440527
0.144741	0.244613
0.101129	0.098601
0.162306	0.289716
0.186593	0.434761
0.212823	0.359670
0.198319	0.553311
0.110075	0.217397
0.116720	0.227604
0.090182	0.337281
0.227213	0.702087
0.161472	0.227676
0.101097	0.231006
0.089152	0.137739
0.170745	0.442230
0.231426	0.229112
0.282176	0.337200
0.149180	0.165590
0.177366	0.203084
0.259789	0.671555
0.098871	0.115184
0.120266	0.212872
0.203065	0.248755
0.246654	0.379848
0.249892	0.690951
0.214352	0.369758
0.232990	0.372785
0.113893	0.133255
0.139650	0.212268
0.149017	0.192977
0.214438	0.422442
0.089794	0.161629
0.186898	0.188767
0.163248	0.110192
0.167412	0.225170
0.921549	0.672731
0.122742	0.199456
0.133161	0.270983
0.119604	0.294225
0.106689	0.180304
0.088355	0.132533
0.200183	0.342313
0.129803	0.187565
0.121354	0.214796
0.088050	0.113144
0.126625	0.237422
0.079172	0.181699
0.123867	0.346208
0.155397	0.208232
0.165756	0.205537
0.113508	0.144723
0.101210	0.264157
0.161501	0.298778
0.146831	0.198956
0.118670	0.178598
0.101154	0.249851
0.126609	0.178518
0.055607	0.140409
0.073387	0.103476
0.095201	0.160414
0.068683	0.152476
0.098159	0.268464
0.145182	0.286009
0.111300	0.210913
0.145750	0.178543
0.110939	0.175839
0.117276	0.221652
0.109450	0.217805
0.117756	0.317940
0.045927	0.127906
0.081508	0.213145
0.129255	0.258510
0.123023	0.212215
0.115282	0.128539
0.095062	0.196303
0.173753	0.551665
0.115961	0.150169
0.158232	0.419315
0.130626	0.351385
0.106916	0.156632
0.094295	0.136256
0.207854	0.631875
0.164641	0.607524
0.118736	0.380548
0.097314	0.163488
0.118286	0.388571
0.100779	0.150664
0.232298	1.162653
0.113080	0.154920
0.101931	0.135059
0.105597	0.225449
0.085061	0.183731
0.073184	0.143074
0.143213	0.324378
0.140404	0.155146
0.070938	0.098959
0.204629	0.352985
0.201130	0.247391
0.162919	0.183284
0.224395	0.277128
0.103351	0.183449
0.194360	0.246837
0.196934	0.234351
0.222659	0.214866
0.256433	0.556460
0.124144	0.119799
0.152009	0.166449
0.145918	0.273597
0.118588	0.132818
0.075547	0.120497
0.128979	0.227648
0.108320	0.129443
0.148807	0.207585
0.162318	0.300289
0.117304	0.190033
0.117509	0.253820
0.178939	0.388298
0.139751	0.193556
0.196640	0.436541
0.117937	0.139755
0.155694	0.404027
0.180856	0.234208
0.176388	0.169333
0.158577	0.173642
0.132875	0.171409
0.113536	0.260564
0.158578	0.234696
0.084822	0.101786
0.153135	0.231234
0.155351	0.285070
0.227697	0.897124
0.183340	0.353846
0.295260	0.364647
0.207906	0.185036
0.230415	0.361751
0.177390	0.122399
0.142738	0.098489
0.232147	0.408579
0.209812	0.261216
0.161766	0.241031
0.136507	0.144015
0.232801	0.430682
0.181138	0.275330
0.147614	0.193374
0.155566	0.240349
0.225712	0.571051
0.138953	0.316118
0.128187	0.145492
0.164087	0.408578
0.134078	0.155531
0.109683	0.254465
0.202154	0.714614
0.186630	0.369528
0.169301	0.296277
0.113227	0.133042
0.125443	0.267193
0.114204	0.144468
0.141821	0.287896
0.097547	0.213141
0.133993	0.207018
0.169030	0.245093
0.158702	0.242020
0.168004	0.519972
0.167536	0.753073
0.078966	0.171357
0.142731	0.274758
0.128870	0.105029
0.127677	0.157681
0.109074	0.169064
0.102013	0.129557
0.094966	0.150520
0.068227	0.146687
0.172099	0.455202
0.131558	0.231542
0.204233	1.009930
0.107593	0.196895
0.088023	0.280794
0.118259	0.253665
0.120010	0.253821
0.149259	0.312697
0.176360	0.220450
0.181251	0.675162
0.261059	0.476432
0.142191	0.302156
0.176940	0.238869
0.142969	0.188004
0.192007	0.218888
0.153704	0.308946
0.169073	0.225712
0.332302	0.448608
0.274482	0.393881
0.167139	0.137054
0.359757	0.424514
0.275844	0.555825
0.153529	0.138943
0.173728	0.231927
0.268405	0.383819
0.165596	0.146552
0.240011	0.531623
0.127091	0.156321
0.236263	0.450082
0.140819	0.115472
0.163149	0.230856
0.144894	0.143445
0.162160	0.245672
0.119636	0.148947
0.176633	0.189880
0.166087	0.319717
0.130670	0.199925
0.153849	0.328468
0.082689	0.233184
0.199640	0.362347
0.151785	0.181383
0.139004	0.132749
0.273768	0.428447
0.139661	0.133377
0.148299	0.249142
0.137535	0.195300
0.257945	0.588114
0.116091	0.107964
0.110073	0.155203
0.075852	0.140326
0.086846	0.157191
0.107056	0.135426
0.219684	0.376759
0.191002	0.264537
0.161353	0.162160
0.083846	0.170627
0.042454	0.104649
0.174859	0.417040
0.092297	0.153674
0.106896	0.149120
0.152838	0.307968
0.086983	0.098726
0.212194	0.829678
0.158870	0.422595
0.107569	0.269999
0.087760	0.167184
0.110130	0.113434
0.142436	0.146709
0.142079	0.163390
0.128643	0.106774
0.234980	0.721389
0.161531	0.268141
0.138883	0.243740
0.091413	0.111981
0.209113	0.336671
0.101871	0.185406
0.147119	0.272171
0.189527	0.457708
0.204710	0.353125
0.289929	1.023448
0.132563	0.238614
0.108547	0.204611
0.050029	0.093054
0.106567	0.111895
0.093614	0.146505
0.283022	0.701894
0.118073	0.260941
0.052458	0.276190
0.102285	0.119162
0.097281	0.357507
0.099768	0.156636
0.150455	0.304671
0.171627	0.335530
0.172025	0.381896
0.104627	0.360439
0.047890	0.145825
0.089765	0.127915
0.121110	0.291270
0.144289	0.370824
0.116531	0.117696
0.152781	0.142851
0.099124	0.095159
0.175787	0.318174
0.114755	0.122214
0.171511	0.364462
0.103308	0.172007
0.126049	0.127309
0.087536	0.137432
0.145295	0.286958
0.083130	0.125942
0.283873	0.553552
0.258313	0.356472
0.194196	0.212644
0.173817	0.173817
0.147093	0.148564
0.210622	0.462315
0.208885	0.337349
0.239398	0.568569
0.142626	0.174004
0.214376	0.563809
0.156994	0.286515
0.182581	0.657291
0.109170	0.185589
0.120113	0.315898
0.084788	0.278104
0.083843	0.208770
0.098975	0.204383
0.113900	0.190212
0.193443	0.542607
0.140041	0.121135
0.119285	0.184892
0.170202	0.553155
0.129737	0.275043
0.127975	0.262348
0.142727	0.256195
0.101458	0.203930
0.132027	0.195400
0.139571	0.143758
0.129617	0.194425
0.218283	0.487863
0.109970	0.136363
0.141069	0.186212
0.079530	0.161049
0.082681	0.170322
0.139390	0.303871
0.140215	0.205415
0.155913	0.237767
0.157448	0.273173
0.105888	0.182657
0.169347	0.359862
0.151944	0.182333
0.152917	0.351710
0.184837	0.354887
0.192343	0.310634
0.233541	0.338634
0.221030	0.297286
0.173337	0.296407
0.173869	0.112145
0.203813	0.264957
0.107968	0.152775
0.245459	0.231959
0.206338	0.605601
0.162347	0.171276
0.118947	0.115379
0.212105	0.268312
0.194701	0.275502
0.343394	1.033617
0.330743	0.515958
0.295073	0.265565
0.373677	0.439071
0.299819	0.580149
0.124276	0.111848
0.207506	0.310221
0.207664	0.248158
0.207148	0.312794
0.108505	0.121525
0.269034	0.449286
0.153449	0.189510
0.118649	0.204669
0.142113	0.174799
0.199148	0.293744
0.135827	0.140581
0.224599	0.518825
0.208811	0.340363
0.127656	0.143613
0.130915	0.266412
0.096936	0.343152
0.096700	0.132479
0.162306	0.236155
0.236293	0.381613
0.204285	0.263527
0.148862	0.308889
0.128270	0.140456
0.211663	0.679439
0.202096	0.315270
0.273837	0.243715
0.195160	0.419593
0.098929	0.122672
0.139799	0.253037
0.210349	0.189314
0.172374	0.149965
0.182880	0.301752
0.162475	0.227465
0.198123	0.231804
0.191112	0.189201
0.191068	0.227370
0.188310	0.515970
0.228964	0.468231
0.140048	0.135847
0.227952	0.416012
0.108307	0.143507
0.198172	1.134535
0.153860	0.263871
0.112084	0.147391
0.155988	0.244902
0.165746	0.315747
0.182380	0.373879
0.123289	0.255824
0.146676	0.330754
0.213182	0.465804
0.172771	0.141672
0.193511	0.237051
0.187863	0.365394
0.153071	0.303080
0.154218	0.269882
0.112340	0.207829
0.095809	0.137007
0.107515	0.144608
0.150486	0.246045
0.136964	0.278721
0.104482	0.239265
0.106181	0.108836
0.104588	0.177800
0.169978	0.186976
0.228603	0.298327
0.116231	0.111582
0.183491	0.185325
0.148079	0.287273
0.179261	0.346871
0.137786	0.199790
0.172909	0.478092
0.197730	0.448846
0.104598	0.115058
0.161201	0.328849
0.099313	0.117189
0.107159	0.235751
0.092589	0.198604
0.109774	0.152585
0.092090	0.132609
0.193102	0.284825
0.119197	0.233030
0.134452	0.118318
0.113819	0.129753
0.304262	0.631343
0.168351	0.154883
0.215760	0.307458
0.167288	0.214129
0.123855	0.141195
0.143885	0.297122
0.197088	0.442462
0.108991	0.165121
0.170664	0.257702
0.125553	0.115508
0.179788	0.445874
0.133143	0.125820
0.106255	0.158851
0.135121	0.129716
0.076879	0.135307
0.121338	0.136505
0.120932	0.226748
0.109478	0.178450
0.106269	0.229541
0.135581	0.317936
0.093213	0.187358
0.052023	0.133178
0.097942	0.175806
0.103139	0.156771
0.147390	0.172446
0.109105	0.230212
0.164333	0.253894
0.159018	0.212290
0.097922	0.101839
0.138151	0.159565
0.140409	0.176214
0.139431	0.244702
0.122720	0.214759
0.120516	0.226570
0.134303	0.192053
0.235400	0.508465
0.108812	0.114797
0.100673	0.097653
0.156419	0.321440
0.073967	0.129442
0.114381	0.184725
0.106222	0.159333
0.087430	0.142511
0.133686	0.368305
0.115947	0.151311
0.114192	0.180424
0.125104	0.220183
0.124219	0.234153
0.112391	0.265805
0.141257	0.202703
0.100230	0.181918
0.103569	0.096319
0.128195	0.252543
0.134542	0.203158
0.122006	0.120176
0.202004	0.714085
0.145680	0.297187
0.132855	0.273682
0.159042	0.346713
0.121399	0.182098
0.210031	0.482021
0.105575	0.156250
0.094680	0.130658
0.152356	0.317662
0.090076	0.189159
0.115389	0.208277
0.195385	0.701432
0.134288	0.206132
0.126438	0.164370
0.192576	0.363006
0.137121	0.167287
0.117887	0.219271
0.109598	0.148506
0.133794	0.267588
0.132401	0.301213
0.081122	0.169140
0.066570	0.161432
0.080530	0.184010
0.128540	0.341273
0.103157	0.156799
0.082034	0.152582
0.231034	0.408931
0.170549	0.297609
0.157654	0.258552
0.119382	0.241749
0.144873	0.457075
0.150202	0.215539
0.147031	0.202903
0.128292	0.188590
0.073139	0.143718
0.111317	0.157514
0.216164	0.540410
0.203154	0.461160
0.126408	0.144105
0.199393	0.240269
0.216394	0.455509
0.205973	0.770340
0.107977	0.177082
0.143147	0.504594
0.106980	0.205936
0.074091	0.101875
0.132983	0.471426
0.136476	0.347332
0.140504	0.356177
0.175599	0.504848
0.140910	0.260684
0.106133	0.198999
0.145111	0.259023
0.137320	0.149678
0.104832	0.130516
0.124032	0.197210
0.145727	0.283439
0.099975	0.275432
0.075289	0.115569
0.109863	0.251586
0.106254	0.158318
0.342171	1.551747
0.136317	0.289673
0.150103	0.250671
0.131883	0.235412
0.081145	0.131050
0.113873	0.243689
0.206886	0.168612
0.093549	0.108984
0.061094	0.116995
0.155230	0.674473
0.092140	0.165391
0.078390	0.138359
0.062611	0.147449
0.106481	0.229999
0.072935	0.161186
0.165791	0.368057
0.183120	0.223406
0.139011	0.143877
0.180798	0.372444
0.180688	0.381252
0.144056	0.234811
0.126132	0.219470
0.106815	0.149008
0.135738	0.228041
0.105688	0.290112
0.129982	0.181325
0.131310	0.234389
0.092376	0.107618
0.088545	0.139015
0.108749	0.296884
0.073625	0.140255
0.127027	0.334080
0.125536	0.169473
0.209591	0.857225
0.082386	0.304415
0.141126	0.458660
0.131557	0.339418
0.084014	0.100816
0.094760	0.210368
0.139455	0.400933
0.072370	0.180925
0.127093	0.214787
0.186960	0.698294
0.098391	0.213509
0.153728	0.298232
0.103543	0.125804
0.103133	0.166559
0.119371	0.259035
0.105618	0.183248
0.078040	0.142424
0.130133	0.299306
0.117163	0.264202
0.110891	0.165782
0.099933	0.109927
0.137372	0.257572
0.135407	0.228838
0.121253	0.194612
0.071797	0.237290
0.160541	0.215928
0.186847	0.194321
0.179018	0.175438
0.162873	0.193819
0.122729	0.108001
0.126243	0.207039
0.143665	0.249258
0.140515	0.432083
0.120799	0.254885
0.098031	0.153909
0.103880	0.158417
0.097711	0.278964
0.101099	0.168835
0.142429	0.373877
0.133142	0.481308
0.098161	0.255218
0.131994	0.209871
0.096095	0.154713
0.079762	0.219744
0.091839	0.147860
0.128405	0.321013
0.069085	0.301213
0.107248	0.157118
0.097176	0.211844
0.088147	0.113709
0.099683	0.192389
0.106741	0.187331
0.165153	0.176713
0.254981	0.637452
0.234100	0.537260
0.177130	0.417142
0.202408	0.591031
0.139343	0.208317
0.112074	0.133928
0.233294	0.603066
0.193996	0.323004
0.152615	0.255629
0.162937	0.246850
0.131139	0.192775
0.126951	0.137108
0.169262	0.234427
0.243392	0.575623
0.178460	0.159722
0.280318	0.542415
0.147015	0.174213
0.200591	0.273807
0.175820	0.203951
0.272803	0.553790
0.179800	0.222053
0.186768	0.431435
0.173922	0.408717
0.126575	0.156321
0.153964	0.224017
0.223062	0.509696
0.107594	0.117816
0.119809	0.192294
0.123885	0.166625
0.097660	0.121098
0.135618	0.362778
0.149249	0.285065
0.115491	0.329726
0.100509	0.172875
0.123494	0.360601
0.079910	0.134649
0.091625	0.321146
0.088572	0.152344
0.096324	0.322202
0.109153	0.325277
0.109597	0.187411
0.097442	0.354202
0.049038	0.118426
0.073640	0.129606
0.120045	0.226285
0.156688	0.402688
0.157315	0.166754
0.144693	0.167121
0.099024	0.122790
0.083160	0.103950
0.151472	0.328693
0.107433	0.239039
0.108863	0.141522
0.149591	0.327603
0.108074	0.273967
0.070751	0.130889
0.125291	0.243691
0.104563	0.192396
0.080989	0.117435
0.161404	0.421264
0.190642	0.221145
0.231276	0.479898
0.229974	0.447299
0.114789	0.141190
0.113422	0.151986
0.120980	0.117956
0.136437	0.216252
0.147712	0.223784
0.203090	0.540220
0.144433	0.322086
0.146437	0.132525
0.116556	0.173086
0.073840	0.167248
0.120470	0.246361
0.090014	0.165625
0.089254	0.195913
0.090848	0.135363
0.094310	0.163156
0.109058	0.160316
0.180821	0.501777
0.087626	0.106903
0.123627	0.236746
0.128742	0.202125
0.152866	0.132229
0.204012	0.302957
0.149824	0.180538
0.201068	0.369965
0.127403	0.236970
0.195719	0.338595
0.148938	0.344046
0.124700	0.274964
0.130988	0.239054
0.126810	0.434958
0.110302	0.178138
0.102434	0.152114
0.140356	0.252641
0.086707	0.124858
0.161280	0.261274
0.147234	0.203919
0.178130	0.311727
0.259211	0.655804
0.067312	0.182078
0.115434	0.150642
0.215407	0.574060
0.113066	0.210303
0.110375	0.121413
0.134434	0.137795
0.186696	0.519949
0.084942	0.237836
0.136218	0.212500
0.112724	0.291954
0.139379	0.319874
0.146152	0.255766
0.133080	0.148384
0.129490	0.167689
0.158781	0.314387
0.218008	0.281231
0.151625	0.172853
0.172930	0.319921
0.162548	0.199121
0.135827	0.119527
0.182696	0.216495
0.221096	0.451035
0.250068	0.540147
0.187914	0.235832
0.163558	0.475135
0.132812	0.112226
0.172939	0.329450
0.132259	0.235420
0.184756	0.502536
0.133685	0.189165
0.192528	0.349438
0.187725	0.381082
0.116313	0.126781
0.114592	0.147823
0.103436	0.168083
0.097123	0.224354
0.094882	0.154183
0.077801	0.201115
0.048303	0.107957
0.063277	0.141424
0.078859	0.138398
0.105810	0.124327
0.145861	0.319437
0.161730	0.355806
0.156572	0.308446
0.137993	0.300826
0.112916	0.181794
0.156986	0.315542
0.108044	0.136676
0.153840	0.218453
0.121031	0.217250
0.096340	0.118499
0.214928	0.494335
0.146281	0.211376
0.199489	0.602458
0.096330	0.120894
0.121313	0.269921
0.146661	0.220725
0.203582	0.532367
0.137876	0.240594
0.246344	0.703312
0.214245	0.201391
0.195827	0.258491
0.148133	0.225162
0.160926	0.238170
0.186184	0.303480
0.109914	0.139590
0.104295	0.202853
0.092593	0.154630
0.172066	0.409517
0.110844	0.245518
0.105523	0.224236
0.095467	0.261578
0.087477	0.173204
0.145663	0.412954
0.073422	0.100222
0.110567	0.191834
0.109768	0.133918
0.089917	0.133077
0.109791	0.160295
0.111401	0.173785
0.097256	0.317055
0.142118	0.380875
0.095071	0.176831
0.108467	0.452852
0.113262	0.168195
0.170890	0.427225
0.120158	0.123763
0.172990	0.174720
0.194349	0.496561
0.160199	0.588731
0.097694	0.164127
0.149234	0.296975
0.117025	0.269743
0.121585	0.230404
0.085227	0.159801
0.175935	0.262143
0.111196	0.119535
0.217552	0.523213
0.171974	0.200350
0.201648	0.550499
0.243636	0.425144
0.186590	0.275220
0.202306	0.484522
0.083511	0.171198
0.116305	0.204116
0.136056	0.310888
0.120610	0.158603
0.144524	0.268815
0.186138	0.389958
0.129359	0.249663
0.180928	0.381757
0.292514	0.801488
0.275602	0.602191
0.315157	0.321460
0.142752	0.097071
0.301341	0.781981
0.127111	0.167151
0.158916	0.146203
0.177621	0.270872
0.213028	0.485703
0.190321	0.250273
0.212979	0.365259
0.142145	0.138591
0.178416	0.385379
0.148229	0.252730
0.131828	0.226744
0.120541	0.179003
0.111102	0.136656
0.300723	1.408889
0.189064	0.151251
0.152700	0.141247
0.133747	0.113016
0.142183	0.152136
0.169127	0.347556
0.163144	0.336076
0.083978	0.119249
0.130754	0.266737
0.106991	0.219331
0.104303	0.224252
0.090240	0.288767
0.087714	0.115344
0.141210	0.343141
0.113980	0.332251
0.075935	0.115801
0.086095	0.186827
0.080695	0.158566
0.066728	0.150472
0.135872	0.316582
0.147249	0.442484
0.087252	0.274845
0.096734	0.168316
0.111571	0.113803
0.113682	0.124482
0.115167	0.147990
0.105815	0.178828
0.107829	0.161204
0.120852	0.251976
0.129607	0.255975
0.128409	0.105937
0.166419	0.294562
0.155329	0.170086
0.166880	0.212772
0.212518	0.357031
0.219035	0.361408
0.137699	0.133568
0.217650	0.381976
0.165172	0.351815
0.195355	0.199262
0.198511	0.428784
0.134826	0.203587
0.109912	0.137391
0.142447	0.207972
0.174867	0.353232
0.111986	0.104147
0.176476	0.278831
0.222625	0.502020
0.105846	0.098437
0.192539	0.714320
0.079746	0.110846
0.107833	0.191942
0.134445	0.258135
0.138233	0.212880
0.169127	0.295127
0.222568	0.253727
0.120951	0.106436
0.215140	0.514183
0.100920	0.227574
0.242274	0.353720
0.248034	0.277798
0.186952	0.186017
0.078928	0.137729
0.150948	0.259631
0.207385	0.389885
0.100769	0.111854
0.095072	0.231501
0.132552	0.320112
0.174511	0.314120
0.231062	0.726690
0.110243	0.110794
0.161984	0.259174
0.128189	0.157672
0.198714	0.090415
0.115121	0.176135
0.142229	0.178498
0.146371	0.268591
0.220694	0.339869
0.185101	0.230451
0.107218	0.116867
0.137130	0.153585
0.108905	0.251570
0.114840	0.257815
0.253083	0.310026
0.171768	0.144285
0.285428	0.382473
0.325162	0.598298
0.254851	0.528816
0.160073	0.192888
0.278254	0.957192
0.135171	0.232495
0.072697	0.107956
0.081422	0.159588
0.157032	0.385512
0.161184	0.371529
0.211341	0.369847
0.096694	0.123768
0.146242	0.288097
0.143260	0.215607
0.119197	0.393946
0.103257	0.183281
0.135463	0.218096
0.140862	0.418361
0.150149	0.246995
0.140364	0.193001
0.086946	0.095641
0.135044	0.350439
0.077990	0.152861
0.123147	0.161939
0.168955	0.359873
0.103763	0.252663
0.131669	0.159977
0.136651	0.315665
0.148375	0.143181
0.278118	1.101348
0.207949	0.455408
0.165232	0.158622
0.272717	0.349077
0.321121	0.407824
0.195403	0.214943
0.148944	0.221927
0.191648	0.316220
0.145983	0.235032
0.197326	0.273296
0.163710	0.224283
0.137699	0.124617
0.219122	0.244321
0.251371	0.815699
0.223285	0.615151
0.134974	0.284795
0.134380	0.450844
0.169617	0.183186
0.122423	0.112017
0.100655	0.105688
0.124259	0.197572
0.201000	0.456270
0.167848	0.224078
0.114428	0.132165
0.224051	0.249817
0.283181	0.346896
0.185683	0.131835
0.142909	0.188640
0.233410	0.323273
0.130097	0.120340
0.153781	0.192995
0.175085	0.309025
0.172065	0.209919
0.137821	0.141956
0.099697	0.136586
0.134435	0.186193
0.141817	0.240380
0.197696	1.356193
0.118574	0.224105
0.112228	0.180687
0.123931	0.128269
0.121392	0.191192
0.167711	0.291818
0.191701	0.439953
0.130285	0.158948
0.115333	0.162043
0.109008	0.141165
0.147104	0.511185
0.106342	0.141966
0.119673	0.148395
0.147927	0.133874
0.123867	0.182084
0.110168	0.225293
0.189825	0.293279
0.152836	0.414185
0.120514	0.118104
0.118386	0.136736
0.089494	0.091284
0.161834	0.192582
0.120042	0.131446
0.204263	0.480018
0.143157	0.275577
0.104250	0.096952
0.111438	0.179415
0.110292	0.132350
0.100586	0.120703
0.165188	0.403059
0.115994	0.245327
0.162076	0.562403
0.109725	0.184339
0.127358	0.122900
0.193153	0.302285
0.158153	0.195319
0.096411	0.098339
0.141878	0.310003
0.097994	0.216566
0.145310	0.252839
0.110346	0.140692
0.171173	0.207976
0.221406	0.344286
0.152845	0.286584
0.114245	0.199358
0.085115	0.104691
0.122744	0.257148
0.220685	0.940120
0.118186	0.255283
0.093976	0.175736
0.095963	0.190006
0.075615	0.158414
0.122214	0.287203
0.074273	0.129606
0.153642	0.300371
0.184917	2.289267
0.147952	0.346947
0.097723	0.124597
0.094273	0.114542
0.102000	0.214710
0.105804	0.116913
0.122796	0.188492
0.140560	0.185539
0.208010	0.398340
0.122152	0.233309
0.103174	0.155277
0.171467	0.407234
0.111123	0.112234
0.100300	0.108826
0.135968	0.328363
0.077973	0.121638
0.167389	0.557407
0.105380	0.257128
0.103917	0.186530
0.086216	0.220712
0.118463	0.239888
0.137551	0.367948
0.083633	0.117086
0.154718	0.322588
0.163097	0.268294
0.140956	0.168443
0.092910	0.218803
0.277964	0.897825
0.108850	0.216611
0.111622	0.119436
0.130347	0.331082
0.168785	0.488632
0.091769	0.126183
0.080070	0.136119
0.182882	0.268836
0.248838	0.467816
0.239578	0.218016
0.211324	0.199701
0.285339	0.472237
0.201284	0.254624
0.146113	0.189947
0.117259	0.116672
0.089004	0.133061
0.145957	0.329133
0.095568	0.161510
0.128372	0.374204
0.087659	0.173564
0.121755	0.206375
0.101273	0.129123
0.152517	0.360703
0.116935	0.117520
0.207361	0.196993
0.208281	0.253061
0.119684	0.138834
0.154304	0.195965
0.154960	0.165032
0.140921	0.188834
0.157815	0.184643
0.147839	0.182582
0.158456	0.284428
0.148966	0.226429
0.150833	0.177984
0.253595	0.338550
0.195688	0.195688
0.147846	0.368137
0.117212	0.163511
0.116905	0.149639
0.145530	0.198649
0.229374	0.332592
0.106550	0.157161
0.136118	0.313753
0.126388	0.202221
0.089342	0.154115
0.178741	0.479025
0.209082	0.944007
0.104043	0.225773
0.119648	0.261431
0.092904	0.139820
0.108818	0.133846
0.145998	0.420475
0.091745	0.138994
0.106645	0.153036
0.090351	0.149532
0.147691	0.350027
0.109597	0.226318
0.137998	0.207687
0.125998	0.216716
0.125652	0.271408
0.128774	0.278153
0.106626	0.183930
0.086194	0.124982
0.120793	0.177566
0.128986	0.200573
0.165089	0.507650
0.128804	0.325873
0.128036	0.243268
0.211122	0.523583
0.151778	0.261817
0.092698	0.119580
0.101597	0.142236
0.201559	0.751814
0.109379	0.178287
0.120067	0.142280
0.095253	0.113827
0.106966	0.128894
0.199056	0.307542
0.169051	0.205397
0.119272	0.189642
0.135621	0.174951
0.159543	0.280796
0.122632	0.152064
0.164731	0.124372
0.154749	0.248372
0.160686	0.233798
0.130961	0.248171
0.139530	0.170925
0.144872	0.367251
0.095241	0.178100
0.086261	0.415347
0.077948	0.270091
0.154679	0.454756
0.167240	0.730002
0.146536	0.276220
0.116490	0.251618
0.123492	0.295145
0.120514	0.241028
0.111276	0.327152
0.146899	0.361371
0.126459	0.218774
0.095798	0.138428
0.158096	0.249002
0.131814	0.272197
0.240009	0.838833
0.135970	0.297094
0.081562	0.153745
0.140660	0.445188
0.099969	0.119462
0.078974	0.103851
0.085605	0.139536
0.110137	0.123354
0.095884	0.102116
0.129874	0.907818
0.098313	0.206948
0.099988	0.124484
0.096874	0.175826
0.160537	0.254451
0.149819	0.217237
0.155093	0.291574
0.094889	0.244339
0.074370	0.151344
0.080057	0.136498
0.123238	0.143572
0.068578	0.124811
0.086358	0.111401
0.181556	0.142522
0.103957	0.524981
0.265961	1.364382
0.161985	0.112580
0.150376	0.216541
0.121644	0.149013
0.155733	0.805139
0.072177	0.110070
0.061840	0.111313
0.117677	0.128268
0.088750	0.098513
0.059148	0.094933
0.101114	0.107181
0.144823	0.165823
0.114866	0.159664
0.131940	0.134579
0.106845	0.116462
0.163426	0.308059
0.098399	0.144154
0.066591	0.153492
0.080468	0.170995
0.122677	0.379684
0.155474	0.246426
0.151272	0.319184
0.083962	0.291767
0.121404	0.293191
0.152064	0.447829
0.080271	0.204691
0.117654	0.398260
0.103750	0.195568
0.112736	0.238436
0.098950	0.195922
0.131816	0.175315
0.108879	0.140998
0.238175	0.796696
0.138707	0.205286
0.141699	0.290484
0.103045	0.120047
0.121242	0.263095
0.090183	0.107769
0.162981	0.308849
0.090064	0.151758
0.174895	0.459099
0.126561	0.193005
0.165501	0.599943
0.085363	0.242005
0.109958	0.300186
0.111528	0.233652
0.094863	0.212968
0.214382	0.348371
0.089717	0.122913
0.173619	0.356787
0.172659	0.198558
0.120741	0.223974
0.252412	0.547734
0.186428	0.479119
0.148964	0.283032
0.118521	0.158818
0.049762	0.139085
0.072188	0.206098
0.025231	0.136245
0.079007	0.144583
0.141723	0.119047
0.258492	1.030092
0.217930	0.242992
0.195060	0.434983
0.127571	0.240472
0.178230	0.352895
0.153783	0.199918
0.249960	0.553661
0.225326	0.343622
0.231639	0.414633
0.272139	0.317042
0.269202	0.393036
0.172506	0.117304
0.335107	0.494282
0.286612	0.369729
0.303919	0.293282
0.253093	0.339145
0.102570	0.111289
0.167022	0.227150
0.129789	0.397154
0.081506	0.118999
0.122426	0.206900
0.135581	0.213539
0.093690	0.133977
0.095557	0.164359
0.135894	0.212674
0.153963	0.297918
0.210863	0.628372
0.138415	0.344653
0.084608	0.121413
0.136635	0.219982
0.078956	0.118039
0.180853	0.364419
0.117711	0.165972
0.139047	0.248199
0.109905	0.174749
0.151692	0.601461
0.126823	0.242866
0.140364	0.421093
0.145502	0.226256
0.181965	0.363930
0.127864	0.145765
0.091908	0.154865
0.184945	0.394857
0.143393	0.149129
0.170863	0.309263
0.192653	0.463330
0.138107	0.263093
0.158327	0.430650
0.214099	0.472089
0.220849	0.655922
0.068150	0.198657
0.190047	0.212853
0.146067	0.208876
0.203316	0.619098
0.150819	0.250359
0.116033	0.151423
0.128078	0.159457
0.129375	0.265218
0.126605	0.169018
0.107934	0.116569
0.172606	0.307239
0.190122	0.347923
0.197827	0.400600
0.229803	0.494077
0.152599	0.147258
0.184566	0.261161
0.212852	0.664098
0.133561	0.145582
0.174266	0.298866
0.238090	0.514275
0.129524	0.112686
0.159760	0.169345
0.112161	0.124498
0.345295	1.790353
0.171522	0.327606
0.091869	0.127238
0.139914	0.152506
0.062662	0.100886
0.112530	0.198616
0.096794	0.205204
0.155516	0.387234
0.176202	0.294257
0.191239	0.348055
0.264431	0.481264
0.121131	0.237417
0.188489	0.289331
0.140777	0.127403
0.210130	0.505362
0.225991	0.277969
0.223984	0.201585
0.213595	0.553210
0.109003	0.112273
0.151658	0.132701
0.152816	0.333138
0.100376	0.157088
0.125568	0.327105
0.116888	0.354756
0.091465	0.109758
0.124842	0.163543
0.160564	0.288212
0.134751	0.269503
0.185227	0.790918
0.223729	0.592881
0.142465	0.235780
0.194087	0.371677
0.123638	0.137239
0.148136	0.224426
0.113414	0.106609
0.182620	0.214578
0.118021	0.221288
0.125927	0.270744
0.093919	0.155436
0.118532	0.164759
0.235509	0.407431
0.217377	0.565180
0.091897	0.178740
0.097848	0.136498
0.091718	0.150876
0.108181	0.155239
0.084834	0.155671
0.079441	0.169210
0.108581	0.143327
0.080729	0.146927
0.098359	0.149998
0.076081	0.316118
0.098357	0.202616
0.077347	0.133810
0.075730	0.144645
0.088023	0.425150
0.070637	0.346828
0.090650	0.256993
0.146890	0.243838
0.253817	0.586318
0.108662	0.110291
0.216097	0.171797
0.153940	0.282480
0.109766	0.152575
0.093585	0.241449
0.088598	0.243202
0.165884	0.500139
0.170172	0.639845
0.117659	0.180018
0.185700	0.493961
0.125045	0.223206
0.129770	0.197250
0.132704	0.309201
0.087691	0.240712
0.142198	0.140776
0.070244	0.123278
0.148850	0.787415
0.048624	0.115239
0.047246	0.108194
0.096761	0.138852
0.075547	0.148072
0.110367	0.312892
0.155041	0.248065
0.129372	0.273622
0.180797	0.199780
0.233530	0.611848
0.115875	0.148900
0.222175	0.474344
0.152667	0.261060
0.121241	0.210354
0.169947	0.301656
0.215058	1.062385
0.194435	0.276098
0.237445	1.227590
0.073093	0.137414
0.058513	0.100642
0.104266	0.123034
0.152212	0.349327
0.127201	0.223237
0.158879	0.244674
0.107889	0.263250
0.105809	0.204211
0.121710	0.219687
0.165804	0.193991
0.120228	0.106402
0.168244	0.228812
0.129137	0.177564
0.074047	0.109960
0.080723	0.157007
0.103520	0.113872
0.159114	0.293566
0.123142	0.111443
0.184973	0.290407
0.133945	0.226368
0.098159	0.144785
0.146614	0.241179
0.103619	0.110872
0.109152	0.142443
0.096238	0.215093
0.085399	0.119559
0.135346	0.496045
0.191520	0.795767
0.110377	0.205302
0.091305	0.188545
0.136092	0.232717
0.116923	0.223908
0.140655	0.222938
0.141981	0.291771
0.128190	0.208949
0.195784	0.579520
0.112066	0.194996
0.104339	0.130945
0.113468	0.173039
0.115961	0.154228
0.154969	0.329310
0.108838	0.213868
0.088654	0.117467
0.082316	0.151461
0.081006	0.134066
0.097527	0.179937
0.063193	0.138392
0.083393	0.185550
0.071925	0.166148
0.093666	0.149397
0.068332	0.195429
0.147962	0.188652
0.139343	0.198563
0.095864	0.138044
0.100682	0.201364
0.135477	0.221505
0.084109	0.120696
0.128222	0.155790
0.159672	0.297788
0.102426	0.116766
0.141402	0.239677
0.134582	0.113722
0.124965	0.223063
0.101283	0.285111
0.057412	0.091284
0.087638	0.151614
0.076938	0.136180
0.103753	0.607474
0.079171	0.117569
0.110381	0.283679
0.097830	0.178051
0.085796	0.133841
0.165898	0.177511
0.164596	0.418074
0.171834	0.160665
0.091988	0.146261
0.090346	0.119709
0.107989	0.169003
0.150354	0.363104
0.125868	0.247960
0.157072	0.274091
0.138113	0.287966
0.129028	0.274184
0.150124	0.217680
0.102211	0.157405
0.247202	0.804643
0.103986	0.142460
0.123371	0.255994
0.165276	0.439635
0.144623	0.277676
0.094587	0.148502
0.156291	0.407138
0.122951	0.140164
0.147434	0.262432
0.080447	0.137162
0.137596	0.408661
0.143065	0.194568
0.177272	0.219818
0.204645	0.285480
0.294819	0.589638
0.175715	0.243365
0.118781	0.131847
0.118809	0.118215
0.234573	0.450379
0.117426	0.155590
0.254435	0.527953
0.116295	0.169210
0.182225	0.174936
0.132894	0.213295
0.121200	0.115140
0.186522	0.325481
0.166575	0.308163
0.240555	0.517194
0.171859	0.298176
0.157802	0.144389
0.109876	0.253263
0.094288	0.138132
0.076077	0.122864
0.165169	0.594609
0.117717	0.215423
0.116520	0.123511
0.114820	0.238252
0.095047	0.143520
0.092233	0.201069
0.085493	0.156880
0.112967	0.326474
0.110645	0.149924
0.183761	0.269210
0.117475	0.173863
0.173110	0.470859
0.088474	0.155714
0.150234	0.272674
0.179412	0.303207
0.183741	0.178228
0.159427	0.207255
0.108646	0.141240
0.117454	0.131549
0.113475	0.191205
0.147249	0.311432
0.134579	0.188410
0.104106	0.172296
0.102313	0.100778
0.185740	0.381695
0.110480	0.111032
0.177913	0.255305
0.130559	0.142962
0.189482	0.369490
0.191783	0.210961
0.226108	0.482740
0.120719	0.276446
0.156291	0.174265
0.230220	0.414397
0.270642	0.653600
0.176138	0.211365
0.145196	0.256997
0.150523	0.219764
0.106573	0.144939
0.095587	0.121395
0.128794	0.388957
0.116647	0.100316
0.178457	0.276609
0.141724	0.313209
0.139562	0.228882
0.111448	0.133738
0.151292	0.197436
0.208262	0.516490
0.132523	0.234566
0.156699	0.373726
0.112682	0.150431
0.125549	0.180791
0.193860	0.285943
0.098376	0.124446
0.154000	0.238701
0.213685	0.212617
0.183092	0.224288
0.222497	0.311496
0.205555	0.165472
0.353756	0.916228
0.138772	0.108936
0.168881	0.139327
0.257510	0.193132
0.320246	0.411517
0.144443	0.122777
0.282913	0.517730
0.250187	0.570425
0.324716	0.431872
0.182761	0.219313
0.182356	0.345564
0.140961	0.173383
0.193098	0.264545
0.205441	0.332814
0.286921	0.480593
0.126255	0.126255
0.309544	0.574205
0.121448	0.100195
0.204362	0.188013
0.188698	0.293425
0.251401	0.471376
0.185618	0.425065
0.151139	0.225953
0.181090	0.389344
0.173939	0.185245
0.125136	0.115125
0.111600	0.146196
0.118577	0.105534
0.193449	0.267927
0.168952	0.355644
0.204781	0.436183
0.213112	0.504010
0.106458	0.170333
0.116323	0.249514
0.117683	0.247135
0.081537	0.180197
0.070665	0.155463
0.188186	0.328385
0.218765	0.308458
0.181841	0.298219
0.198042	0.253493
0.153199	0.143241
0.213453	0.165426
0.282831	0.530308
0.225418	0.166809
0.294537	0.625891
0.241032	0.703813
0.110632	0.134417
0.105055	0.203807
0.113449	0.236541
0.117017	0.131060
0.107804	0.185423
0.136162	0.228072
0.106262	0.130171
0.120632	0.254533
0.087372	0.260370
0.157403	0.344713
0.134164	0.401150
0.096803	0.247332
0.194082	1.654550
0.071710	0.308712
0.116088	0.392957
0.093739	0.171543
0.079267	0.162101
0.438037	0.269393
0.102587	0.236464
0.128885	0.342835
0.073245	0.090458
0.152555	0.224256
0.132993	0.195500
0.141048	0.267286
0.108851	0.181237
0.127006	0.193685
0.102263	0.193277
0.195148	0.626426
0.124830	0.245291
0.186934	0.424340
0.147957	0.361016
0.141847	0.224827
0.111835	0.119663
0.190626	0.411753
0.143971	0.231073
0.118845	0.139049
0.099849	0.181724
0.092524	0.122131
0.117207	0.233242
0.104445	0.276780
0.149074	0.342871
0.107119	0.171926
0.126946	0.307844
0.079118	0.113535
0.094133	0.190619
0.126592	0.222802
0.214388	0.383755
0.187904	0.221727
0.153862	0.263105
0.145209	0.177881
0.140421	0.249950
0.149796	0.347527
0.149476	0.324363
0.090143	0.194709
0.091779	0.136751
0.100243	0.265142
0.111640	0.161879
0.079542	0.145562
0.066741	0.189877
0.178624	0.534085
0.090039	0.166121
0.146904	0.303357
0.184426	0.459220
0.152116	0.168088
0.121564	0.131289
0.117833	0.164966
0.130292	0.186969
0.088940	0.159648
0.154562	0.285939
0.145577	0.417078
0.062267	0.148196
0.082306	0.116051
0.170333	0.248686
0.134601	0.286701
0.040746	0.160743
0.138185	0.141640
0.072937	0.125817
0.209776	0.449970
0.116545	0.297774
0.150280	0.275013
0.105279	0.189503
0.148042	0.458191
0.155825	0.437089
0.092865	0.136047
0.127862	0.196908
0.120018	0.220834
0.139045	0.241242
0.210898	0.390161
0.182350	0.248907
0.149393	0.216620
0.097407	0.150980
0.117438	0.259538
0.098581	0.117804
0.103493	0.201812
0.168189	0.509613
0.099409	0.155575
0.049122	0.100946
0.106596	0.169488
0.242541	0.514187
0.184552	0.304510
0.254734	0.433047
0.143160	0.145307
0.191880	0.409663
0.075562	0.112209
0.156315	0.624480
0.078937	0.111696
