Velocity(m/s)	Chord(mm)
0.111215	0.274145
0.252052	0.799004
0.289984	0.523422
0.213620	0.959154
0.072536	0.097924
0.103942	0.328456
0.087544	0.126939
0.095216	0.294694
0.079009	0.116143
0.141378	0.475737
0.189161	0.458715
0.108235	0.123929
0.102352	0.109005
0.137331	0.142824
0.273488	1.003700
0.201687	0.337825
0.158102	0.144663
0.198274	0.394565
0.121925	0.211540
0.120452	0.446274
0.050132	0.107784
0.096039	0.223771
0.102275	0.302735
0.105173	0.190364
0.147853	0.221040
0.158757	0.323865
0.164742	0.272649
0.184849	0.253243
0.144334	0.124849
0.128562	0.143347
0.219054	0.236578
0.226205	0.497650
0.099859	0.140802
0.236208	0.579890
0.152731	0.390228
0.277558	0.356663
0.206999	0.224594
0.217035	0.268039
0.127573	0.104610
0.221423	0.340991
0.163254	0.251411
0.155492	0.286882
0.244913	0.655141
0.082163	0.091612
0.326616	0.695692
0.201785	0.449980
0.234225	0.839696
0.179378	0.287004
0.098046	0.129911
0.195525	0.431132
0.112545	0.127739
0.183230	0.362795
0.177546	0.267207
0.216703	0.479997
0.123120	0.233928
0.219120	0.610250
0.154775	0.309550
0.253133	0.651818
0.187800	0.177471
0.104257	0.164204
0.250511	0.392049
0.165598	0.197890
0.100871	0.122558
0.227097	0.241858
0.162799	0.292224
0.139950	0.180536
0.170103	0.383582
0.131451	0.366750
0.137070	0.233020
0.155760	0.293608
0.111693	0.174241
0.161964	0.193547
0.216013	0.309978
0.163186	0.231724
0.190540	0.252466
0.283303	0.596354
0.140188	0.152104
0.227965	0.606387
0.123161	0.119466
0.126523	0.301125
0.096147	0.200467
0.110697	0.208110
0.109115	0.171856
0.136622	0.236355
0.143936	0.164806
0.116586	0.189453
0.224246	0.339732
0.186513	0.333859
0.289553	0.473419
0.202061	0.552636
0.179192	0.344945
0.092888	0.100320
0.159360	0.256570
0.236516	0.500231
0.108105	0.195130
0.142788	0.119942
0.245531	0.592957
0.208637	0.462131
0.220022	0.320132
0.178267	0.233530
0.147969	0.242669
0.234173	0.391069
0.224952	0.307060
0.186467	0.214437
0.237729	0.376801
0.170449	0.229254
0.225978	0.389812
0.164679	0.148211
0.170064	0.183669
0.243977	0.453797
0.147160	0.180270
0.123534	0.241508
0.163133	0.341764
0.177914	0.265982
0.180775	0.198853
0.239888	0.518157
0.307284	0.523920
0.173963	0.322701
0.109356	0.101154
0.111681	0.165846
0.109703	0.263835
0.127222	0.218821
0.133018	0.369791
0.160018	0.296833
0.136726	0.392402
0.107130	0.282822
0.129495	0.396254
0.121946	0.210357
0.155935	0.305632
0.114061	0.289145
0.161633	0.306295
0.136927	0.342318
0.094740	0.341064
0.112420	0.182682
0.126356	0.418239
0.127554	0.202173
0.168679	0.351697
0.121035	0.133139
0.066560	0.116148
0.224265	0.969947
0.218035	0.498210
0.105756	0.114746
0.178910	0.198590
0.175344	0.319127
0.079480	0.177637
0.082660	0.137216
0.153974	0.296400
0.182756	0.529993
0.158522	0.206871
0.119144	0.155483
0.180483	0.416013
0.061782	0.138701
0.091812	0.109256
0.096685	0.192404
0.166027	0.195912
0.132883	0.152815
0.125040	0.260709
0.074389	0.146175
0.173647	0.311697
0.209710	0.256895
0.137110	0.189898
0.120912	0.354272
0.153476	0.343018
0.087580	0.159833
0.113942	0.275170
0.141675	0.262807
0.123067	0.205522
0.145947	0.180244
0.116923	0.211046
0.126482	0.130276
0.123272	0.380296
0.134366	0.300308
0.146809	0.175437
0.187967	0.420106
0.086382	0.198246
0.059398	0.088503
0.099178	0.111575
0.115666	0.183330
0.201134	0.361035
0.187432	0.284897
0.108487	0.192022
0.123440	0.157386
0.183142	0.271049
0.098354	0.109173
0.096514	0.179517
0.093192	0.232048
0.107297	0.192597
0.099782	0.151170
0.065891	0.099824
0.112089	0.127221
0.202599	0.250210
0.190958	0.307442
0.124816	0.158516
0.065703	0.110709
0.136741	0.247501
0.142148	0.289271
0.155683	0.263104
0.137722	0.214847
0.199455	0.494648
0.159412	0.255856
0.109468	0.139572
0.176095	0.211314
0.251362	0.549225
0.216150	0.217230
0.229111	0.252022
0.180425	0.215608
0.159022	0.197187
0.086460	0.114127
0.211032	0.264845
0.208519	0.365950
0.273695	0.665080
0.199119	0.334521
0.189982	0.241277
0.237349	0.380945
0.133458	0.092086
0.208152	0.242497
0.141180	0.155298
0.293648	0.879476
0.209320	0.176876
0.259262	0.442043
0.229473	0.340768
0.327481	0.802329
0.259764	0.151962
0.193407	0.232089
0.199486	0.317182
0.165083	0.170036
0.384554	1.540140
0.225912	0.377273
0.258003	0.340564
0.223759	0.396053
0.231251	0.202344
0.196962	0.225522
0.297712	0.683249
0.338821	0.647148
0.160050	0.190459
0.275653	0.545792
0.198499	0.141927
0.287761	0.637390
0.194215	0.161199
0.211830	0.368583
0.189121	0.247748
0.194333	0.228341
0.264695	0.469833
0.339601	0.322621
0.265812	0.352201
0.249100	0.168142
0.263017	0.373485
0.239439	0.266975
0.279034	0.320889
0.291487	0.349784
0.345449	0.457720
0.231154	0.219596
0.254736	0.171947
0.239881	0.269866
0.239818	0.372916
0.182595	0.218201
0.187461	0.297126
0.375371	1.246230
0.244915	0.307368
0.391400	0.575358
0.210057	0.294080
0.355266	0.397898
0.263696	0.408728
0.189865	0.208852
0.294008	0.637997
0.224591	0.428968
0.226540	0.241266
0.202675	0.134779
0.218610	0.297310
0.239357	0.190289
0.304534	0.628862
0.156485	0.109540
0.159177	0.142463
0.183411	0.162319
0.332307	0.551629
0.257367	0.307553
0.320053	0.548892
0.197935	0.321645
0.192549	0.234909
0.156212	0.104662
0.154819	0.164883
0.292922	0.266559
0.217495	0.187046
0.226740	0.213135
0.228304	0.418937
0.138317	0.116186
0.097895	0.185512
0.156011	0.127929
0.276957	0.877953
0.185292	0.235320
0.171449	0.177450
0.220671	0.485476
0.207097	0.382093
0.166175	0.460304
0.103070	0.190680
0.204873	0.525499
0.170125	0.284109
0.144177	0.278983
0.130063	0.339465
0.198732	0.161967
0.156719	0.141047
0.201697	0.380199
0.237596	0.470441
0.178418	0.176633
0.134245	0.169149
0.163533	0.230582
0.170202	0.375294
0.231502	0.467635
0.309860	0.774650
0.329027	0.422800
0.268861	0.342798
0.392144	1.045063
0.254616	0.260982
0.228340	0.385894
0.194569	0.323957
0.229417	0.256947
0.266881	0.397653
0.233652	0.283887
0.129011	0.118045
0.221157	0.413563
0.253664	0.720406
0.253191	0.651966
0.234905	0.398164
0.184700	0.430351
0.191497	0.346609
0.112643	0.149252
0.127136	0.157648
0.119998	0.195597
0.099190	0.175567
0.275775	0.914194
0.179318	0.266287
0.174936	0.225667
0.148021	0.160603
0.194442	0.508465
0.198846	0.441439
0.178909	0.460690
0.123135	0.394648
0.140351	0.230175
0.132928	0.214679
0.092225	0.177534
0.153271	0.285850
0.094738	0.192317
0.060536	0.179186
0.111402	0.202752
0.140790	0.388579
0.136545	0.398030
0.141795	0.175117
0.138992	0.266865
0.107744	0.237037
0.055036	0.111447
0.092633	0.329309
0.094740	0.233535
0.108816	0.173562
0.088076	0.251017
0.093701	0.167724
0.080952	0.310449
0.069909	0.201689
0.082229	0.113065
0.079126	0.174867
0.084699	0.159234
0.122321	0.171861
0.155399	0.226883
0.092055	0.202981
0.126981	0.169519
0.149788	0.371473
0.146267	0.274251
0.109059	0.153229
0.122650	0.209118
0.116581	0.273966
0.072279	0.161181
0.130141	0.245316
0.162995	0.317839
0.060220	0.105386
0.045928	0.087264
0.080709	0.163839
0.096947	0.152207
0.049557	0.122158
0.094588	0.211404
0.073523	0.167633
0.088205	0.113344
0.057949	0.150956
0.116984	0.172552
0.427706	4.623499
0.079897	0.242087
0.117064	0.234127
0.072625	0.091144
0.099398	0.113810
0.139927	0.240674
0.165790	0.794963
0.083709	0.192111
0.143604	1.103599
0.104347	0.223303
0.154084	0.452237
0.119315	0.153916
0.176459	0.292040
0.122105	0.136147
0.178216	0.310096
0.210448	0.271478
0.152166	0.195533
0.138546	0.170411
0.139059	0.166175
0.236464	0.433911
0.213839	0.632962
0.143742	0.201239
0.095434	0.147445
0.129822	0.291451
0.167117	0.156254
0.073035	0.157756
0.056618	0.108706
0.127618	0.186322
0.139710	0.285707
0.088853	0.102626
0.145090	0.182088
0.137725	0.183174
0.163677	0.444382
0.116806	0.142503
0.150840	0.165170
0.274186	1.162550
0.138756	0.162344
0.121729	0.169203
0.257924	1.285751
0.209655	0.405682
0.127036	0.168958
0.163418	0.154430
0.247663	0.276144
0.185068	0.144353
0.202726	0.401398
0.102086	0.155681
0.170051	0.525456
0.254194	0.537621
0.143675	0.250714
0.188927	0.406192
0.120368	0.190181
0.139680	0.264693
0.181842	0.333681
0.154057	0.187949
0.078731	0.121246
0.179707	0.329762
0.164343	0.379633
0.186752	0.329617
0.199649	0.394307
0.104202	0.196941
0.098115	0.206042
0.137305	0.183302
0.105802	0.179864
0.107190	0.095399
0.113905	0.136686
0.183901	0.259300
0.227927	0.520813
0.247362	0.301782
0.313884	0.693683
0.170218	0.121706
0.196587	0.203467
0.334612	0.463438
0.212604	0.107365
0.273370	0.116182
0.314756	0.475281
0.121586	0.145296
0.236580	0.372613
0.109682	0.184265
0.134097	0.215226
0.153349	0.251492
0.132852	0.318179
0.130886	0.197638
0.133334	0.232001
0.111853	0.171694
0.162315	0.319760
0.209458	0.468139
0.135065	0.195844
0.161008	0.174694
0.174177	0.244718
0.156223	0.183562
0.231090	0.545371
0.194530	0.387114
0.103731	0.221984
0.128009	0.184333
0.121177	0.148441
0.239851	0.369370
0.114979	0.121303
0.136003	0.218965
0.089775	0.112668
0.163658	0.230758
0.100928	0.230117
0.115859	0.281537
0.073182	0.087452
0.107494	0.161240
0.162587	0.131695
0.146969	0.255727
0.193042	0.466197
0.145515	0.141149
0.160189	0.343605
0.074444	0.105339
0.166067	0.185995
0.176280	0.608165
0.124726	0.142811
0.176329	0.280364
0.212273	0.644250
0.118474	0.154017
0.187278	0.279044
0.106248	0.132809
0.118931	0.123688
0.190139	0.167322
0.160773	0.153538
0.135604	0.284769
0.225551	0.179313
0.191748	0.343229
0.149773	0.322012
0.146050	0.236601
0.161499	0.297158
0.117693	0.155355
0.117119	0.203202
0.199058	0.269723
0.219510	0.362191
0.150287	0.218668
0.191729	0.308684
0.158047	0.181754
0.150252	0.239652
0.201989	0.419126
0.195462	0.244328
0.250268	0.495530
0.117214	0.107251
0.190008	0.158657
0.157431	0.150347
0.107207	0.128112
0.146778	0.178335
0.204804	0.150531
0.164335	0.202132
0.062891	0.100312
0.199101	0.339467
0.130183	0.164682
0.111290	0.308272
0.124862	0.281564
0.134677	0.239725
0.149740	0.248569
0.148533	0.204976
0.126146	0.128038
0.226406	0.319232
0.187573	0.189449
0.222118	0.302080
0.195716	0.260303
0.196166	0.272671
0.254600	0.364077
0.128719	0.124214
0.232294	0.227648
0.200129	0.473306
0.143863	0.238094
0.204109	0.278608
0.163102	0.270750
0.163423	0.432253
0.130521	0.306725
0.134825	0.252123
0.183570	0.257916
0.116572	0.097338
0.127494	0.184866
0.092927	0.103613
0.125144	0.171448
0.120612	0.121215
0.217728	0.292844
0.161177	0.352172
0.153400	0.145730
0.193086	0.294455
0.173731	0.197184
0.171717	0.327980
0.184852	0.334582
0.146243	0.343671
0.267733	0.519403
0.120318	0.118513
0.224682	0.277482
0.219493	0.478495
0.226072	0.253201
0.154029	0.249527
0.286624	0.255096
0.244799	0.471237
0.153850	0.137696
0.164617	0.144040
0.151457	0.165845
0.095912	0.146746
0.142131	0.226699
0.139107	0.276823
0.177514	0.235206
0.169421	0.310040
0.172488	0.155239
0.179750	0.172560
0.170345	0.298956
0.164856	0.243987
0.145463	0.224740
0.166064	0.227508
0.228808	0.356941
0.095301	0.125321
0.116172	0.275908
0.127233	0.213752
0.073098	0.123536
0.084020	0.127290
0.141348	0.139228
0.156575	0.259914
0.197420	0.528098
0.136918	0.149926
0.117329	0.205326
0.082740	0.112113
0.197822	0.572695
0.124266	0.214358
0.119543	0.265982
0.176594	0.305507
0.096655	0.134834
0.111508	0.159456
0.080503	0.135647
0.089905	0.192847
0.166112	0.191029
0.161432	0.230847
0.131589	0.146722
0.095680	0.096158
0.125372	0.208745
0.217681	0.863105
0.096179	0.168793
0.110526	0.217183
0.091947	0.158150
0.098887	0.163658
0.099101	0.286401
0.097025	0.194050
0.121214	0.190306
0.143917	0.212997
0.079175	0.142912
0.155588	0.234937
0.133313	0.141311
0.127095	0.130273
0.089543	0.151776
0.116438	0.183390
0.151491	0.290106
0.127039	0.251537
0.049680	0.083960
0.168602	0.228456
0.138203	0.125765
0.098208	0.157133
0.128457	0.174702
0.139323	0.199929
0.097565	0.138055
0.207137	0.419453
0.180555	0.344859
0.237623	0.951680
0.106639	0.497472
0.134048	0.160188
0.156707	0.288341
0.115917	0.115917
0.129981	0.124781
0.177982	0.232267
0.155155	0.205580
0.126609	0.196876
0.171059	0.251456
0.138268	0.291054
0.109901	0.263212
0.140438	0.512600
0.122963	0.252074
0.208795	0.380006
0.181519	0.626242
0.228675	0.459637
0.223330	0.333879
0.158312	0.260423
0.141525	0.226439
0.272031	0.534542
0.102651	0.137039
0.200375	0.190356
0.283969	0.567938
0.243659	0.225384
0.201669	0.397288
0.164993	0.144369
0.220549	0.294433
0.227306	0.514848
0.262734	1.091661
0.152113	0.347579
0.228984	0.271346
0.070182	0.109484
0.099627	0.235618
0.083514	0.134458
0.091169	0.181426
0.064583	0.118186
0.161939	0.209711
0.083176	0.301931
0.084660	0.101592
0.094956	0.121069
0.224025	0.314755
0.147143	0.239107
0.163183	0.219481
0.082235	0.085524
0.115560	0.266943
0.085139	0.110256
0.189809	0.223026
0.215844	0.598967
0.107354	0.160494
0.164515	0.197417
0.258716	0.606690
0.217442	0.449018
0.297629	0.750024
0.284215	0.314057
0.176633	0.143072
0.133525	0.148213
0.152398	0.147064
0.133326	0.137325
0.198659	0.256270
0.157289	0.136842
0.177594	0.254847
0.137359	0.130491
0.171324	0.288681
0.276420	0.480970
0.139459	0.209886
0.237077	0.483638
0.254531	0.642690
0.120334	0.138384
0.165398	0.138107
0.276855	0.430509
0.295329	0.729463
0.196347	0.325936
0.247158	0.489373
0.151947	0.265147
0.131990	0.213164
0.216614	0.184122
0.199683	0.173724
0.184420	0.529285
0.101350	0.103884
0.213396	0.456668
0.283364	0.456216
0.236020	0.411855
0.119315	0.131246
0.315700	0.999192
0.196660	0.366771
0.160033	0.148831
0.261062	0.426837
0.181058	0.222701
0.164491	0.205614
0.254066	0.445886
0.309363	1.195690
0.179722	0.188708
0.204495	0.592014
0.170059	0.187916
0.164487	0.523067
0.078778	0.222154
0.140066	0.227608
0.238200	0.397793
0.279802	0.681318
0.125566	0.234181
0.132191	0.288177
0.096172	0.167340
0.094525	0.253327
0.069599	0.112055
0.114816	0.269244
0.246556	1.843007
0.062298	0.095939
0.092083	0.112342
0.107098	0.144582
0.140267	0.119227
0.154847	0.172655
0.159009	0.275085
0.143523	0.268387
0.085234	0.213937
0.100938	0.166547
0.143691	0.259362
0.139319	0.224304
0.214226	0.297774
0.139014	0.122332
0.212052	0.237499
0.155103	0.238083
0.213110	0.486956
0.182577	0.263823
0.156954	0.181282
0.139780	0.311011
0.161418	0.302659
0.179536	0.331244
0.114655	0.267146
0.092741	0.287032
0.121448	0.230752
0.150373	0.375933
0.152933	0.183520
0.171067	0.206136
0.261671	2.097297
0.169308	0.394489
0.157652	0.323186
0.110917	0.173031
0.127118	0.212923
0.124184	0.129152
0.174516	0.666652
0.083472	0.131050
0.091570	0.156127
0.083148	0.127632
0.080330	0.130134
0.092571	0.210136
0.123238	0.216282
0.125361	0.340354
0.096753	0.171253
0.131078	0.194651
0.125084	0.216396
0.127183	0.301423
0.149091	0.143873
0.120672	0.164115
0.146599	0.295397
0.220141	0.397355
0.128589	0.147877
0.130920	0.159068
0.227844	0.513788
0.135151	0.476407
0.095325	0.426579
0.175433	0.174556
0.170085	0.250876
0.273368	0.388182
0.216287	0.284417
0.283944	0.495482
0.234867	0.277143
0.271662	0.209180
0.155644	0.176656
0.154427	0.178363
0.097411	0.122251
0.199176	0.337603
0.125466	0.201373
0.161148	0.250585
0.193879	0.192910
0.128642	0.156944
0.187160	0.215234
0.218794	0.403674
0.098225	0.110503
0.137059	0.206959
0.189348	0.653249
0.088714	0.142829
0.219732	2.621407
0.190448	0.187591
0.151337	0.373803
0.131579	0.195395
0.224832	0.460906
0.171357	0.302445
0.195667	0.200558
0.167882	0.199780
0.211505	0.453679
0.253833	0.652352
0.222391	0.390295
0.289791	0.457869
0.325722	0.328980
0.215165	0.183966
0.298553	0.526946
0.255317	0.238722
0.304388	0.531156
0.202810	0.161234
0.285480	0.179852
0.277407	0.173380
0.199301	0.148479
0.219031	0.261742
0.285405	0.462356
0.257759	0.176565
0.260887	0.177403
0.325918	0.446507
0.263618	0.209576
0.292214	0.390106
0.253931	0.276785
0.135948	0.116916
0.241270	0.244889
0.257078	0.367622
0.201289	0.183173
0.236627	0.191668
0.293152	0.426536
0.216843	0.207085
0.324256	0.697149
0.232252	0.224123
0.238743	0.335434
0.208753	0.146127
0.257463	0.245877
0.273018	0.354923
0.258598	0.442202
0.260133	0.264035
0.317570	0.438247
0.206189	0.252582
0.196685	0.299945
0.251398	0.265225
0.228299	0.171224
0.293528	0.475515
0.248042	0.296410
0.378531	1.005001
0.343357	0.628344
0.216374	0.209882
0.252232	0.200525
0.250922	0.425313
0.307388	0.442638
0.269754	0.366866
0.220216	0.352346
0.207669	0.312543
0.234683	0.273406
0.195099	0.248751
0.330307	0.193230
0.285241	0.503450
0.331193	0.587868
0.204385	0.250372
0.219050	0.154430
0.154869	0.141705
0.238014	0.260625
0.251036	0.571106
0.313178	0.568419
0.197071	0.204954
0.315061	1.001894
0.336053	0.441910
0.209486	0.159210
0.389438	0.465378
0.341047	0.610473
0.236936	0.244044
0.124432	0.090835
0.319791	0.426921
0.223259	0.166328
0.206619	0.260340
0.186575	0.258406
0.240131	0.331381
0.206606	0.154955
0.345154	0.201915
0.154552	0.166916
0.176613	0.174846
0.249726	0.309660
0.090035	0.089135
0.219993	0.596180
0.188636	0.170716
0.164663	0.174543
0.213288	0.292205
0.174975	0.334203
0.094264	0.095207
0.178708	0.227852
0.161982	0.302096
0.123856	0.126953
0.254337	0.712144
0.252170	0.278648
0.167950	0.358574
0.196550	0.256498
0.155317	0.340921
0.235105	0.494896
0.174376	0.314748
0.297471	0.670796
0.121895	0.140789
0.193545	0.298059
0.222339	0.380200
0.106650	0.171707
0.164346	0.212827
0.154539	0.172311
0.119068	0.178007
0.146337	0.305113
0.066711	0.095397
0.239737	0.692839
0.224020	0.305788
0.264121	0.624646
0.208464	0.627478
0.082086	0.141598
0.203329	0.343625
0.200550	0.628724
0.186889	0.592437
0.188997	0.171043
0.168498	0.155018
0.162204	0.281423
0.196567	0.148408
0.201364	0.177201
0.178440	0.185577
0.214878	0.369591
0.160680	0.256285
0.205749	0.330226
0.141474	0.161280
0.121370	0.138362
0.158138	0.222975
0.174208	0.502591
0.107819	0.156338
0.119554	0.195470
0.101294	0.142318
0.236783	1.103410
0.171516	0.410782
0.191710	0.293317
0.134774	0.251354
0.074295	0.146732
0.256434	0.412859
0.221138	0.434536
0.170907	0.229870
0.127245	0.234768
0.068135	0.123665
0.103536	0.178082
0.082181	0.172992
0.078658	0.178554
0.130396	0.267963
0.181877	0.655665
0.140720	0.336322
0.108709	0.245139
0.135358	0.279515
0.311039	1.860011
0.132613	0.287770
0.228284	0.404062
0.146427	0.305300
0.141929	0.233473
0.102344	0.173985
0.102717	0.192594
0.142305	0.273937
0.094185	0.141277
0.099502	0.146766
0.087674	0.146853
0.076664	0.116912
0.098914	0.182991
0.140908	0.288860
0.137768	0.280358
0.106479	0.120854
0.065466	0.093289
0.136877	0.288126
0.178146	0.490793
0.094029	0.165020
0.089710	0.116623
0.203065	0.390901
0.090031	0.129194
0.187283	0.323062
0.124512	0.118286
0.241636	0.407156
0.239922	0.705370
0.199128	0.406221
0.123154	0.169337
0.128073	0.202356
0.205184	0.354969
0.198223	0.184347
0.102134	0.106220
0.182098	0.215786
0.228538	0.151978
0.182145	0.173038
0.135110	0.231038
0.148342	0.263308
0.195911	0.211584
0.138856	0.274934
0.097647	0.223124
0.080886	0.134270
0.097859	0.102752
0.236598	0.179815
0.378896	0.528560
0.272243	0.317163
0.284937	0.632559
0.249532	0.237055
0.157781	0.130958
0.219574	0.262391
0.167205	0.169713
0.330686	0.618384
0.166551	0.204857
0.305300	1.129610
0.205067	0.209168
0.238887	0.510023
0.241551	0.565230
0.210681	0.186453
0.199111	0.290702
0.171695	0.149375
0.165292	0.257028
0.171641	0.169924
0.182764	0.220230
0.193084	0.377479
0.156733	0.258610
0.107019	0.242399
0.099378	0.124720
0.170677	0.226147
0.342102	1.460774
0.301487	0.565289
0.123414	0.136990
0.239028	0.285639
0.170375	0.216377
0.227135	0.204421
0.206010	0.218370
0.174451	0.139560
0.238993	0.327420
0.185639	0.155936
0.310515	1.290190
0.258693	0.832992
0.224304	0.338699
0.138911	0.276434
0.129890	0.226659
0.188742	0.185911
0.124799	0.204670
0.193464	0.326954
0.168856	0.201783
0.246293	1.199445
0.158387	0.284304
0.152220	0.205497
0.165071	0.354076
0.225020	0.289151
0.157689	0.197111
0.144650	0.167071
0.193155	0.161284
0.118217	0.114079
0.154816	0.260866
0.093264	0.112383
0.126750	0.223713
0.167204	0.309327
0.123181	0.118254
0.303991	1.063968
0.210179	0.570637
0.227958	0.265571
0.168960	0.225561
0.146149	0.131534
0.233648	0.502343
0.183518	0.176177
0.191520	0.294941
0.258014	0.557310
0.148361	0.135751
0.300560	0.545516
0.222152	0.388766
0.223152	0.301255
0.246091	0.346989
0.162015	0.166875
0.155816	0.198665
0.292398	0.571639
0.202325	0.307534
0.172714	0.161488
0.198321	0.192371
0.127382	0.244573
0.159317	0.253313
0.111575	0.146721
0.072265	0.103339
0.225175	0.396308
0.340757	1.274431
0.174322	0.210058
0.316046	1.340036
0.198794	0.327015
0.154689	0.131486
0.157330	0.276114
0.114095	0.183123
0.093160	0.113656
0.090735	0.198256
0.156408	0.286227
0.136597	0.394082
0.182503	0.438920
0.120945	0.180813
0.102507	0.216290
0.186135	0.183343
0.153365	0.280658
0.226218	0.286166
0.152643	0.283915
0.101039	0.104070
0.233679	0.556157
0.252788	0.403196
0.465302	4.283104
0.241431	0.154516
0.295965	0.366997
0.173334	0.357067
0.090073	0.142765
0.085594	0.147222
0.136574	0.211007
0.205749	0.419727
0.234124	0.917766
0.212760	0.439350
0.098956	0.147939
0.126144	0.171556
0.148042	0.221323
0.193517	0.220610
0.234000	0.445770
0.272457	0.434568
0.115911	0.123446
0.238520	0.331543
0.249134	0.189342
0.278010	0.414235
0.278332	0.410539
0.274435	0.388326
0.296657	0.473168
0.147698	0.114466
0.263304	0.968957
0.166870	0.176883
0.346271	0.389555
0.243879	0.252415
0.136321	0.131550
0.257776	0.157243
0.411832	0.784541
0.324669	0.329539
0.370165	0.425689
0.259439	0.195876
0.514200	0.419073
0.270093	0.217425
0.160474	0.126774
0.566693	0.864206
0.596422	0.855866
0.251829	0.125915
0.524487	0.380253
0.354049	0.453183
0.282781	0.180980
0.421410	1.110415
0.438247	0.392231
0.284284	0.146406
0.362820	0.415429
0.215167	0.146314
0.314081	0.293665
0.233587	0.179862
0.304906	0.339971
0.398619	0.747410
0.270890	0.150344
0.314559	0.600808
0.194958	0.154992
0.297504	0.392706
0.242082	0.318338
0.280633	0.564073
0.225934	0.571612
0.172697	0.303947
0.193912	0.246268
0.244027	0.584444
0.205116	0.379464
0.179417	0.336406
0.136460	0.201279
0.202221	0.813939
0.124439	0.156794
0.124250	0.243529
0.193507	0.253495
0.174093	0.206300
0.269514	0.293771
0.137799	0.161914
0.180491	0.259005
0.252684	0.347440
0.139265	0.143443
0.147022	0.188188
0.201729	0.170461
0.202031	0.358605
0.118758	0.188231
0.098752	0.142697
0.086423	0.127041
0.266328	2.173235
0.100531	0.113097
0.102562	0.174356
0.149521	0.245215
0.091643	0.099891
0.094926	0.141440
0.115259	0.144074
0.093846	0.133730
0.111745	0.178792
0.131491	0.280733
0.145267	0.368978
0.208828	0.519983
0.133010	0.158947
0.148802	0.290908
0.157658	0.346848
0.151510	0.259082
0.205430	0.513574
0.190709	0.432911
0.142059	0.184677
0.216541	0.370285
0.176609	0.314363
0.206755	0.470368
0.177752	0.378612
0.087169	0.236229
0.086648	0.216621
0.116260	0.216826
0.112237	0.130756
0.211443	0.456718
0.119943	0.260275
0.141991	0.293211
0.165779	0.271049
0.125526	0.281806
0.097507	0.212565
0.134798	0.240615
0.141759	0.283518
0.117320	0.286262
0.079058	0.137562
0.082475	0.142270
0.144219	0.256709
0.118754	0.118160
0.132771	0.133435
0.136052	0.278226
0.179764	0.617490
0.147038	0.141892
0.106046	0.119302
0.157800	0.354260
0.153601	0.283393
0.107807	0.136375
0.122924	0.138289
0.138489	0.158570
0.114111	0.124381
0.186223	0.495352
0.087407	0.135917
0.110827	0.134655
0.205110	0.536363
0.141667	0.265626
0.101729	0.224313
0.178016	0.818876
0.218635	0.373866
0.150725	0.289391
0.145677	0.408625
0.102021	0.170885
0.136771	0.317310
0.133568	0.308543
0.160129	0.237792
0.110819	0.191716
0.152729	0.305458
0.098506	0.136923
0.152227	0.356211
0.118099	0.161205
0.142374	0.289019
0.094060	0.181536
0.122017	0.213530
0.084240	0.175641
0.077587	0.235089
0.071323	0.149778
0.122406	0.424137
0.185714	0.364929
0.173977	0.231389
0.107912	0.194781
0.101218	0.236849
0.109918	0.150038
0.133141	0.169754
0.136462	0.208786
0.135741	0.335280
0.080037	0.160074
0.093462	0.348148
0.116862	0.253592
0.196070	0.801927
0.136293	0.225564
0.187903	0.382382
0.150312	0.189393
0.097992	0.170995
0.146946	0.290953
0.191591	0.295051
0.253806	0.621824
0.235502	0.380336
0.167527	0.220298
0.267395	0.824913
0.212408	0.391892
0.192032	0.398467
0.162831	0.411148
0.146110	0.299525
0.168558	0.321946
0.113971	0.144743
0.117771	0.128960
0.164758	0.278440
0.123282	0.154102
0.186731	0.439751
0.150707	0.276548
0.113894	0.170272
0.111515	0.138279
0.133126	0.300199
0.224051	0.888361
0.074556	0.114443
0.148827	0.293189
0.110205	0.160348
0.078375	0.186141
0.137804	0.172944
0.126167	0.315418
0.080700	0.173102
0.175731	0.270626
0.184734	0.519102
0.193287	0.228078
0.186591	0.253764
0.139537	0.092792
0.185178	0.273137
0.148978	0.256242
0.233880	0.239727
0.193396	0.159552
0.275873	0.495192
0.137548	0.147864
0.188261	0.406644
0.245828	0.502717
0.250016	0.312520
0.238176	0.427527
0.200387	0.367710
0.169540	0.370445
0.132665	0.213591
0.134930	0.186203
0.120920	0.139058
0.216069	0.290613
0.154931	0.392750
0.149382	0.292788
0.244384	0.624400
0.232758	0.195517
0.177180	0.131999
0.186318	0.152781
0.186341	0.148141
0.223406	0.194363
0.281663	0.645009
0.192371	0.155821
0.269206	0.454958
0.323152	0.315073
0.275440	0.418669
0.334019	0.786614
0.205811	0.314890
0.169022	0.156346
0.191653	0.172488
0.211276	0.160570
0.228562	0.223991
0.191517	0.164705
0.156277	0.188314
0.225422	0.544395
0.213754	0.302462
0.224289	0.384656
0.124144	0.182491
0.175038	0.317693
0.116748	0.132509
0.207697	0.486012
0.142409	0.270577
0.111012	0.159303
0.122100	0.186813
0.180712	0.200590
0.161295	0.294363
0.124439	0.171726
0.208053	0.472281
0.167229	0.270075
0.068935	0.127875
0.097459	0.227080
0.053450	0.119995
0.134485	0.392024
0.112642	0.219089
0.088981	0.135251
0.174085	0.493532
0.129031	0.223868
0.170748	0.451628
0.150454	0.227185
0.085924	0.146071
0.083095	0.103453
0.149446	0.346715
0.088750	0.132237
0.116531	0.163726
0.100101	0.165668
0.131883	0.362677
0.098588	0.135558
0.143788	0.225028
0.124006	0.241811
0.125771	0.213811
0.137572	0.195352
0.157041	0.469553
0.173897	0.246934
0.214115	0.460347
0.158504	0.205262
0.185618	0.233878
0.231408	0.341326
0.162538	0.161725
0.300314	0.471493
0.164712	0.189419
0.276117	0.328579
0.238136	0.182174
0.345256	0.421212
0.329744	0.305013
0.395054	0.381227
0.161221	0.127364
0.354764	0.454099
0.357133	0.448202
0.359367	0.436631
0.272808	0.249619
0.286452	0.441135
0.260371	0.438725
0.246633	0.308292
0.253612	0.607402
0.202119	0.189992
0.230150	0.247411
0.262194	0.705302
0.291855	0.497613
0.200224	0.225252
0.220384	0.323964
0.331902	0.921027
0.167932	0.193962
0.269021	0.356452
0.144107	0.123212
0.251291	0.179673
0.254083	0.458620
0.212085	0.273590
0.257828	0.333887
0.230209	0.202584
0.231692	0.517831
0.233423	0.541541
0.197292	0.304817
0.141545	0.114652
0.192758	0.164808
0.237108	0.335508
0.160201	0.165808
0.167001	0.194557
0.230685	0.318345
0.318408	0.714826
0.196191	0.219734
0.268313	0.340757
0.209951	0.139617
0.239627	0.245617
0.176584	0.181882
0.194781	0.243477
0.311404	0.541842
0.140042	0.134440
0.350026	0.295772
0.298814	0.318237
0.209473	0.303736
0.189269	0.174127
0.312680	0.329878
0.292172	0.559509
0.206019	0.236922
0.208451	0.230339
0.199450	0.129642
0.315020	0.472530
0.477381	0.859286
0.381403	0.389031
0.306922	0.446571
0.321662	0.284671
0.266574	0.369204
0.234532	0.206388
0.203511	0.137370
0.365893	0.437242
0.200038	0.262050
0.183282	0.343653
0.175190	0.220739
0.103629	0.126427
0.251478	0.399850
0.168686	0.210857
0.194768	0.381746
0.136142	0.186515
0.169673	0.218029
0.274156	0.267303
0.238930	0.475471
0.356277	0.386560
0.380540	0.749664
0.211361	0.194452
0.196800	0.122016
0.250847	0.388813
0.256555	0.330955
0.312283	0.277932
0.283616	0.242492
0.155627	0.129949
0.322276	0.365783
0.200955	0.122582
0.328508	0.172467
0.450984	0.969615
0.391900	0.532984
0.141538	0.109692
0.204276	0.195083
0.346375	0.439896
0.225300	0.256842
0.169976	0.181874
0.415368	0.768431
0.235773	0.152074
0.177399	0.193364
0.201897	0.261457
0.271312	0.366271
0.347794	0.739062
0.183133	0.167567
0.140324	0.169090
0.146832	0.160047
0.195004	0.135528
0.244656	0.376771
0.256076	0.140842
0.264866	0.434381
0.138160	0.120199
0.203409	0.321386
0.121893	0.155413
0.233138	0.434802
0.163292	0.227792
0.301330	0.599647
0.383664	0.909285
0.151812	0.241380
0.361333	0.646786
0.311310	0.424938
0.232892	0.181656
0.278006	0.212675
0.319253	0.375122
0.235344	0.343602
0.254838	0.477821
0.174630	0.193840
0.278254	0.870935
0.179342	0.468082
0.267188	0.419486
0.155649	0.132302
0.185088	0.317425
0.206567	0.294359
0.355121	3.260008
0.091053	0.094239
0.154325	0.145066
0.323684	1.150696
0.206619	0.368815
0.239311	0.151962
0.175199	0.208487
0.242059	0.369140
0.176094	0.146158
0.111759	0.111200
0.137045	0.311091
0.114953	0.165533
0.167462	0.295570
0.181664	0.140790
0.251852	0.420593
0.202419	0.284398
0.167474	0.304803
0.139288	0.228433
0.169889	0.251435
0.115233	0.130789
0.138481	0.145405
0.132041	0.169673
0.159932	0.296673
0.142383	0.230660
0.117978	0.153961
0.173260	0.398497
0.185520	0.537080
0.192069	0.580048
0.128355	0.200233
0.196117	0.707981
0.093528	0.359149
0.097912	0.188970
0.099398	0.132696
0.124786	0.403683
0.136064	0.208178
0.180296	0.227173
0.190763	0.317620
0.101080	0.127866
0.123469	0.169769
0.169456	0.199958
0.159156	0.214065
0.187707	0.409201
0.178914	0.479490
0.154317	0.294745
0.116466	0.214297
0.138910	0.277819
0.119080	0.268525
0.093159	0.158370
0.095471	0.170416
0.139996	0.181295
0.102622	0.171891
0.130582	0.166492
0.103899	0.200525
0.196211	0.354161
0.140331	0.254000
0.188483	0.245970
0.170490	0.317965
0.105428	0.253555
0.073695	0.163970
0.114433	0.324989
0.097272	0.126940
0.193617	0.138436
0.134224	0.142278
0.144512	0.231220
0.115122	0.214127
0.195097	0.395072
0.200883	0.306347
0.196515	0.515853
0.167502	0.230315
0.144388	0.164602
0.210017	0.412684
0.200760	0.631389
0.221717	0.331467
0.194866	0.282556
0.187863	0.262069
0.142330	0.181470
0.169620	0.213722
0.118750	0.267780
0.115383	0.234804
0.111631	0.246704
0.168989	0.415713
0.169037	0.264543
0.117790	0.203188
0.176484	0.606221
0.188944	0.526208
0.096442	0.135983
0.165931	0.342648
0.188944	0.386390
0.265903	0.456024
0.153421	0.187173
0.193106	0.197934
0.257888	0.515776
0.168667	0.316251
0.187525	0.408804
0.117645	0.143527
0.215371	0.379053
0.134189	0.173775
0.223940	0.516183
0.125213	0.160273
0.168873	0.317482
0.150756	0.238195
0.159582	0.279268
0.106150	0.167717
0.135893	0.241890
0.127192	0.278551
0.122250	0.142421
0.180343	0.344454
0.103785	0.172803
0.140492	0.226192
0.159144	0.222006
0.092029	0.130221
0.118237	0.361214
0.137906	0.296499
0.101854	0.122224
0.222715	0.310687
0.270765	0.507685
0.137764	0.154296
0.168599	0.166913
0.141577	0.142284
0.105397	0.150718
0.183597	0.387389
0.085025	0.206610
0.173032	0.281178
0.175384	0.343753
0.149331	0.204583
0.209659	0.277798
0.124758	0.129125
0.222278	0.264510
0.145214	0.164818
0.269799	0.783767
0.163372	0.202582
0.125836	0.126465
0.173315	0.232243
0.133479	0.140153
0.190564	0.250591
0.293040	0.351647
0.174473	0.417862
0.322023	1.181825
0.335390	0.692581
0.189141	0.156987
0.210166	0.138709
0.147157	0.129498
0.156660	0.115929
0.255993	0.377590
0.268262	0.331304
0.307238	0.556100
0.242702	0.560642
0.244315	0.442211
0.257369	0.267664
0.231336	0.364354
0.279280	0.555767
0.115152	0.247578
0.146471	0.210918
0.200932	0.175815
0.184026	0.253956
0.246852	0.181436
0.289040	0.461018
0.186699	0.161495
0.188006	0.222788
0.182162	0.286906
0.292304	0.476455
0.293977	0.573255
0.245054	0.379833
0.103478	0.094165
0.196316	0.336681
0.245788	1.060574
0.155292	0.218962
0.223070	0.345759
0.144287	0.186130
0.186423	0.163120
0.190468	0.235228
0.184740	0.175503
0.306761	0.862000
0.282137	0.414742
0.202369	0.230701
0.220218	0.222421
0.300847	0.367034
0.229097	0.265753
0.215561	0.422500
0.294783	0.661788
0.248226	0.683861
0.157397	0.343912
0.166601	0.372353
0.097583	0.300068
0.188518	0.253557
0.138930	0.200755
0.129157	0.167258
0.130948	0.263205
0.179743	0.367575
0.191759	0.515833
0.138063	0.120805
0.100924	0.183178
0.154805	0.360696
0.084721	0.138519
0.068934	0.165098
0.089082	0.117588
0.084465	0.179489
0.129083	0.221378
0.118425	0.163426
0.141507	0.197402
0.146837	0.288535
0.112224	0.130741
0.137630	0.154834
0.151901	0.195952
0.288360	0.546441
0.198467	0.305639
0.131186	0.150208
0.196597	0.268355
0.188016	0.252881
0.157467	0.149594
0.268731	0.396378
0.196705	0.393410
0.120306	0.223769
0.199481	0.205465
0.119342	0.196318
0.231706	0.638349
0.127103	0.275814
0.088518	0.215542
0.090082	0.205386
0.140317	0.212580
0.172379	0.254259
0.168849	0.193332
0.146907	0.426030
0.058291	0.112794
0.074442	0.163771
0.086763	0.128843
0.062469	0.169290
0.066933	0.130519
0.079796	0.175152
0.097079	0.284928
0.100882	0.166456
0.123021	0.957722
0.097145	0.247720
0.076187	0.221324
0.056673	0.242559
0.106530	0.169382
0.127081	0.379336
0.186513	0.245265
0.135784	0.192813
0.177329	0.305006
0.201157	0.208197
0.268172	0.462596
0.280248	0.536674
0.139176	0.109253
0.220986	0.657434
0.281030	0.299296
0.329943	0.501513
0.217565	0.162086
0.140155	0.187107
0.347747	0.695495
0.261946	0.751786
0.130987	0.147360
0.150938	0.204522
0.156963	0.212684
0.154057	0.138651
0.135534	0.219565
0.159544	0.374132
0.172364	0.480033
0.186462	0.496922
0.180277	0.526408
0.114073	0.218449
0.160490	0.485483
0.132788	0.334627
0.081544	0.168389
0.155354	0.434215
0.175360	0.395438
0.153780	0.300640
0.116492	0.170660
0.117340	0.105019
0.148116	0.282902
0.259741	0.483119
0.164100	0.159998
0.233158	0.279789
0.168850	0.134236
0.176567	0.221591
0.196792	0.151530
0.150197	0.168220
0.273986	0.312344
0.269840	0.628727
0.243825	0.201156
0.245682	0.517161
0.201258	0.198239
0.268527	0.559879
0.280184	0.750893
0.218324	0.314387
0.159368	0.176899
0.216075	0.289541
0.184172	0.368345
0.163053	0.216045
0.129001	0.154801
0.190058	0.188157
0.147941	0.144243
0.116131	0.141679
0.185890	0.192396
0.161066	0.235157
0.248404	0.475693
0.236518	0.419819
0.156105	0.177179
0.183851	0.161789
0.181892	0.249192
0.157187	0.368603
0.085913	0.154214
0.162847	0.345236
0.108485	0.175745
0.154462	0.447939
0.170388	0.291363
0.221239	0.184735
0.244076	0.278246
0.333270	0.994810
0.472693	0.522326
0.324820	0.284217
0.218705	0.136691
0.342416	0.426308
0.348839	0.450002
0.212425	0.145511
0.396115	1.150715
0.217759	0.316839
0.154987	0.113915
0.292681	0.338047
0.137289	0.098848
0.216855	0.198422
0.252404	0.323077
0.112522	0.096769
0.235614	0.321613
0.170608	0.134781
0.297738	0.485313
0.200505	0.249628
0.226946	0.234889
0.224354	0.173874
0.187525	0.149082
0.229306	0.173126
0.196702	0.149493
0.249844	0.248595
0.191222	0.136724
0.292566	0.378873
0.130290	0.123775
0.261035	0.233626
0.212008	0.164306
0.153885	0.097717
0.291494	0.701044
0.265270	0.197626
0.299093	0.447144
0.270531	0.257005
0.255928	0.342944
0.161670	0.104277
0.276442	0.322054
0.269208	0.308244
0.323803	0.343232
0.268584	0.189352
0.297453	0.444692
0.396355	0.485535
0.214099	0.158433
0.131386	0.189853
0.240159	0.668843
0.211544	0.459050
0.149064	0.392038
0.147710	0.270310
0.064843	0.101156
0.320746	2.062399
0.203470	0.252302
0.148457	0.166272
0.150376	0.169173
0.189016	0.369526
0.208335	0.275002
0.270705	0.460198
0.276515	0.481137
0.189910	0.251631
0.184580	0.356239
0.103810	0.153120
0.117208	0.181086
0.188008	0.225610
0.218452	0.362630
0.149555	0.267703
0.172311	0.149911
0.114495	0.117930
0.170385	0.506044
0.158455	0.239267
0.162626	0.295165
0.118740	0.157924
0.240572	0.487159
0.153469	0.149632
0.200923	0.174803
0.223165	0.274493
0.220904	0.341297
0.202258	0.377211
0.136911	0.142388
0.254732	0.699240
0.204028	0.346847
0.143354	0.360536
0.176191	0.267811
0.183759	0.221430
0.139778	0.132789
0.093197	0.117894
0.147299	0.490505
0.130143	0.193263
0.207975	0.594808
0.293072	1.071180
0.214267	0.218553
0.169860	0.247146
0.196582	0.217223
0.179714	0.336964
0.141919	0.190171
0.115202	0.220036
0.073641	0.191467
0.109644	0.284527
0.085646	0.430799
0.129647	0.193175
0.109073	0.130888
0.112752	0.205209
0.170314	0.252916
0.099110	0.147178
0.094704	0.123115
0.078276	0.127198
0.096868	0.339037
0.117752	0.351488
0.095453	0.203315
0.078689	0.177445
0.129149	0.182101
0.171287	0.436782
0.104757	0.152422
0.125376	0.231945
0.199737	0.445413
0.125088	0.307090
0.316037	0.387145
0.320018	0.179210
0.259991	0.519982
0.187908	0.128717
0.253536	0.671869
0.100317	0.137435
0.125490	0.304312
0.167994	0.322549
0.103028	0.208632
0.124156	0.152712
0.146581	0.163438
0.162591	0.208930
0.146805	0.225345
0.101465	0.120743
0.219520	0.325988
0.269306	0.394533
0.266972	1.197371
0.158156	0.279935
0.181402	0.247613
0.148384	0.198093
0.056036	0.177633
0.140488	0.200195
0.127491	0.146615
0.188290	0.234421
0.176685	0.180219
0.090094	0.114420
0.230456	0.435562
0.272013	1.161497
0.165546	0.186240
0.148949	0.215976
0.148433	0.146206
0.133847	0.337964
0.182735	0.285980
0.153356	0.171759
0.199477	0.347090
0.191167	0.276236
0.228598	0.202310
0.186363	0.370863
0.152629	0.263284
0.263110	0.330202
0.251482	0.408658
0.240711	0.553636
0.147971	0.193103
0.190084	0.333598
0.204109	0.160225
0.173968	0.147873
0.215661	0.480925
0.262473	0.405520
0.208734	0.183686
0.230862	0.277034
0.225182	0.270218
0.285288	0.707515
0.353133	1.414298
0.247428	0.507228
0.199287	0.315870
0.128019	0.129939
0.171514	0.192096
0.125700	0.162782
0.205094	0.181508
0.345883	1.253824
0.244704	0.353598
0.308865	0.813858
0.209668	0.208620
0.247078	0.402737
0.137992	0.183529
0.223216	0.330360
0.173050	0.332257
0.268540	0.503513
0.131701	0.142895
0.144554	0.183583
0.110842	0.130794
0.285733	0.777195
0.144692	0.135287
0.197538	0.422730
0.113056	0.197848
0.175208	0.304862
0.163377	0.498299
0.084003	0.126844
0.149517	0.328190
0.137777	0.174288
0.114087	0.133482
0.217365	0.418427
0.113928	0.178866
0.232400	0.373002
0.128860	0.238390
0.130163	0.203705
0.138372	0.212401
0.110503	0.174595
0.116580	0.194689
0.145749	0.273279
0.216922	0.278744
0.215898	0.626105
0.131645	0.217872
0.216069	0.159891
0.241077	0.473716
0.177109	0.159398
0.103268	0.127019
0.186151	0.167536
0.115849	0.117007
0.136514	0.221153
0.213171	0.442329
0.169056	0.257810
0.123637	0.127346
0.222931	0.625322
0.103746	0.269740
0.171912	0.324054
0.159196	0.108254
0.134029	0.210425
0.071063	0.125782
0.167166	0.452185
0.122995	0.156203
0.138771	0.169301
0.245885	0.827402
0.157015	0.337581
0.139408	0.330397
0.111136	0.180596
0.101207	0.148268
0.233192	0.194715
0.151112	0.194934
0.207385	0.162798
0.174124	0.200243
0.185848	0.285277
0.209917	0.495404
0.220174	0.443651
0.164943	0.393388
0.161648	0.282075
0.190692	0.175437
0.163247	0.158350
0.249846	0.248597
0.162366	0.373442
0.202329	0.186142
0.184824	0.226409
0.153321	0.223848
0.194518	0.225641
0.274811	0.391605
0.239769	0.448368
0.261024	0.571643
0.271710	0.302957
0.221749	0.443497
0.231805	0.229487
0.250195	0.362783
0.383053	0.664596
0.256152	0.388071
0.310538	0.335381
0.276382	0.367588
0.226039	0.155967
0.115923	0.096796
0.175317	0.224405
0.197649	0.203578
0.106612	0.132199
0.167324	0.139716
0.149332	0.216531
0.172795	0.214266
0.201566	0.559345
0.146329	0.188764
0.134025	0.144077
0.209099	0.342923
0.137697	0.187268
0.147514	0.191031
0.158254	0.439945
0.149862	0.146116
0.159354	0.357749
0.098180	0.123216
0.294534	0.453582
0.150245	0.167524
0.259978	1.223195
0.135069	0.139121
0.088978	0.119230
0.161912	0.403160
0.199984	0.745942
0.173441	0.398047
0.081628	0.095097
0.144477	0.310626
0.118245	0.299752
0.114294	0.184585
0.146430	0.327270
0.179754	0.164475
0.260916	0.319622
0.304606	0.552860
0.297035	0.375750
0.105744	0.088825
0.258840	0.425792
0.179138	0.300056
0.146764	0.142361
0.170831	0.171685
0.109768	0.131173
0.108225	0.103896
0.112436	0.090511
0.268305	1.063831
0.212948	0.200171
0.193640	0.200417
0.206750	0.215020
0.209109	0.197608
0.222589	0.283801
0.246451	0.470721
0.223126	0.426171
0.154473	0.176099
0.182281	0.166787
0.165832	0.176611
0.171468	0.296640
0.155392	0.254066
0.131434	0.292440
0.194108	0.335807
0.160103	0.203330
0.119482	0.123067
0.204676	0.459497
0.160001	0.359202
0.206810	0.747620
0.161749	0.164175
0.158985	0.139907
0.156429	0.194754
0.230124	0.375103
0.129012	0.287697
0.192880	0.373223
0.146919	0.210829
0.165828	0.264496
0.263712	0.796412
0.294569	1.536178
0.256217	0.448380
0.229519	0.491170
0.155411	0.218352
0.149290	0.133615
0.151531	0.301547
0.203386	0.471855
0.202565	0.355502
0.180046	0.317781
0.239270	0.440258
0.162181	0.166236
0.129034	0.181292
0.173455	0.180394
0.175415	0.228039
0.190072	0.237590
0.137049	0.158291
0.121166	0.194471
0.203838	0.307795
0.186194	0.175954
0.258721	0.439826
0.331329	0.453920
0.258692	0.333713
0.278984	0.318041
0.164453	0.158697
0.172389	0.143945
0.145089	0.136384
0.252926	0.269367
0.358868	0.577778
0.302099	0.347413
0.363863	0.714990
0.204057	0.194874
0.140946	0.131080
0.203019	0.182717
0.332728	1.232758
0.205457	0.205457
0.248097	0.246856
0.289749	0.563562
0.162832	0.230408
0.234273	0.398264
0.167267	0.178140
0.235352	0.470705
0.369846	1.730880
0.308888	0.522020
0.246118	0.407325
0.241036	0.185598
0.169623	0.193370
0.211965	0.519314
0.234424	0.364529
0.215339	0.275634
0.127505	0.131967
0.273616	0.487036
0.236710	0.146760
0.216325	0.149264
0.232617	0.238432
0.241697	0.211485
0.198018	0.208909
0.298127	0.234029
0.248925	0.362187
0.166360	0.165528
0.110919	0.098718
0.231926	0.463852
0.152793	0.229954
0.217834	0.272293
0.170637	0.140776
0.266325	0.258335
0.147406	0.170991
0.248906	0.318600
0.357691	0.559786
0.146906	0.105772
0.166226	0.160408
0.176120	0.149702
0.148143	0.140736
0.195178	0.144432
0.308629	0.435167
0.292517	0.561632
0.122429	0.108349
0.173039	0.256963
0.213571	0.253082
0.181142	0.261751
0.273359	0.441475
0.156616	0.162881
0.214634	0.313366
0.146822	0.118191
0.214652	0.374567
0.210923	0.216196
0.148216	0.128207
0.248566	0.267209
0.249130	0.251621
0.293754	0.712354
0.311659	0.439439
0.233823	0.384639
0.235476	0.357924
0.285390	0.619296
0.279780	0.864519
0.147439	0.244012
0.125581	0.121814
0.274146	0.324863
0.178416	0.141841
0.212413	0.348358
0.240354	0.329285
0.255510	0.425424
0.243339	0.493979
0.161722	0.181937
0.200814	0.214871
0.221967	0.301875
0.218357	0.371207
0.244011	0.612467
0.127942	0.109391
0.248931	0.181720
0.259303	0.543239
0.153739	0.183718
0.187345	0.326916
0.101659	0.094543
0.200944	0.254194
0.322011	0.325231
0.193993	0.173624
0.183809	0.204028
0.295475	0.299907
0.337464	0.728923
0.145046	0.084127
0.251156	0.198413
0.311657	0.606173
0.368840	0.682354
0.238774	0.316375
0.250174	0.206393
0.347513	0.417016
0.333510	0.221784
0.301475	0.305997
0.298792	0.327177
0.181000	0.182810
0.208778	0.200427
0.170330	0.232501
0.196170	0.220691
0.127514	0.138353
0.294194	0.784028
0.105923	0.140348
0.172270	0.165380
0.168715	0.292721
0.266464	0.443662
0.143367	0.227237
0.155260	0.214258
0.200624	0.530651
0.159389	0.195251
0.122311	0.153500
0.129424	0.212255
0.161182	0.192612
0.146023	0.194211
0.160975	0.183511
0.142428	0.150974
0.181818	0.289091
0.115246	0.180360
0.103585	0.276055
0.082475	0.140207
0.139659	0.359622
0.191478	0.514117
0.142590	0.228144
0.158755	0.299253
0.175617	0.399528
0.091402	0.147614
0.161638	0.225484
0.084949	0.155881
0.088645	0.235796
0.112394	0.107337
0.210328	0.503735
0.100682	0.137431
0.167114	0.274903
0.141309	0.175223
0.185796	0.240606
0.097621	0.106894
0.112396	0.089917
0.142308	0.382808
0.076474	0.091386
0.133463	0.346336
0.151624	0.533717
0.097310	0.184402
0.064936	0.113639
0.163353	0.146201
0.166788	0.264358
0.130863	0.211998
0.105625	0.152629
0.284417	0.614340
0.149238	0.275345
0.205457	0.298940
0.121070	0.185843
0.143270	0.228516
0.179088	0.302659
0.168262	0.314650
0.167734	0.194572
0.167358	0.519647
0.142094	0.139252
0.211513	0.388126
0.203564	0.545552
0.092358	0.202264
0.222555	0.677679
0.185944	0.264040
0.070574	0.181022
0.142145	0.338304
0.129207	0.133729
0.153987	0.144748
0.183292	0.202538
0.087987	0.136819
0.137981	0.175926
0.202618	0.273535
0.144877	0.145601
0.155737	0.217253
0.207977	0.306766
0.257593	0.394118
0.121013	0.166393
0.186920	0.251408
0.115696	0.124373
0.197477	0.502579
0.171003	0.283865
0.119423	0.204811
0.180621	0.352210
0.134150	0.202566
0.178598	0.434885
0.055953	0.102114
0.177438	0.246639
0.084039	0.111352
0.155421	0.253336
0.178412	0.314005
0.193824	0.537863
0.080590	0.214369
0.101763	0.116010
0.100058	0.147586
0.130842	0.172712
0.169649	0.370683
0.084912	0.140953
0.250409	0.748723
0.191577	0.394649
0.103746	0.283227
0.135884	0.253423
0.267462	0.552308
0.256949	0.282644
0.134030	0.180941
0.174991	0.146118
0.151131	0.175312
0.184333	0.207375
0.116552	0.106063
0.208217	0.258190
0.190774	0.460719
0.249910	0.536056
0.350458	0.317165
0.189778	0.336856
0.236057	0.212451
0.142355	0.112460
0.232268	0.786226
0.194961	0.468882
0.260375	0.417902
0.212565	0.279523
0.183965	0.263070
0.121075	0.133788
0.251456	0.382213
0.215688	0.249119
0.230922	0.356774
0.342248	0.610913
0.166504	0.180657
0.180546	0.227488
0.217661	0.152362
0.176296	0.182466
0.311687	0.486231
0.364576	0.741913
0.222382	0.287985
0.283108	0.380780
0.209154	0.247848
0.105774	0.107361
0.180361	0.192986
0.238392	0.581676
0.198887	0.152149
0.205831	0.366379
0.153747	0.245227
0.171730	0.158850
0.169761	0.362439
0.077913	0.102066
0.141509	0.220047
0.247511	0.426957
0.277796	0.445863
0.182499	0.146912
0.202854	0.391508
0.112828	0.117341
0.165581	0.151506
0.096695	0.150845
0.118007	0.109746
0.188405	0.438984
0.245992	0.268131
0.224776	0.270855
0.288602	0.650799
0.235862	0.244118
0.417854	0.616334
0.227335	0.389880
0.312841	0.297199
0.429369	0.815801
0.389553	1.180344
0.223733	0.478789
0.148623	0.227393
0.147097	0.119884
0.176533	0.362776
0.137407	0.169011
0.270524	1.689424
0.201604	0.233861
0.204549	0.639217
0.268042	0.647321
0.154776	0.242998
0.148426	0.178853
0.133262	0.262526
0.148827	0.296165
0.115834	0.200392
0.105205	0.105731
0.157767	0.209042
0.097863	0.163921
0.129673	0.153663
0.091220	0.109920
0.174281	0.187353
0.187766	0.108904
0.224560	0.375016
0.231449	0.341387
0.205508	0.376080
0.144042	0.190136
0.186932	0.383212
0.159881	0.220636
0.105207	0.218305
0.110355	0.139599
0.160210	0.229901
0.201345	0.610076
0.112541	0.248153
0.126990	0.146673
0.110206	0.236944
0.137422	0.241863
0.135595	0.197968
0.156856	0.201560
0.278865	0.772456
0.174247	0.264856
0.221704	0.195100
0.153236	0.222193
0.122627	0.190686
0.153688	0.150614
0.287377	0.316114
0.233800	0.238476
0.175554	0.177310
0.273537	0.821978
0.307987	0.560537
0.284176	0.512937
0.209081	0.303167
0.389438	1.063166
0.261144	0.515759
0.197247	0.270228
0.139427	0.149884
0.162093	0.273937
0.158743	0.255577
0.182941	0.162817
0.204249	0.344159
0.294301	0.473825
0.122371	0.117476
0.405487	0.695411
0.231445	0.167797
0.192387	0.114471
0.192152	0.197916
0.296958	0.231627
0.276369	0.384154
0.185973	0.191553
0.223367	0.257989
0.248362	0.296792
0.158598	0.153047
0.142725	0.129166
0.319704	0.350076
0.267685	0.244932
0.216567	0.241473
0.289529	0.516809
0.164863	0.138485
0.182929	0.281711
0.151293	0.192898
0.101695	0.135254
0.161412	0.140428
0.231223	0.230067
0.191343	0.314760
0.271540	0.746734
0.306158	0.771518
0.284860	0.552629
0.220837	0.271629
0.237681	0.253131
0.236632	0.260295
0.176747	0.147584
0.260056	0.470701
0.178235	0.253985
0.128955	0.101230
0.168209	0.182506
0.119727	0.111945
0.313743	0.727883
0.185391	0.176121
0.243532	0.188738
0.250820	0.294713
0.318464	0.730875
0.172436	0.151743
0.248244	0.371124
0.139828	0.176883
0.172397	0.179293
0.216640	0.321711
0.285604	0.412698
0.177063	0.216902
0.236507	0.360673
0.225256	0.290580
0.181992	0.150144
0.241209	0.811669
0.160024	0.258439
0.239943	0.386308
0.214188	0.175634
0.296377	0.394181
0.186536	0.334832
0.164302	0.191412
0.146140	0.192905
0.173262	0.155936
0.170102	0.178607
0.315048	0.795496
0.326761	0.377409
0.276753	0.657288
0.243171	0.235876
0.207809	0.492507
0.203183	0.198103
0.194448	0.343201
0.151814	0.226961
0.199072	0.294626
0.184861	0.350311
0.183434	0.190771
0.113879	0.113310
0.144696	0.149037
0.188261	0.206146
0.266887	0.661880
0.197232	0.328391
0.238290	0.314542
0.267712	0.555502
0.203777	0.336232
0.337923	1.551069
0.204407	0.272883
0.116042	0.162458
0.257716	0.436828
0.166398	0.151422
0.235598	0.579572
0.209454	0.225163
0.327510	1.105345
0.221062	0.224378
0.225182	0.306247
0.138108	0.149847
0.266650	0.726622
0.249136	0.376195
0.232686	0.607311
0.146535	0.224931
0.171050	0.210391
0.198316	0.246903
0.185286	0.174169
0.267672	0.509915
0.208477	0.205350
0.121769	0.121160
0.183369	0.231961
0.219737	0.419697
0.134135	0.242114
0.321713	0.706160
0.233823	0.437249
0.192579	0.203171
0.122610	0.163071
0.170462	0.282966
0.218141	0.317396
0.323661	1.048662
0.169157	0.167465
0.149265	0.148519
0.200685	0.380298
0.252447	0.588202
0.193730	0.260567
0.141986	0.117849
0.176407	0.268139
0.170265	0.540592
0.192169	0.359356
0.165519	0.203589
0.272210	0.734968
0.183386	0.233817
0.392360	4.488604
0.547027	2.136139
0.365644	0.500932
0.202422	0.138659
0.184102	0.275233
0.131448	0.258296
0.074008	0.153567
0.227395	1.231345
0.197004	0.513196
0.164586	0.153888
0.316240	0.667266
0.252117	0.414732
0.170388	0.176351
0.179241	0.324425
0.205663	0.241654
0.173172	0.174038
0.152981	0.155276
0.236097	0.487541
0.171470	0.245201
0.244047	0.485653
0.267152	0.450150
0.274610	0.483313
0.181454	0.251314
0.200854	0.270148
0.226571	0.401031
0.109792	0.158650
0.207807	0.424966
0.193836	0.296569
0.160942	0.165771
0.299903	0.797741
0.212719	0.328651
0.178789	0.436245
0.178827	0.176145
0.121854	0.102357
0.128080	0.158179
0.232735	0.436378
0.185209	0.457466
0.208710	0.448727
0.112495	0.133869
0.228700	0.515718
0.161707	0.279754
0.184322	0.340995
0.138807	0.308151
0.168930	0.197648
0.151831	0.381097
0.089921	0.196028
0.121737	0.211823
0.158791	0.435881
0.076064	0.153269
0.183020	0.443824
0.291462	1.396105
0.108863	0.235144
0.121229	0.215788
0.105570	0.128796
0.089314	0.108517
0.087623	0.164293
0.140575	0.534886
0.081204	0.151039
0.092377	0.169512
0.131125	0.327811
0.160874	0.224420
0.196775	0.364034
0.128711	0.443409
0.160439	0.450032
0.104546	0.199684
0.136007	0.384219
0.095798	0.237580
0.143559	0.322290
0.147370	0.315372
0.133218	0.213814
0.068270	0.115717
0.101636	0.186503
0.082799	0.123370
0.098038	0.198038
0.100732	0.333425
0.056584	0.125333
0.110025	0.139731
0.168574	0.385192
0.110914	0.173580
0.102962	0.176065
0.119318	0.172414
0.115193	0.249969
0.079594	0.190628
0.107168	0.243271
0.075901	0.247816
0.093031	0.193970
0.147872	0.405170
0.103294	0.196259
0.081652	0.155139
0.130206	0.246090
0.065116	0.124046
0.064508	0.106116
0.101081	0.187001
0.139083	0.149514
0.157179	0.268777
0.153099	0.345238
0.080071	0.093283
0.077912	0.155824
0.142928	0.350889
0.145443	0.165077
0.093269	0.202393
0.114367	0.184702
0.129884	0.376663
0.124112	0.256291
0.134668	0.224223
0.199530	0.391080
0.236869	0.765088
0.213778	0.454277
0.162590	0.209741
0.196004	0.147003
0.168816	0.185697
0.243064	0.277093
0.240049	0.168034
0.237916	0.237916
0.240536	0.182807
0.218275	0.331778
0.219319	0.579002
0.178250	0.120319
0.214638	0.339128
0.217638	0.302517
0.171873	0.283591
0.180236	0.400124
0.204782	0.268265
0.111309	0.122440
0.122940	0.135849
0.200332	0.266441
0.192303	0.249032
0.083512	0.097708
0.143754	0.260913
0.200288	0.354510
0.265526	0.310665
0.152316	0.160693
0.190332	0.136088
0.101492	0.172029
0.219157	0.447081
0.128481	0.190795
0.129217	0.171859
0.194942	0.344072
0.101849	0.098284
0.199397	0.246255
0.137583	0.167852
0.173585	0.242151
0.203494	0.292015
0.112556	0.157016
0.187147	0.305985
0.135152	0.314905
0.126077	0.117882
0.248921	0.548871
0.160025	0.188030
0.141568	0.235710
0.152915	0.490858
0.101796	0.189850
0.145342	0.742700
0.219707	0.787651
0.164438	0.143061
0.112920	0.139456
0.180538	0.310525
0.154423	0.166776
0.186584	0.639049
0.175883	0.366716
0.156565	0.237979
0.155437	0.251030
0.132312	0.224269
0.105072	0.116630
0.099235	0.172173
0.104832	0.182932
0.191988	0.452131
0.123059	0.158131
0.138539	0.234131
0.175008	0.398144
0.102548	0.187151
0.110434	0.258967
0.104471	0.238716
0.098776	0.204959
0.138893	0.281953
0.071414	0.147113
0.095924	0.136212
0.123095	0.206800
0.281867	1.069686
0.156902	0.459723
0.122424	0.213629
0.116316	0.227979
0.096493	0.167898
0.222484	0.359312
0.123183	0.147203
0.149376	0.188960
0.165371	0.337356
0.132552	0.344636
0.095895	0.119868
0.157322	0.232837
0.110063	0.213522
0.127315	0.215799
0.095232	0.169513
0.340518	1.191813
0.157399	0.302206
0.139867	0.213996
0.186741	0.223156
0.163199	0.151775
0.124777	0.509089
0.092519	0.129989
0.125956	0.325595
0.136042	0.157809
0.128250	0.178267
0.119028	0.198182
0.100994	0.220672
0.212198	0.316175
0.271093	0.421549
0.125923	0.188255
0.118198	0.213348
0.188359	0.165756
0.199195	0.345603
0.110311	0.128512
0.247324	0.478572
0.119863	0.130051
0.138785	0.224138
0.113343	0.152447
0.159231	0.171174
0.318179	0.819310
0.293763	0.669780
0.293935	0.971457
0.147934	0.207847
0.159156	0.134487
0.390260	0.919063
0.413053	0.536969
0.469938	0.693159
0.231657	0.287255
0.241447	0.350099
0.251658	0.356096
0.214449	0.248761
0.186632	0.197830
0.345204	1.016625
0.375931	0.319542
0.277831	0.309782
0.271194	0.246787
0.200377	0.131247
0.129747	0.105095
0.214934	0.190217
0.169258	0.165026
0.166317	0.251970
0.243905	0.373174
0.177060	0.153157
0.160125	0.182542
0.131275	0.113553
0.136524	0.140620
0.215878	0.298991
0.205712	0.147084
0.132498	0.150385
0.115231	0.165357
0.154441	0.156758
0.162456	0.185200
0.185415	0.265143
0.279962	0.625714
0.170334	0.286161
0.203552	0.345020
0.164130	0.190391
0.160019	0.204824
0.174817	0.349635
0.148503	0.140335
0.212076	0.236464
0.224471	0.618418
0.116992	0.155599
0.124032	0.180467
0.090551	0.166613
0.133531	0.212981
0.155823	0.204128
0.165183	0.247775
0.195099	0.388247
0.192279	0.174974
0.220020	0.557750
0.209167	0.408922
0.190100	0.415369
0.240704	0.414011
0.218339	0.407201
0.190063	0.248982
0.257071	0.244217
0.181527	0.176081
0.196093	0.139226
0.315131	0.650745
0.204705	0.177070
0.154948	0.106914
0.319464	0.635733
0.183107	0.154725
0.258861	0.317104
0.113704	0.125075
0.262456	0.356940
0.294577	0.179692
0.335294	1.131616
0.283142	0.365253
0.221123	0.152575
0.225720	0.363410
0.283653	0.513411
0.209022	0.314578
0.239923	0.256717
0.254495	0.371562
0.162387	0.134781
0.302121	0.264356
0.408660	0.941961
0.175849	0.165299
0.296459	0.530661
0.239096	0.164976
0.275443	0.291969
0.259016	0.731719
0.152865	0.152865
0.124115	0.139008
0.288203	1.270974
0.143109	0.125221
0.226529	0.207274
0.302737	0.552495
0.270354	0.578557
0.234969	0.357153
0.133764	0.140452
0.248328	0.348901
0.136343	0.287684
0.088749	0.095405
0.168033	0.147869
0.127654	0.168504
0.204866	0.232522
0.167462	0.220212
0.211357	0.488234
0.214952	0.436353
0.195464	0.171031
0.265102	0.426815
0.182247	0.187714
0.223474	0.398902
0.173324	0.273853
0.254490	0.612048
0.261366	0.695234
0.215217	0.223826
0.150990	0.125321
0.202240	0.283136
0.202567	0.265363
0.273089	0.475175
0.203768	0.231277
0.155760	0.258562
0.171038	0.220640
0.195436	0.284359
0.218847	0.553684
0.107108	0.115677
0.213494	0.350131
0.180100	0.371907
0.199316	0.353786
0.150092	0.205626
0.094937	0.132437
0.169477	0.429623
0.230860	0.455948
0.208236	0.335260
0.179754	0.131221
0.349328	1.109117
0.237029	0.277324
0.110619	0.145464
0.163270	0.226129
0.156480	0.230808
0.151260	0.186806
0.135344	0.224671
0.126889	0.262026
0.073027	0.131814
0.135731	0.245674
0.211203	0.470982
0.254884	0.488102
0.202870	0.218085
0.274104	0.461865
0.124698	0.127192
0.169972	0.188669
0.198287	0.311311
0.212027	0.291537
0.233741	0.404372
0.155063	0.169018
0.277686	0.391538
0.258416	0.217069
0.304709	0.379362
0.270974	0.357686
0.098618	0.144969
0.213312	0.533279
0.267224	0.550482
0.240257	0.197011
0.327829	0.403230
0.305743	1.273420
0.214865	0.330891
0.251950	0.501380
0.141795	0.282173
0.194147	0.183469
0.172951	0.200623
0.186872	0.201822
0.194342	0.438242
0.116509	0.114762
0.166754	0.466078
0.103043	0.149928
0.161050	0.280226
0.104152	0.109359
0.108053	0.135606
0.285298	0.520669
0.197608	0.305305
0.121351	0.134093
0.141989	0.144119
0.231673	0.445971
0.149603	0.278262
0.165267	0.423910
0.156743	0.361293
0.120811	0.259743
0.121202	0.282401
0.082599	0.190391
0.093447	0.116809
0.147314	0.377123
0.075107	0.202414
0.154381	0.485527
0.096686	0.195788
0.083940	0.198938
0.089338	0.145621
0.094570	0.161241
0.092086	0.103136
0.139209	0.182364
0.147330	0.234254
0.139446	0.336761
0.152812	0.261308
0.071600	0.141768
0.176375	0.463866
0.128387	0.238799
0.096355	0.157540
0.107274	0.307339
0.095555	0.234589
0.139588	0.328033
0.096317	0.204673
0.133073	0.315384
0.120254	0.408262
0.068604	0.103250
0.207202	0.564626
0.236102	0.459219
0.185710	0.378848
0.105952	0.187004
0.071016	0.110431
0.123784	0.225286
0.102363	0.102363
0.139598	0.372030
0.144808	0.382293
0.110799	0.142930
0.168919	0.345439
0.127901	0.191212
0.077601	0.092734
0.074354	0.093315
0.119034	0.196406
0.104824	0.195497
0.142189	0.309972
0.109490	0.269893
0.179580	0.431891
0.078867	0.134863
0.226339	0.484366
0.283710	0.790133
0.177802	0.297819
0.209466	0.212608
0.242448	0.283664
0.221049	0.541571
0.220627	0.391612
0.222854	0.583878
0.140510	0.196714
0.228648	0.272091
0.185169	0.141654
0.145219	0.197497
0.200479	0.149357
0.232950	0.173548
0.331600	0.452633
0.207067	0.170830
0.194876	0.251390
0.203204	0.500898
0.257409	0.791531
0.184165	0.419896
0.129435	0.109373
0.237932	0.505605
0.130756	0.194172
0.161335	0.192796
0.106924	0.205294
0.155830	0.243874
0.139085	0.170380
0.202503	0.214654
0.094697	0.185133
0.088853	0.113732
0.166365	0.233744
0.146076	0.184787
0.159047	0.437379
0.149826	0.205262
0.085516	0.091075
0.111033	0.210964
0.174510	0.233843
0.192258	0.419123
0.121488	0.174942
0.111890	0.146576
0.214578	0.714546
0.148433	0.363662
0.204517	0.528676
0.186212	0.519532
0.137718	0.137030
0.271175	0.348460
0.587889	1.122869
0.147738	0.247461
0.134808	0.291186
0.169488	0.311010
0.176218	0.343625
0.172629	0.345259
0.119200	0.098936
0.131721	0.266076
0.108885	0.166595
0.100389	0.137032
0.162866	0.535831
0.103184	0.123305
0.130612	0.188734
0.195845	0.581660
0.122720	0.325208
0.122453	0.221028
0.118539	0.291606
0.175582	0.247571
0.181283	0.412418
0.178721	0.157275
0.180438	0.329299
0.149554	0.266954
0.064801	0.104330
0.132636	0.179058
0.203823	0.228282
0.182509	0.409733
0.124110	0.148311
0.135178	0.237238
0.129932	0.134480
0.210806	0.441638
0.183604	0.382814
0.193354	0.291965
0.222516	0.300397
0.127487	0.237125
0.182260	0.661602
0.150122	0.328017
0.143993	0.341983
0.099521	0.199042
0.094194	0.172376
0.086044	0.206076
0.217699	0.759771
0.111114	0.233339
0.137204	0.251084
0.110339	0.175991
0.096749	0.187694
0.142783	0.260580
0.146471	0.249733
0.090676	0.235758
0.126876	0.272783
0.123331	0.115315
0.144161	0.294089
0.097455	0.116459
0.221306	0.557692
0.102780	0.108433
0.136434	0.201241
0.181718	0.192622
0.130898	0.105373
0.200224	0.278312
0.194773	0.164583
0.281578	0.211184
0.255962	0.528561
0.150976	0.178906
0.157088	0.333812
0.066060	0.163168
0.158131	0.329703
0.216687	0.533049
0.152846	0.284293
0.093615	0.095019
0.260050	0.296457
0.100765	0.159209
0.163222	0.264419
0.096979	0.127528
0.097842	0.314562
0.105368	0.106422
0.077302	0.111701
0.088606	0.117847
0.109028	0.159181
0.162957	0.303914
0.183169	0.663988
0.121849	0.186429
0.134355	0.296253
0.162230	0.374751
0.108680	0.214644
0.082446	0.131089
0.193559	0.264208
0.281026	0.628094
0.144495	0.170504
0.186821	0.273693
0.308305	0.698310
0.368501	0.558279
0.195833	0.120438
0.313478	0.514103
0.229177	0.305951
0.112747	0.104291
0.201380	0.184263
0.284588	0.483799
0.110596	0.170318
0.210580	0.641216
0.149160	0.170042
0.159294	0.238144
0.153849	0.228466
0.231970	0.390869
0.149854	0.306452
0.092343	0.172220
0.150743	0.250988
0.158421	0.232879
0.165252	0.302410
0.195526	0.555295
0.135519	0.134164
0.201150	0.429455
0.119327	0.139613
0.296254	1.502009
0.162201	0.180855
0.134543	0.180288
0.195635	0.491045
0.088399	0.306304
0.112869	0.224609
0.120613	0.233990
0.096292	0.111699
0.077099	0.087893
0.163732	0.645104
0.134158	0.195199
0.289232	0.614617
0.219101	0.555422
0.141693	0.135317
0.127641	0.167848
0.150805	0.201325
0.177746	0.240846
0.152561	0.237996
0.084830	0.106885
0.166126	0.385412
0.123810	0.198715
0.091699	0.119667
0.099497	0.159195
0.108728	0.215281
0.181331	0.233010
0.118535	0.155874
0.199102	0.759575
0.171791	0.333274
0.109571	0.197776
0.096870	0.130774
0.147641	0.176431
0.118870	0.135511
0.276220	1.091071
0.170439	0.246285
0.123792	0.105842
0.222318	0.283456
0.256198	0.348430
0.181128	0.152148
0.159422	0.154639
0.276525	0.712053
0.176297	0.256512
0.136935	0.186916
0.244733	0.518834
0.110017	0.179328
0.122816	0.215541
0.100367	0.172632
0.184556	0.711464
0.078746	0.217734
0.160281	0.443176
0.102626	0.250408
0.237183	0.186188
0.238004	0.191593
0.238809	0.220898
0.275360	0.379997
0.195759	0.151713
0.322956	0.277742
0.371945	0.831297
0.288897	0.362565
0.349021	0.593335
0.231195	0.619604
0.169985	0.249877
0.211702	0.185239
0.251692	0.281895
0.195767	0.391535
0.223742	0.361343
0.209628	0.412968
0.181875	0.271903
0.187172	0.175006
0.123436	0.216013
0.232936	0.447237
0.233764	0.476878
0.219637	0.381070
0.474400	2.006711
0.153451	0.204858
0.095124	0.100832
0.211901	0.308316
0.323814	2.201934
0.164215	0.204448
0.201240	0.463859
0.160635	0.245771
0.134212	0.159041
0.120371	0.161899
0.086675	0.200220
0.135115	0.205374
0.147679	0.337448
0.111650	0.137329
0.147055	0.261023
0.108076	0.103753
0.100589	0.120204
0.176622	0.196933
0.131946	0.568026
0.057605	0.104266
0.115099	0.270482
0.137834	0.253615
0.108034	0.147467
0.109014	0.192410
0.190898	0.354115
0.081817	0.087953
0.134744	0.232434
0.143331	0.170564
0.108934	0.112747
0.083929	0.098197
0.205960	0.407802
0.158621	0.138000
0.139322	0.151164
0.066606	0.124552
0.120601	0.144118
0.115406	0.254471
0.086573	0.177907
0.133654	0.258620
0.080487	0.131597
0.139859	0.190908
0.250358	0.727290
0.200666	0.470562
0.125595	0.221675
0.103350	0.356556
0.088622	0.147556
0.062047	0.159772
0.131918	0.265155
0.098991	0.188083
0.149952	0.242173
0.146859	0.244520
0.092850	0.121169
0.093257	0.163666
0.132824	0.149427
0.115895	0.150664
0.136746	0.315883
0.067634	0.093335
0.071022	0.117187
0.109518	0.170301
0.146303	0.328450
0.162918	0.268815
0.107029	0.140743
0.144422	0.107595
0.265617	0.256320
0.172256	0.217904
0.210844	0.450152
0.156834	0.201532
0.125943	0.160578
0.217210	0.540853
0.051643	0.153637
0.095560	0.206409
0.133031	0.508845
0.106495	0.252394
0.127595	0.246897
0.148165	0.284477
0.255871	0.498948
0.197182	0.219858
0.138646	0.204502
0.123858	0.149248
0.131355	0.251546
0.096893	0.151153
0.177389	0.275840
0.187422	0.350479
0.155522	0.302490
0.126785	0.291605
0.084580	0.117566
0.138095	0.176762
0.121591	0.176308
0.195243	0.379749
0.101615	0.119906
0.127494	0.230763
0.127460	0.156776
0.218400	0.677041
0.095883	0.163481
0.089723	0.163744
0.104752	0.406962
0.049508	0.188376
0.080737	0.123931
0.074384	0.124594
0.113010	0.174601
0.150777	0.242750
0.097227	0.233831
0.154525	0.227924
0.100389	0.211318
0.101566	0.217860
0.131872	0.162203
0.147056	0.358817
0.184452	0.376282
0.143348	0.179902
0.069287	0.101505
0.105880	0.217054
0.124260	0.151597
0.062095	0.128225
0.076423	0.115399
0.116838	0.157732
0.064494	0.118024
0.142586	0.188213
0.129394	0.278196
0.095431	0.111177
0.131516	0.224234
0.207398	0.503978
0.250910	0.506839
0.196867	0.335658
0.118134	0.174248
0.197588	0.282551
0.175399	0.289408
0.112325	0.228581
0.102182	0.167579
0.120634	0.246697
0.163774	0.283328
0.094596	0.144259
0.189044	0.446143
0.122791	0.306977
0.086715	0.122268
0.098194	0.144346
0.175359	0.286712
0.134332	0.229707
0.146600	0.156129
0.102090	0.129144
0.132915	0.268489
0.227656	0.348314
0.212565	0.525036
0.168805	0.447332
0.255270	0.695612
0.105976	0.090080
0.156568	0.267732
0.262899	0.537629
0.257401	0.846850
0.152433	0.185968
0.195708	0.411965
0.160872	0.197873
0.148699	0.198513
0.354629	1.654346
0.236799	0.589629
0.130255	0.462406
0.124621	0.246126
0.162164	0.342977
0.119354	0.193354
0.112961	0.151367
0.150713	0.287108
0.170884	0.290502
0.235730	0.486783
0.103673	0.172097
0.165267	0.399120
0.126442	0.154892
0.108149	0.129238
0.180659	0.248406
0.283980	1.293527
0.114196	0.117622
0.167129	0.220610
0.223210	0.651773
0.164776	0.304012
0.210463	0.511426
0.103310	0.191124
0.115350	0.286068
0.087457	0.229576
0.077205	0.106156
0.119326	0.180182
0.121113	0.284617
0.157763	0.241377
0.131967	0.159021
0.158462	0.431810
0.126049	0.194746
0.104042	0.200802
0.124719	0.212646
0.087495	0.150491
0.104739	0.189577
0.129781	0.262159
0.090194	0.201584
0.087541	0.209660
0.118426	0.165796
0.147361	0.405244
0.198817	0.440380
0.183591	0.606768
0.118451	0.236901
0.108844	0.140409
0.146516	0.217577
0.113066	0.217088
0.110176	0.227514
0.080754	0.178467
0.112596	0.239830
0.175024	0.220531
0.178048	0.154902
0.216624	0.669368
0.139549	0.166063
0.123481	0.124099
0.161895	0.174037
0.098896	0.119170
0.147697	0.167636
0.268377	1.043986
0.087444	0.087881
0.179818	0.354242
0.074574	0.111115
0.095232	0.152847
0.226578	0.583438
0.132130	0.240477
0.195104	0.331677
0.158142	0.284655
0.196847	0.486212
0.167308	0.168145
0.154171	0.289842
0.091520	0.118519
0.132430	0.121173
0.206755	0.292559
0.114703	0.085454
0.198216	0.369673
0.327988	0.578898
0.172667	0.147630
0.192365	0.203907
0.164182	0.366946
0.272920	0.716414
0.142886	0.192896
0.198071	0.273337
0.218975	0.446710
0.202043	0.255584
0.113296	0.175042
0.172320	0.308453
0.174198	0.397171
0.241111	0.415917
0.227594	0.357322
0.153565	0.095978
0.260790	0.258182
0.276439	0.599873
0.127790	0.122039
0.139529	0.117204
0.184858	0.172842
0.294632	0.680601
0.172301	0.136979
0.293027	0.816080
0.249709	0.182287
0.190764	0.173596
0.133273	0.215902
0.218773	0.435358
0.183560	0.280847
0.144916	0.307221
0.199426	0.586312
0.114960	0.171291
0.220744	0.384095
0.122522	0.200937
0.123433	0.240695
0.164510	0.386598
0.096670	0.130988
0.175904	0.338616
0.144837	0.150631
0.157255	0.169835
0.141697	0.154449
0.112836	0.112836
0.099319	0.113224
0.161587	0.181785
0.197652	0.173934
0.393543	2.532450
0.192637	0.250428
0.242130	0.462468
0.237374	0.379798
0.258409	0.344977
0.155810	0.183856
0.124570	0.214261
0.197964	0.327630
0.143569	0.170129
0.150707	0.291618
0.069837	0.154690
0.128346	0.162357
0.152792	0.239884
0.216087	0.357625
0.158308	0.248543
0.182784	0.261381
0.189064	0.757200
0.186531	0.536277
0.217361	0.294524
0.224202	0.412532
0.115402	0.173679
0.089558	0.095379
0.209024	0.311446
0.073891	0.099753
0.110045	0.166169
0.182271	0.436539
0.095403	0.117345
0.147144	0.183194
0.074358	0.120089
0.090049	0.154885
0.147849	0.228426
0.142324	0.264012
0.077758	0.107306
0.182670	0.382694
0.222920	0.242983
0.237320	0.249185
0.139272	0.167126
0.276891	0.910972
0.157357	0.286391
0.167818	0.241658
0.215215	0.560636
0.112592	0.138489
0.208650	0.350532
0.252543	0.452052
0.114113	0.183152
0.169110	0.210542
0.186402	0.416609
0.099199	0.103167
0.170630	0.755889
0.082249	0.131188
0.174974	0.585289
0.143417	0.216560
0.120237	0.318026
0.107143	0.117857
0.127618	0.217589
0.102988	0.116891
0.137304	0.153094
0.154521	0.169974
0.127532	0.108402
0.129263	0.240429
0.128683	0.213614
0.190382	0.433120
0.116534	0.092645
0.249203	0.489684
0.228250	0.187165
0.233919	0.258481
0.202452	0.583062
0.115140	0.144501
0.137462	0.172515
0.107243	0.167298
0.126252	0.327623
0.264256	0.621002
0.118001	0.214172
0.094320	0.116485
0.098443	0.133882
0.125455	0.210764
0.241436	0.261958
0.259254	0.294254
0.134421	0.317906
0.102186	0.121091
0.188365	0.420996
0.143930	0.266270
0.156753	0.198292
0.091068	0.133414
0.088483	0.172100
0.075808	0.083010
0.142489	0.168849
0.182208	0.302465
0.159089	0.364315
0.120939	0.173548
0.120531	0.314585
0.148244	0.274992
0.187755	0.312613
0.122040	0.212959
0.092605	0.147705
0.127853	0.187943
0.136759	0.186675
0.212901	0.373641
0.280110	0.661059
0.256718	0.636662
0.153066	0.135463
0.253934	0.261552
0.194368	0.163269
0.118299	0.102328
0.169885	0.220850
0.256728	0.830516
0.227224	0.187460
0.189512	0.359124
0.278743	0.500343
0.172616	0.222675
0.219015	0.303335
0.151332	0.149062
0.178834	0.185094
0.206010	0.329616
0.211712	0.480585
0.173028	0.166972
0.219822	0.278075
0.146158	0.179775
0.174600	0.287217
0.200702	0.143502
0.108688	0.088581
0.198513	0.328539
0.234357	0.445278
0.190597	0.196315
0.189823	0.146164
0.246026	0.506813
0.093179	0.180767
0.231710	0.762327
0.146641	0.293281
0.103316	0.117264
0.218951	0.339373
0.119224	0.163933
0.152356	0.396887
0.191425	0.460378
0.155698	0.343315
0.192416	0.467571
0.146351	0.346120
0.147036	0.197029
0.146943	0.449647
0.206261	0.751820
0.121446	0.140877
0.166612	0.214929
0.348220	1.967441
0.101108	0.094031
0.145201	0.366634
0.113089	0.118743
0.256562	0.477206
0.187224	0.418445
0.131610	0.203995
0.125809	0.271748
0.090661	0.161376
0.135375	0.167865
0.093152	0.206331
0.041974	0.108083
0.091573	0.167579
0.077394	0.144339
0.111208	0.293033
0.162132	0.341289
0.133469	0.174845
0.168388	0.213011
0.109681	0.140391
0.118049	0.163497
0.132024	0.556483
0.093525	0.293667
0.067055	0.116340
0.193763	0.212170
0.137359	0.303564
0.174716	0.275178
0.171851	0.318783
0.204103	0.310237
0.125469	0.113550
0.167862	0.268579
0.184023	0.199665
0.180660	0.337834
0.124190	0.176349
0.110121	0.139854
0.068210	0.089014
0.157862	0.267576
0.085435	0.167026
0.063051	0.177172
0.110711	0.177692
0.078744	0.134652
0.088679	0.211057
0.096853	0.289107
0.102914	0.180099
0.126703	0.281915
0.117980	0.198207
0.092549	0.124478
0.161981	0.341779
0.129138	0.207266
0.119291	0.165218
0.090805	0.243357
0.134176	0.489072
0.073083	0.315353
0.051146	0.181823
0.145719	0.257195
0.204963	0.464242
0.188231	0.436695
0.124117	0.131564
0.146922	0.312944
0.081614	0.410110
0.146795	0.204780
0.129208	0.228697
0.108660	0.130391
0.170001	0.310251
0.159178	0.429780
0.102819	0.170680
0.086311	0.148455
0.070587	0.133057
0.132453	0.213249
0.094463	0.124691
0.121472	0.252054
0.179375	0.341709
0.090007	0.185864
0.087696	0.192494
0.098913	0.204256
0.092162	0.152527
0.164107	0.265033
0.156470	0.200282
0.141364	0.146312
0.140794	0.156985
0.105958	0.114435
0.200449	0.404908
0.140343	0.160693
0.078986	0.122033
0.099263	0.201503
0.098586	0.154287
0.119896	0.170852
0.195252	0.884490
0.142101	0.321859
0.052113	0.490123
0.064072	0.118853
0.078414	0.127031
0.119764	0.144316
0.108661	0.196132
0.084473	0.184573
0.149954	0.280414
0.124527	0.177451
0.089743	0.153011
0.156177	0.552087
0.144346	0.256214
0.064248	0.117573
0.125492	0.183219
0.083561	0.113225
0.106084	0.241342
0.088527	0.201842
0.075704	0.153680
0.082472	0.211954
0.099235	0.162249
0.147673	0.481414
0.111809	0.173304
0.150172	0.362664
0.123146	0.431627
0.134026	0.184956
0.250035	0.390054
0.198938	0.364057
0.176524	0.233894
0.138970	0.199421
0.113077	0.132865
0.100359	0.130467
0.125449	0.136112
0.152887	0.323356
0.091886	0.155287
0.144931	0.265224
0.144341	0.207850
0.092138	0.130836
0.157839	0.202034
0.266134	0.734531
0.192869	0.302804
0.113500	0.118040
0.165167	0.145347
0.205747	0.253068
0.121223	0.110313
0.115629	0.132974
0.119030	0.113078
0.171973	0.164234
0.250540	0.221728
0.217147	0.302920
0.104086	0.147803
0.112573	0.148597
0.151209	0.227570
0.111799	0.114035
0.152701	0.193930
0.171483	0.348111
0.168835	0.407737
0.224023	0.201620
0.133629	0.159019
0.141559	0.125988
0.100482	0.148714
0.121634	0.257256
0.140143	0.266272
0.120986	0.124616
0.398664	0.603977
0.260070	0.188551
0.294186	0.335371
0.125664	0.332382
0.127595	0.231584
0.112071	0.297548
0.210355	0.260840
0.155428	0.198948
0.297210	0.407178
0.161221	0.207975
0.098279	0.121374
0.127597	0.136528
0.209596	0.270379
0.127030	0.247073
0.225690	0.322736
0.101904	0.163047
0.187921	0.504568
0.133316	0.215973
0.096260	0.167973
0.090645	0.108321
0.114560	0.245731
0.160617	0.508353
0.099094	0.137245
0.231516	0.304444
0.186239	0.465598
0.129624	0.148420
0.120533	0.182607
0.078107	0.114426
0.061181	0.100949
0.104372	0.299027
0.151657	0.215353
0.120396	0.285940
0.080076	0.172163
0.101288	0.190422
0.137971	0.209026
0.184226	0.642950
0.136161	0.143649
0.138976	0.166077
0.089211	0.090995
0.132123	0.229894
0.135294	0.263824
0.164427	0.358451
0.121697	0.189847
0.225112	0.443470
0.204838	0.264242
0.174591	0.152767
0.151413	0.443641
0.202230	0.174929
0.144402	0.160286
0.141546	0.225766
0.045726	0.098311
0.170114	0.394665
0.169697	0.441213
0.144884	0.218051
0.153283	0.227625
0.196834	0.278520
0.181137	0.156683
0.152981	0.158335
0.239102	0.318006
0.285811	0.435862
0.287817	0.575635
0.179614	0.158060
0.399816	1.435339
0.207254	0.294301
0.312344	0.540356
0.080269	0.146893
0.114206	0.174164
0.147920	0.244067
0.225068	0.591929
0.118046	0.225467
0.090779	0.138438
0.112893	0.314408
0.147707	0.273996
0.140387	0.231638
0.072040	0.129672
0.144187	0.391468
0.117868	0.319421
0.089893	0.182033
0.214095	0.469939
0.152710	0.145074
0.206307	0.482757
0.164795	0.177155
0.263087	0.590631
0.221556	0.420956
0.178174	0.396437
0.119918	0.159491
0.210811	0.211865
0.169123	0.143755
0.294144	0.367681
0.251891	0.321161
0.134093	0.198458
0.141021	0.209416
0.192878	0.414689
0.145435	0.212336
0.200236	0.237280
0.166659	0.272488
0.216257	0.242207
0.123348	0.141233
0.140825	0.142233
0.135787	0.158871
0.134098	0.162929
0.194703	0.217094
0.236504	0.604269
0.172678	0.328088
0.129933	0.212440
0.123893	0.174070
0.133254	0.211875
0.179991	0.550774
0.123116	0.415517
0.133393	0.243442
0.110919	0.186344
0.136401	0.248931
0.116730	0.151166
0.111090	0.238843
0.113965	0.283773
0.089002	0.257215
0.079480	0.144256
0.078820	0.116653
0.151590	0.200099
0.163811	0.262916
0.109893	0.209347
0.095729	0.103865
0.168126	0.290857
0.163350	0.168251
0.301804	0.712258
0.144265	0.199086
0.107233	0.180687
0.144920	0.214482
0.178677	0.804941
0.114913	0.638919
0.125079	0.126955
0.119678	0.188493
0.093877	0.111713
0.108357	0.246512
0.125920	0.181954
0.153600	0.234239
0.128132	0.242170
0.213882	1.177421
0.120812	0.222898
0.088311	0.146155
0.139140	0.192708
0.108553	0.174770
0.250923	0.358820
0.107741	0.116899
0.138981	0.149405
0.265972	0.183521
0.146749	0.103458
0.143580	0.282135
0.150742	0.307514
0.144842	0.136876
0.167480	0.216887
0.264453	0.420481
0.156599	0.148769
0.231808	0.385960
0.142478	0.173823
0.123386	0.211607
0.115271	0.201725
0.106434	0.175083
0.152964	0.263098
0.128856	0.298946
0.188442	0.381594
0.135495	0.268280
0.106469	0.145331
0.110259	0.171452
0.164436	0.189102
0.167933	0.144423
0.272719	0.571345
0.150570	0.152076
0.126904	0.162437
0.215325	0.503861
0.214926	0.505077
0.225013	0.220513
0.364844	0.705973
0.185444	0.220679
0.265089	0.441373
0.202237	0.152689
0.266780	0.453525
0.245175	0.481770
0.166345	0.136403
0.164537	0.158778
0.275143	0.207733
0.226771	0.190487
0.224567	0.391869
0.185064	0.214674
0.231472	0.434010
0.125737	0.125737
0.234855	0.420391
0.142497	0.157460
0.205382	0.272132
0.203852	0.229334
0.155108	0.183028
0.173883	0.197357
0.246013	0.501866
0.159538	0.167515
0.135310	0.104189
0.146294	0.533972
0.114288	0.137717
0.281173	0.711368
0.188423	0.211976
0.195234	0.283089
0.221524	0.459663
0.331116	0.640709
0.412116	0.721203
0.284630	0.310247
0.165788	0.115222
0.173531	0.166589
0.289079	0.602730
0.212058	0.408212
0.171774	0.402811
0.092093	0.121102
0.186895	0.380331
0.173227	0.220865
0.092645	0.125997
0.151809	0.176098
0.130907	0.232360
0.176388	0.233714
0.193086	0.493334
0.123291	0.104797
0.151113	0.192670
0.208676	0.576990
0.204730	0.688916
0.156018	0.201263
0.184291	0.163097
0.188045	0.351643
0.147812	0.229109
0.203407	0.483092
0.142069	0.215234
0.137106	0.119282
0.124751	0.201473
0.246299	0.400235
0.138233	0.110587
0.152728	0.101564
0.207413	0.381640
0.323845	0.762654
0.161090	0.181226
0.270321	0.460898
0.272324	0.300918
0.125527	0.106698
0.244917	0.386970
0.250888	0.944594
0.248598	0.311991
0.266131	0.645369
0.109726	0.116859
0.162591	0.122756
0.166249	0.226929
0.224280	0.371184
0.207030	0.267069
0.227981	0.249639
0.222393	0.318021
0.177384	0.273171
0.261164	0.214154
0.136071	0.119743
0.285422	1.017529
0.189522	0.354407
0.145391	0.205001
0.218695	0.275555
0.218629	0.256889
0.292186	0.480646
0.138761	0.121416
0.281777	0.662177
0.154631	0.241224
0.215165	0.223772
0.154760	0.192676
0.198228	0.330049
0.205825	0.196563
0.239247	0.173454
0.131214	0.176482
0.294115	0.523525
0.258078	0.510995
0.177532	0.136699
0.144564	0.173477
0.212101	0.279973
0.206175	0.175248
0.265087	0.412211
0.188266	0.222154
0.269993	0.287543
0.243015	0.244230
0.158578	0.113383
0.226277	0.336022
0.199270	0.190303
0.277313	0.391011
0.240590	0.211719
0.247859	0.340806
0.174149	0.209850
0.239373	0.639125
0.187190	0.216205
0.173692	0.249248
0.223077	0.370308
0.216999	0.260399
0.115829	0.129150
0.235176	0.492693
0.251941	0.366575
0.403690	0.498557
0.297638	0.632480
0.234792	0.336927
0.199183	0.323672
0.206367	0.220813
0.207037	0.308486
0.226693	0.334372
0.208845	0.211978
0.151854	0.176910
0.339563	1.431258
0.172355	0.122372
0.168698	0.231116
0.315685	0.438802
0.308663	0.405891
0.183978	0.261249
0.169155	0.304480
0.217395	0.143481
0.206371	0.237326
0.163117	0.255278
0.264231	0.479580
0.229093	0.379149
0.176599	0.325825
0.261903	0.489758
0.181820	0.178183
0.170612	0.232032
0.252828	0.610580
0.184949	0.221014
0.165303	0.281016
0.216778	0.562539
0.194737	0.140211
0.210233	0.244921
0.141034	0.212257
0.123634	0.147742
0.248302	0.320309
0.193153	0.183495
0.208704	0.325579
0.160451	0.256722
0.195682	0.431478
0.087423	0.143811
0.100154	0.159244
0.168689	0.581978
0.125732	0.162195
0.102774	0.145938
0.101062	0.134413
0.081729	0.126271
0.128433	0.299249
0.118796	0.168097
0.104373	0.219183
0.146919	0.367298
0.145707	0.239687
0.182512	0.259167
0.113944	0.203961
0.139258	0.356501
0.188993	0.290104
0.140455	0.149585
0.219608	0.372235
0.158290	0.184408
0.135575	0.227088
0.170556	0.318939
0.122089	0.141623
0.164128	0.354517
0.156640	0.339910
0.146602	0.183985
0.083068	0.109235
0.143307	0.384780
0.099398	0.149096
0.169971	0.394332
0.155753	0.374585
0.106162	0.269121
0.104075	0.142062
0.115542	0.138073
0.114711	0.251790
0.139351	0.190911
0.134129	0.223995
0.138455	0.190376
0.147980	0.224190
0.171275	0.423048
0.214168	0.730314
0.137206	0.206495
0.148646	0.183578
0.121341	0.205673
0.169049	0.214693
0.145081	0.233580
0.219653	0.287746
0.148780	0.223914
0.121718	0.119892
0.182505	0.166992
0.275519	0.392615
0.196409	0.202301
0.153753	0.223711
0.216513	0.229504
0.138935	0.141714
0.339592	0.526367
0.173385	0.235804
0.163907	0.236845
0.142753	0.197000
0.166958	0.322229
0.156676	0.338421
0.123214	0.216241
0.107745	0.277982
0.064109	0.098086
0.103835	0.181712
0.172232	0.536503
0.209602	0.290299
0.265394	1.434456
0.128729	0.173141
0.154322	0.367286
0.124659	0.194469
0.069127	0.096778
0.159585	0.379812
0.249498	0.520204
0.133996	0.215733
0.107738	0.219247
0.156264	0.290650
0.161069	0.126439
0.168436	0.327607
0.174657	0.232293
0.143966	0.381510
0.169613	0.402831
0.092585	0.122212
0.113806	0.166157
0.132925	0.305062
0.086598	0.123401
0.162866	0.202769
0.122877	0.171414
0.188258	0.737972
0.126970	0.235530
0.215112	0.574348
0.153511	0.198797
0.099285	0.119638
0.171105	0.230137
0.115896	0.163414
0.253523	0.836627
0.141564	0.254108
0.154265	0.426541
0.078008	0.144314
0.187792	0.611263
0.143104	0.262596
0.181385	0.244869
0.214910	0.609271
0.144855	0.262912
0.188433	0.185606
0.129198	0.133074
0.199814	0.425604
0.121156	0.164773
0.251789	0.728929
0.208902	0.353044
0.176217	0.208817
0.168861	0.189124
0.179649	0.413192
0.196064	0.498001
0.135710	0.221207
0.091042	0.103333
0.188220	0.382087
0.161107	0.378601
0.121494	0.193175
0.128226	0.234654
0.166909	0.261212
0.145247	0.296304
0.118881	0.184860
0.143374	0.286747
0.182772	0.216585
0.164715	0.172951
0.204593	0.374405
0.148033	0.318271
0.162149	0.182418
0.149854	0.152102
0.212762	0.421269
0.279829	0.796114
0.152386	0.187435
0.172563	0.238999
0.141369	0.164694
0.159470	0.218474
0.119250	0.171719
0.189496	0.581753
0.122800	0.177446
0.224593	0.323414
0.117298	0.130201
0.203648	0.413406
0.202528	0.214680
0.240879	0.350478
0.189826	0.241079
0.167422	0.161562
0.247962	0.337229
0.112472	0.106848
0.231805	0.548219
0.201151	0.312790
0.154198	0.127213
0.136696	0.250153
0.172836	0.371598
0.173476	0.294042
0.133970	0.209663
0.197628	0.288538
0.143199	0.221959
0.177285	0.209196
0.130695	0.137883
0.143569	0.249810
0.197406	0.648480
0.206125	0.357627
0.177210	0.308346
0.110243	0.148827
0.153104	0.189083
0.123308	0.258330
0.159946	0.175941
0.124077	0.138346
0.274685	0.424388
0.219149	0.575266
0.208947	0.182829
0.225773	0.248350
0.170581	0.224314
0.193137	0.193137
0.114683	0.139913
0.122679	0.224503
0.156190	0.309256
0.197751	0.432087
0.129550	0.261044
0.090278	0.113751
0.173035	0.164383
0.171835	0.348826
0.183298	0.338184
0.188086	0.171158
0.205148	0.374395
0.264661	0.546525
0.237174	0.550243
0.326233	0.525235
0.253827	0.494962
0.148874	0.130264
0.216444	0.454533
0.211548	0.242222
0.159651	0.237880
0.188315	0.145944
0.125180	0.139576
0.139959	0.279918
0.186187	0.374236
0.129477	0.148251
0.184267	0.429343
0.182502	0.276490
0.200927	0.376738
0.227422	0.233108
0.199964	0.394929
0.105791	0.122189
0.178790	0.244049
0.160253	0.316500
0.113022	0.242998
0.163831	0.376812
0.145362	0.155537
0.154819	0.276353
0.149690	0.270939
0.194261	0.517705
0.134496	0.244110
0.222235	0.165565
0.133256	0.153244
0.202493	0.150857
0.222063	0.284240
0.181599	0.417678
0.094844	0.194430
0.096397	0.150380
0.188844	0.431508
0.213004	0.421748
0.160245	0.361353
0.154239	0.148069
0.234000	0.299519
0.159751	0.113423
0.115899	0.089242
0.263831	0.945835
0.190644	0.393679
