Velocity(m/s)	Chord(mm)
0.216766	0.928841
0.157387	0.477671
0.196674	0.348112
0.082694	0.104194
0.097845	0.169272
0.126738	0.160323
0.254464	0.961874
0.211001	0.231046
0.132030	0.142593
0.159757	0.241232
0.129324	0.147430
0.119279	0.249889
0.155200	0.416711
0.137298	0.424939
0.127068	0.208391
0.129027	0.297406
0.103337	0.112121
0.112979	0.093773
0.222101	0.225432
0.292278	1.597297
0.029227	0.196256
0.192446	0.359875
0.144549	0.208874
0.191293	0.287896
0.192829	0.484964
0.083936	0.209001
0.163179	0.565416
0.123466	0.314838
0.175480	0.504504
0.190013	0.312571
0.091467	0.121194
0.095986	0.115183
0.122129	0.274180
0.127382	0.257311
0.097070	0.092701
0.125917	0.307866
0.074371	0.144280
0.103381	0.141115
0.209417	0.342396
0.136672	0.171524
0.080344	0.134977
0.129402	0.193456
0.159236	0.254777
0.275493	0.776891
0.098897	0.190871
0.135785	0.179915
0.127877	0.127237
0.181602	0.211566
0.105566	0.172072
0.129984	0.254119
0.129331	0.239262
0.113017	0.133360
0.117351	0.404862
0.087804	0.111950
0.082678	0.084745
0.082433	0.159921
0.092299	0.232593
0.080376	0.320298
0.219920	0.874181
0.229999	0.520948
0.070990	0.125298
0.132417	0.168170
0.179674	0.219202
0.120216	0.142456
0.124429	0.194109
0.135669	0.354097
0.088934	0.130733
0.191072	0.511118
0.110603	0.188578
0.072218	0.124937
0.128877	0.261621
0.170821	0.422781
0.092923	0.157969
0.077977	0.118135
0.109072	0.179424
0.098936	0.246350
0.089851	0.107822
0.114031	0.240035
0.101859	0.208302
0.115742	0.183451
0.082132	0.221346
0.112030	0.276153
0.132043	0.200705
0.115727	0.156810
0.207474	0.313286
0.164798	0.218358
0.095359	0.120152
0.171155	0.190837
0.161206	1.048647
0.175280	0.419794
0.112416	0.215276
0.097381	0.211316
0.094359	0.185887
0.100402	0.245984
0.076964	0.220116
0.070010	0.112366
0.094853	0.274599
0.124887	0.402136
0.094803	0.335130
0.103948	0.532732
0.080926	0.139192
0.090328	0.162590
0.275754	2.246013
0.250586	0.656535
0.291058	0.675254
0.139598	0.131920
0.192454	0.371437
0.182726	0.185467
0.152831	0.198680
0.217011	0.563144
0.179508	0.331193
0.185780	0.106823
0.136443	0.203301
0.164634	0.386889
0.083052	0.125824
0.093778	0.171145
0.143241	0.252820
0.128368	0.245824
0.067075	0.097930
0.148478	0.210839
0.181456	0.239521
0.094530	0.166845
0.128156	0.722801
0.109112	0.189309
0.119499	0.330415
0.092701	0.122828
0.183211	0.430546
0.111683	0.346219
0.051686	0.138776
0.178942	0.356094
0.106011	0.163256
0.131531	0.213081
0.156689	0.340015
0.107651	0.173856
0.118569	0.120347
0.091676	0.090759
0.221982	0.503899
0.117367	0.270530
0.102731	0.248096
0.094689	0.097530
0.179473	0.416379
0.085018	0.120725
0.093066	0.096323
0.098844	0.111199
0.213760	1.245151
0.253292	0.457192
0.189116	0.552219
0.181397	0.316538
0.111116	0.181120
0.314601	0.888747
0.108377	0.167984
0.228935	0.485341
0.125574	0.221010
0.129049	0.129694
0.239126	0.570317
0.128943	0.314620
0.159159	0.471907
0.124653	0.111564
0.130217	0.303406
0.103920	0.135616
0.151184	0.430876
0.059344	0.097918
0.165387	0.976611
0.120249	0.191196
0.165826	1.043043
0.088129	0.175378
0.091732	0.231164
0.083142	0.169609
0.063563	0.096615
0.239064	0.910834
0.217505	0.672092
0.086183	0.150389
0.098596	0.186346
0.076451	0.137994
0.072750	0.211702
0.160059	0.547400
0.125133	0.319714
0.086216	0.123720
0.141494	0.189601
0.091701	0.142137
0.146177	0.373482
0.080018	0.148033
0.114431	0.230578
0.208519	0.847629
0.067659	0.129567
0.122838	0.182414
0.163463	0.506736
0.097924	0.127301
0.149374	0.600483
0.111482	0.099219
0.204692	0.344906
0.166897	0.255352
0.185147	0.247171
0.187281	0.220992
0.141743	0.138909
0.230495	0.190158
0.194655	0.274464
0.188931	0.583798
0.175662	0.456721
0.104508	0.172960
0.136047	0.195228
0.217914	0.406410
0.203646	0.322779
0.153715	0.352007
0.142876	0.163593
0.165336	0.496836
0.066885	0.104341
0.210559	0.597987
0.149376	0.248711
0.086485	0.147889
0.138025	0.338162
0.098599	0.171069
0.086984	0.140044
0.120215	0.247642
0.123095	0.124941
0.213053	0.278034
0.157077	0.227762
0.093471	0.140675
0.084546	0.094268
0.144163	0.103797
0.117237	0.109030
0.145279	0.122034
0.199978	0.135985
0.383291	0.607515
0.209991	0.455680
0.161232	0.194285
0.215770	0.192035
0.176111	0.176111
0.211876	0.676944
0.106963	0.109102
0.133941	0.172784
0.165616	0.293140
0.195683	0.292546
0.134436	0.186866
0.219839	0.227533
0.237736	0.448133
0.120992	0.198426
0.189651	0.315769
0.257710	0.590156
0.161518	0.364224
0.207569	0.571853
0.152208	0.246577
0.255018	1.215163
0.190081	0.199585
0.099968	0.077975
0.110420	0.212559
0.242529	0.676657
0.134020	0.162834
0.197051	0.749779
0.183162	0.514685
0.137152	0.133038
0.292517	1.554728
0.093834	0.129022
0.204613	0.412294
0.092684	0.171465
0.089498	0.143644
0.256725	1.017914
0.118500	0.117315
0.221759	0.364794
0.203598	0.462168
0.131380	0.114957
0.179583	0.345698
0.146279	0.226001
0.211124	0.250182
0.123180	0.090537
0.205045	0.181465
0.164164	0.177297
0.148297	0.173507
0.172513	0.186314
0.129910	0.114321
0.128948	0.105737
0.186886	0.502723
0.138482	0.111478
0.203586	0.453996
0.162804	0.230367
0.259440	0.511096
0.244855	0.330554
0.192842	0.354829
0.168747	0.366181
0.085215	0.107798
0.054341	0.085044
0.077484	0.101504
0.166548	0.435524
0.231152	0.391802
0.137434	0.197218
0.118202	0.121748
0.161288	0.153224
0.155783	0.455666
0.128387	0.322894
0.103498	0.105568
0.089903	0.113278
0.131256	0.406893
0.205486	0.536319
0.314413	0.455898
0.110976	0.153702
0.136733	0.198946
0.124872	0.201044
0.152839	0.375983
0.248070	0.718163
0.065545	0.144200
0.204001	0.967984
0.081747	0.169624
0.111485	0.254185
0.072293	0.105186
0.078616	0.251965
0.188025	0.418355
0.087784	0.099634
0.160746	0.264427
0.136273	0.268459
0.117360	0.360294
0.117344	0.123797
0.119837	0.179756
0.157103	0.214445
0.103575	0.101504
0.092522	0.165614
0.238942	0.676205
0.123612	0.204578
0.145534	0.325268
0.071545	0.140587
0.119513	0.163733
0.093880	0.224842
0.125351	0.504539
0.204790	0.529381
0.271969	0.390276
0.175574	0.386263
0.087507	0.132572
0.112792	0.224455
0.104280	0.426503
0.057164	0.095178
0.084647	0.237011
0.091049	0.215786
0.054990	0.084135
0.105686	0.149545
0.184665	0.601084
0.107618	0.231378
0.119480	0.176831
0.080532	0.142541
0.072392	0.239619
0.276309	1.087274
0.145410	0.566371
0.156993	0.459990
0.079376	0.186930
0.107695	0.202466
0.141802	0.330399
0.231292	0.954081
0.136017	0.197905
0.115146	0.157749
0.161734	0.337216
0.148679	0.209637
0.248159	0.704770
0.256876	0.477790
0.115407	0.135027
0.174149	0.184598
0.176258	0.334891
0.170178	0.278241
0.078381	0.143046
0.150923	0.221102
0.225374	1.121236
0.121229	0.127897
0.095652	0.143956
0.104022	0.233529
0.155981	0.237091
0.080157	0.104204
0.154670	0.320940
0.081592	0.089343
0.147053	0.217639
0.157657	0.230967
0.107180	0.102357
0.182433	0.306487
0.162478	0.383447
0.163621	0.265066
0.126294	0.107350
0.121818	0.150445
0.120216	0.251852
0.120082	0.289997
0.064228	0.353255
0.113926	0.255764
0.122973	0.137729
0.134034	0.130683
0.128071	0.179940
0.149074	0.418154
0.141243	0.471751
0.117415	0.147356
0.143740	0.296824
0.107990	0.190062
0.164371	0.409284
0.092732	0.173873
0.176821	0.374861
0.106968	0.134779
0.181307	0.332698
0.100105	0.115121
0.135060	0.217446
0.135952	0.269186
0.161048	0.672377
0.144027	0.151948
0.114875	0.149338
0.155694	0.400134
0.112322	0.269011
0.110713	0.207588
0.090468	0.137964
0.161669	0.236845
0.132034	0.264068
0.092402	0.126128
0.154448	0.603121
0.133287	0.328553
0.169612	0.376538
0.095954	0.128098
0.156819	0.232093
0.136473	0.191745
0.137620	0.423182
0.094454	0.164823
0.100043	0.143561
0.117377	0.331004
0.103463	0.206927
0.122924	0.192991
0.113874	0.215222
0.099337	0.128145
0.099013	0.123272
0.136646	0.183789
0.120696	0.147852
0.135904	0.099210
0.205030	0.229634
0.284780	1.216009
0.139186	0.171894
0.245371	1.506580
0.181505	0.201471
0.133860	0.199451
0.187204	0.250853
0.190653	1.147731
0.101983	0.140737
0.185412	0.575703
0.222405	0.534885
0.121995	0.281198
0.304415	1.074586
0.076413	0.116147
0.155845	0.254027
0.113600	0.174944
0.123183	0.210027
0.126752	0.155905
0.220451	0.990925
0.119915	0.148095
0.178930	0.522474
0.168694	0.289310
0.125994	0.367902
0.128402	0.149588
0.087723	0.162287
0.141611	0.346239
0.221387	0.395175
0.241504	0.667759
0.121974	0.165884
0.102604	0.133899
0.076471	0.093295
0.118748	0.185840
0.161768	0.190078
0.129084	0.109721
0.183223	0.409502
0.104415	0.146181
0.188255	0.237201
0.253007	0.406077
0.181203	0.150399
0.133386	0.243430
0.128035	0.186931
0.120241	0.155712
0.102414	0.298536
0.175097	0.363326
0.124761	0.136614
0.136394	0.300068
0.219924	0.638879
0.111853	0.185116
0.096280	0.120350
0.146073	0.165793
0.095925	0.169308
0.131126	0.151451
0.150898	0.288970
0.119632	0.143558
0.121113	0.442667
0.068519	0.110316
0.179855	0.845317
0.055755	0.086421
0.107611	0.235129
0.122892	0.325665
0.053580	0.082514
0.088031	0.128525
0.127715	0.164114
0.195271	0.842596
0.143592	0.394878
0.122314	0.396299
0.144885	0.252100
0.105868	0.226557
0.056159	0.156964
0.080354	0.159904
0.079606	0.129757
0.124528	0.455151
0.093880	0.201373
0.109148	0.303978
0.076016	0.137588
0.080681	0.132720
0.176506	0.349483
0.111354	0.189859
0.081696	0.155222
0.090109	0.183823
0.123970	0.428936
0.097728	0.235036
0.091999	0.319697
0.076601	0.144010
0.077244	0.172640
0.200944	0.786696
0.054075	0.130591
0.095020	0.274133
0.094386	0.265226
0.158840	0.340712
0.045586	0.092084
0.122367	0.394635
0.081799	0.163598
0.120597	0.338878
0.078040	0.274700
0.051741	0.143322
0.048176	0.142600
0.146995	0.305016
0.057776	0.093308
0.065141	0.164480
0.118441	0.193059
0.079458	0.195467
0.119528	0.359779
0.082082	0.176067
0.169113	0.540318
0.089421	0.132790
0.122876	0.390132
0.074446	0.097152
0.140764	0.296308
0.156299	0.831513
0.070734	0.167640
0.106321	0.130774
0.113228	0.242308
0.117010	0.102384
0.077086	0.127191
0.132780	0.298091
0.075048	0.098688
0.047182	0.088466
0.143254	0.394665
0.153873	0.442384
0.135126	0.150666
0.247536	0.727755
0.170190	0.254434
0.128931	0.232076
0.087025	0.276741
0.113217	0.361729
0.028172	0.072121
0.178790	1.074529
0.185523	0.409078
0.208900	0.498226
0.172024	0.376732
0.106997	0.100042
0.263413	2.244279
0.093423	0.264388
0.112833	0.162479
0.079865	0.129780
0.093927	0.469164
0.082624	0.221432
0.097677	0.217819
0.070954	0.223506
0.143566	0.213914
0.111915	0.146609
0.139880	0.248286
0.049930	0.145795
0.128880	0.206853
0.056704	0.177200
0.060136	0.155452
0.072008	0.118454
0.076031	0.181715
0.065362	0.134645
0.109519	0.238751
0.076122	0.121034
0.070543	0.158369
0.085769	0.166821
0.085582	0.112540
0.117294	0.260392
0.070126	0.115707
0.087159	0.349944
0.073793	0.120652
0.078266	0.210536
0.062410	0.105785
0.075192	0.171063
0.078160	0.185240
0.144863	0.212949
0.146972	0.489417
0.121862	0.321105
0.102980	0.125121
0.099706	0.134104
0.101880	0.277622
0.184846	0.438085
0.162140	0.475071
0.094673	0.156683
0.140833	0.411233
0.126435	0.128964
0.113350	0.116751
0.135105	0.133754
0.107670	0.165273
0.145996	0.150375
0.104977	0.117049
0.182330	0.274406
0.112862	0.200330
0.172649	0.348750
0.150949	0.253595
0.174157	0.333511
0.114077	0.132329
0.085054	0.116524
0.131799	0.301162
0.105329	0.219611
0.087564	0.135286
0.139606	0.187072
0.130074	0.123570
0.165815	0.418683
0.105627	0.104571
0.114749	0.160074
0.132721	0.253497
0.139341	0.204831
0.139846	0.364998
0.151400	0.328539
0.111218	0.197411
0.121338	0.279077
0.247055	0.340935
0.165020	0.203800
0.252048	0.264650
0.336287	0.798683
0.153399	0.144195
0.192960	0.350223
0.171494	0.212652
0.211349	0.229314
0.178129	0.175457
0.207098	0.246447
0.117551	0.143412
0.163934	0.210656
0.170967	0.259869
0.165594	0.197056
0.187098	0.392906
0.189738	0.538855
0.156322	0.165701
0.169306	0.160841
0.216122	0.347956
0.193553	0.142261
0.276405	0.364855
0.173977	0.315768
0.268641	0.455347
0.151384	0.181660
0.161038	0.140909
0.158650	0.105502
0.161172	0.133772
0.274301	0.204354
0.102352	0.115146
0.196887	0.250047
0.117243	0.090277
0.174950	0.355149
0.128664	0.126090
0.181957	0.357545
0.187950	0.405972
0.186654	0.344377
0.153872	0.310821
0.192616	0.456500
0.156250	0.303906
0.174092	0.319459
0.243940	0.574478
0.148078	0.138453
0.086774	0.108901
0.114473	0.386919
0.171065	0.298508
0.124368	0.208938
0.124582	0.115862
0.186687	0.715012
0.316599	0.987789
0.134096	0.201814
0.093548	0.164644
0.215864	1.463559
0.140585	0.128635
0.124813	0.297055
0.126893	0.190340
0.079813	0.100964
0.103732	0.247400
0.126453	0.223822
0.046180	0.086125
0.144953	1.058881
0.179867	2.211468
0.078385	0.683123
0.062605	0.177485
0.156345	0.428385
0.065647	0.123744
0.052238	0.180483
0.080003	0.165206
0.049499	0.108155
0.114078	0.361056
0.153791	0.365254
0.113337	1.115237
0.068703	0.207485
0.095271	0.297244
0.061693	0.106112
0.048439	0.100995
0.111737	1.220723
0.046800	0.112553
0.047341	0.124743
0.118289	0.427025
0.205146	1.696560
0.088757	0.176627
0.056139	0.113120
0.059387	0.085517
0.168312	0.403108
0.080710	0.090799
0.100373	0.419059
0.077011	0.089333
0.093654	0.184498
0.094117	0.199999
0.103264	0.174001
0.110412	0.182731
0.084892	0.127338
0.085724	0.186022
0.081580	0.242700
0.086217	0.105185
0.082755	0.109650
0.120295	0.266452
0.089164	0.143999
0.176657	0.697795
0.088377	0.217848
0.165272	0.462760
0.099369	0.239975
0.080975	0.144136
0.109822	0.253140
0.108833	0.239977
0.153168	0.142446
0.132094	0.136057
0.195189	0.501636
0.197704	0.427041
0.140472	0.198065
0.123567	0.169287
0.206857	0.657804
0.240183	1.054402
0.114489	0.231841
0.187775	0.153976
0.174420	0.194479
0.280653	0.757763
0.268914	0.283705
0.212384	0.347248
0.160579	0.111603
0.232191	0.507337
0.222007	0.149855
0.099136	0.089718
0.150521	0.150521
0.167847	0.282822
0.127541	0.169630
0.143411	0.124767
0.186866	0.232648
0.129259	0.242360
0.144675	0.189525
0.193928	0.686505
0.154028	0.341942
0.210521	0.369464
0.156725	0.257813
0.190379	0.242734
0.207108	0.593364
0.124820	0.151656
0.148707	0.374740
0.148764	0.239510
0.289639	0.441699
0.239480	0.514882
0.184272	0.413690
0.166107	0.205973
0.155111	0.261363
0.082040	0.165310
0.069339	0.124117
0.115624	0.413935
0.098673	0.133703
0.150275	0.311820
0.085185	0.149926
0.149105	0.413021
0.094580	0.178283
0.298586	1.449634
0.101065	0.286013
0.111497	0.311077
0.104650	0.325462
0.171143	3.015543
0.167874	0.768862
0.088837	0.368673
0.080514	0.113928
0.087590	0.158538
0.126124	0.199906
0.103788	0.194084
0.116993	0.169639
0.079402	0.117118
0.071170	0.109246
0.104379	0.120558
0.069610	0.093974
0.115334	0.234705
0.101719	0.194284
0.188238	0.304005
0.136774	0.163445
0.177540	0.460716
0.146799	0.182765
0.130630	0.243625
0.101411	0.202823
0.082984	0.102901
0.126533	0.272045
0.167135	0.207247
0.107068	0.188439
0.181723	0.207164
0.131071	0.267385
0.163821	0.291601
0.099380	0.175903
0.083534	0.177092
0.065373	0.089235
0.108938	0.213519
0.088715	0.103353
0.069974	0.136099
0.066744	0.208907
0.099226	0.370609
0.108965	0.304556
0.130036	0.186602
0.083170	0.093150
0.095264	0.192909
0.063689	0.092986
0.133958	0.259878
0.098461	0.113723
0.092134	0.101808
0.210988	0.449404
0.193752	0.554129
0.124420	0.228933
0.247437	1.085009
0.167631	0.217921
0.143983	0.128865
0.159383	0.219949
0.127614	0.162708
0.270318	0.644707
0.139426	0.191710
0.186450	0.257301
0.158898	0.252647
0.117679	0.138272
0.181510	0.299491
0.104348	0.100174
0.200838	0.187784
0.142973	0.158700
0.188781	0.222761
0.118902	0.086798
0.242615	0.635651
0.098911	0.116715
0.158384	0.167096
0.124089	0.214054
0.187023	0.940725
0.100793	0.175380
0.099211	0.159234
0.071962	0.141046
0.111808	0.196782
0.148986	0.408223
0.214327	0.258264
0.144262	0.131999
0.128925	0.148264
0.221617	0.366777
0.116558	0.125300
0.189487	0.524878
0.097315	0.120184
0.123613	0.214469
0.130570	0.134487
0.185110	0.318389
0.059674	0.107115
0.129912	0.247482
0.084156	0.234375
0.082187	0.101090
0.080402	0.120603
0.151111	0.232710
0.093848	0.137018
0.077756	0.135295
0.068123	0.099120
0.184104	0.458418
0.195216	0.984862
0.146715	0.283159
0.159068	0.665698
0.144355	0.304589
0.143735	0.265910
0.145167	0.246058
0.112562	0.112562
0.280363	1.077997
0.234465	0.453690
0.192774	0.362416
0.167970	0.291428
0.113457	0.094737
0.167765	0.109047
0.163388	0.160938
0.226695	0.320774
0.254378	0.614323
0.180257	0.214506
0.238923	0.450370
0.272212	0.390624
0.152399	0.211073
0.196068	0.506837
0.197703	0.166070
0.279485	0.877582
0.367710	0.691295
0.288166	0.128234
0.226165	0.211464
0.154682	0.303950
0.135444	0.098197
0.256256	0.708549
0.193883	0.294702
0.196083	0.278438
0.203927	0.490445
0.240761	0.257614
0.166086	0.262415
0.172749	0.387821
0.222563	0.231466
0.210118	0.995961
0.279641	1.219233
0.135152	0.162859
0.182931	0.287201
0.163625	0.205349
0.126559	0.212619
0.110974	0.181442
0.137203	0.251081
0.131188	0.228924
0.140423	0.201507
0.099861	0.185242
0.210875	0.485012
0.183147	0.293951
0.078137	0.119159
0.095526	0.196307
0.098492	0.222099
0.204105	0.843974
0.166752	0.272639
0.098157	0.118280
0.085643	0.110908
0.112133	0.297153
0.150075	0.408955
0.108350	0.418773
0.118066	0.288672
0.116557	0.216795
0.072679	0.111925
0.115557	0.273870
0.047962	0.124221
0.093359	0.156844
0.154319	0.368051
0.084289	0.138234
0.076631	0.147131
0.121149	0.223521
0.178570	1.095527
0.207324	0.774356
0.196669	0.334336
0.137367	0.291904
0.105746	0.178183
0.134612	0.122497
0.162133	0.291030
0.099747	0.137651
0.127491	0.144703
0.161378	0.120226
0.175893	0.252407
0.189204	0.397328
0.198421	0.326403
0.243860	0.615746
0.212184	0.364957
0.244823	0.396613
0.113852	0.101898
0.117236	0.156510
0.129888	0.400703
0.157522	0.220531
0.132422	0.273452
0.088482	0.126529
0.131545	0.313076
0.114994	0.192616
0.118300	0.253754
0.112624	0.228627
0.153489	1.010724
0.100067	0.288694
0.097334	0.189314
0.093171	0.282773
0.128083	0.204933
0.213061	0.784065
0.139559	0.249113
0.193185	0.230856
0.109905	0.148371
0.122090	0.204500
0.094799	0.131771
0.076239	0.119313
0.125819	0.245976
0.092673	0.098234
0.101090	0.152646
0.097474	0.146698
0.092186	0.108779
0.106524	0.169373
0.126792	0.313176
0.098520	0.298023
0.080763	0.118721
0.137082	0.347502
0.119086	0.309624
0.071603	0.096305
0.101669	0.160129
0.100383	0.141039
0.079330	0.239180
0.086097	0.273789
0.058888	0.153108
0.045717	0.090520
0.059896	0.120690
0.079443	0.172391
0.071611	0.125677
0.078756	0.096476
0.059904	0.134484
0.098793	0.139298
0.123644	0.283145
0.061447	0.083568
0.094456	0.188911
0.122224	0.307392
0.062151	0.159418
0.092801	0.167970
0.089095	0.150125
0.069854	0.246935
0.069644	0.274746
0.122073	0.708635
0.048534	0.212094
0.065296	0.161934
0.095240	0.302387
0.076606	0.089246
0.076428	0.165084
0.150806	0.443370
0.183046	0.531749
0.129360	0.461814
0.135167	0.287905
0.140523	0.389250
0.065731	0.096296
0.148666	0.722514
0.080718	0.156997
0.111454	0.257460
0.094122	0.196244
0.111964	0.189778
0.135163	0.240591
0.154303	0.234540
0.203877	0.323145
0.148105	0.749409
0.165847	0.215601
0.130227	0.224642
0.144942	0.137695
0.086582	0.087015
0.146588	0.150252
0.123884	0.131936
0.230170	0.370574
0.299164	1.446457
0.220162	0.317033
0.152154	0.136939
0.197224	0.361905
0.238005	0.402229
0.123083	0.147085
0.154723	0.254520
0.148923	0.209982
0.204663	0.244572
0.307845	0.392502
0.189604	0.352664
0.261159	0.876188
0.095088	0.097940
0.153543	0.145098
0.160844	0.310429
0.129334	0.196588
0.165121	0.394639
0.115562	0.172765
0.175865	0.258522
0.288985	0.511503
0.115310	0.133759
0.207539	0.231406
0.217599	0.325311
0.187769	0.340801
0.209311	0.617467
0.156531	0.600298
0.116631	0.242009
0.126236	0.260046
0.185816	0.475688
0.158000	0.376041
0.229229	2.168503
0.128387	0.226604
0.173614	0.485250
0.158991	0.175685
0.142055	0.245755
0.159038	0.186870
0.129768	0.148585
0.202484	0.190335
0.208201	0.384130
0.111716	0.124563
0.114544	0.104807
0.160583	0.147736
0.114287	0.147430
0.115793	0.166163
0.194616	0.281220
0.092823	0.111852
0.180305	0.268654
0.086598	0.089628
0.112615	0.160476
0.225802	0.364670
0.159279	0.127424
0.166722	0.260920
0.365162	1.404049
0.158175	0.174783
0.150261	0.149510
0.163759	0.262832
0.166906	0.166072
0.211276	0.416214
0.223013	0.180640
0.196844	0.245070
0.197718	0.385550
0.228281	0.312745
0.180039	0.125127
0.124972	0.095603
0.241623	0.305654
0.217624	0.682251
0.136091	0.129287
0.223655	0.402580
0.171560	0.283073
0.178584	0.427708
0.207658	0.290722
0.081204	0.083640
0.112129	0.189499
0.092951	0.193804
0.148155	0.668919
0.115916	0.161123
0.112145	0.229897
0.073113	0.464636
0.086319	0.164870
0.091827	0.134986
0.111231	0.175745
0.170706	0.259473
0.117078	0.153373
0.161057	0.254471
0.074663	0.085862
0.177801	0.456059
0.089606	0.133513
0.084285	0.155084
0.191165	0.274322
0.121364	0.175978
0.136756	0.153167
0.160348	0.149124
0.095229	0.113799
0.071329	0.148722
0.093751	0.130782
0.092366	0.092828
0.104125	0.220744
0.104746	0.149262
0.081110	0.226296
0.157655	0.268013
0.084901	0.181687
0.084518	0.240031
0.095998	0.300953
0.179651	0.239835
0.085967	0.111758
0.203320	0.451370
0.156491	0.149449
0.117485	0.134520
0.216474	0.392901
0.267620	0.376006
0.184172	0.254158
0.287198	0.605989
0.114116	0.214538
0.118416	0.127297
0.101785	0.190337
0.224922	0.643276
0.191770	0.348063
0.074136	0.128627
0.123858	0.185786
0.123010	0.119320
0.118450	0.157538
0.134479	0.149944
0.205526	0.169559
0.256249	0.490718
0.254061	0.499230
0.296889	1.631403
0.163118	0.605985
0.267280	1.224143
0.264309	0.518047
0.142914	0.260819
0.216691	0.457218
0.179651	0.759925
0.143528	0.190175
0.104685	0.151793
0.102291	0.177474
0.179640	0.410478
0.127309	0.183325
0.144526	0.469709
0.165611	0.186313
0.145008	0.154434
0.112537	0.234639
0.107466	0.174095
0.171547	0.353387
0.108043	0.311703
0.110643	0.238989
0.072776	0.097520
0.126021	0.369240
0.101270	0.152411
0.122825	0.193450
0.080062	0.095674
0.166896	0.351315
0.129079	0.280101
0.230499	1.070670
0.133777	0.111035
0.121961	0.218921
0.085591	0.100142
0.097937	0.121441
0.168000	1.011362
0.120295	0.179841
0.129019	0.436083
0.128102	0.488711
0.081440	0.178353
0.128034	0.479487
0.075687	0.181270
0.143577	0.272796
0.129512	0.218228
0.090197	0.113649
0.212297	2.205763
0.164965	1.267755
0.174841	1.121605
0.070145	0.092241
0.074284	0.221366
0.075925	0.156785
0.063702	0.104790
0.060150	0.095639
0.042317	0.096060
0.073795	0.116227
0.092579	0.595280
0.042502	0.098605
0.054961	0.141525
0.053972	0.152472
0.110671	0.266163
0.079179	0.214972
0.056637	0.157451
0.080217	0.126342
0.116874	0.451719
0.151616	0.861938
0.064641	0.157724
0.060279	0.121462
0.125579	0.183973
0.083566	0.081895
0.206452	0.945548
0.112731	0.182625
0.115895	0.169207
0.070812	0.117902
0.072603	0.106000
0.143145	0.375041
0.081004	0.116645
0.247029	0.423655
0.318997	1.159555
0.134751	0.159007
0.223247	0.776898
0.227077	0.684637
0.210158	0.519091
0.164660	0.293919
0.121300	0.126152
0.189536	0.379073
0.178635	0.288495
0.148273	0.246875
0.139614	0.159159
0.198380	0.268806
0.204062	0.156107
0.157592	0.352217
0.205643	0.414370
0.256685	1.021606
0.124413	0.116948
0.284708	0.411403
0.208761	0.202498
0.323218	0.429880
0.180945	0.185468
0.251537	0.467860
0.106532	0.094813
0.172704	0.175294
0.178386	0.203360
0.198025	0.408921
0.328464	0.359668
0.231856	0.235334
0.270347	0.456887
0.158135	0.132833
0.279881	1.291649
0.150230	0.120184
0.256429	0.860319
0.256352	0.337103
0.197457	0.110576
0.200192	0.106102
0.203005	0.173569
0.226315	0.537498
0.320135	1.578266
0.343305	0.990435
0.242418	0.303022
0.265113	0.282346
0.266340	0.354233
0.123077	0.121231
0.193939	0.160000
0.210433	0.329327
0.169079	0.162316
0.191512	0.232688
0.181068	0.221808
0.185061	0.180435
0.148718	0.096667
0.236254	0.437069
0.201688	0.315642
0.257601	0.962139
0.115528	0.087224
0.194925	0.385952
0.153586	0.236523
0.126603	0.116475
0.195855	0.946959
0.120207	0.182714
0.111612	0.170208
0.232226	0.414524
0.085325	0.111775
0.096241	0.096722
0.110527	0.174080
0.297789	0.802541
0.204656	0.233308
0.185566	0.323812
0.237005	0.174199
0.321767	1.418992
0.235332	0.258865
0.162644	0.126049
0.156699	0.218594
0.130120	0.130771
0.195028	0.584110
0.131358	0.141866
0.173139	0.145437
0.153522	0.166572
0.249210	0.588137
0.373995	1.092066
0.199284	0.163413
0.187566	0.265405
0.213390	0.391571
0.164973	0.337370
0.152297	0.435569
0.145312	0.255748
0.163570	0.212641
0.256296	0.369066
0.143926	0.182786
0.106496	0.152289
0.166867	0.315378
0.156436	0.366061
0.116608	0.112527
0.203487	0.830228
0.133465	0.222220
0.141834	0.221970
0.123127	0.134208
0.135459	0.281077
0.152248	0.176608
0.138126	0.245864
0.169700	0.514190
0.113835	0.185552
0.240619	0.412661
0.075799	0.117867
0.173886	0.464275
0.160129	0.442757
0.178371	0.897206
0.129871	0.240910
0.084589	0.155220
0.109522	0.237662
0.126467	0.814448
0.072303	0.191964
0.078158	0.174293
0.141128	0.348586
0.100760	0.188420
0.179594	0.580988
0.128976	0.568782
0.067548	0.140163
0.142149	0.263686
0.150856	0.382420
0.111774	0.240314
0.098073	0.136322
0.129481	0.207169
0.071283	0.102647
0.159872	0.319744
0.126243	0.261954
0.143111	0.319853
0.128269	0.244994
0.150260	0.142747
0.085482	0.093603
0.141945	0.272534
0.336337	0.607088
0.197113	0.481941
0.146358	0.242223
0.210221	0.374194
0.228720	0.305341
0.104102	0.125443
0.175380	0.227994
0.146728	0.125452
0.139974	0.285547
0.107899	0.128940
0.096444	0.178904
0.074559	0.131597
0.107809	0.136918
0.107256	0.154985
0.096973	0.140610
0.097223	0.185696
0.158751	0.434977
0.071027	0.122166
0.186880	0.576524
0.174255	0.243086
0.140455	0.297061
0.091681	0.094431
0.044322	0.130529
0.077857	0.182185
0.050729	0.122511
0.048374	0.091670
0.078466	0.232652
0.061303	0.142224
0.113011	0.197769
0.082309	0.130460
0.067493	0.122162
0.068249	0.131380
0.117972	0.162211
0.088707	0.367692
0.147515	0.436645
0.076036	0.111773
0.073109	0.234313
0.067597	0.115252
0.078538	0.191632
0.169300	0.237020
0.083993	0.103311
0.115458	0.232070
0.102635	0.149334
0.126051	0.379415
0.155939	0.401543
0.176211	0.461674
0.061860	0.077944
0.147155	0.161135
0.095228	0.226167
0.080085	0.130137
0.074353	0.129375
0.062617	0.092047
0.060588	0.102393
0.148665	0.686830
0.110300	0.112506
0.117781	0.315653
0.164820	0.222506
0.161952	0.458325
0.122618	0.289992
0.088013	0.202429
0.112120	0.179392
0.089234	0.111097
0.131486	0.205119
0.130234	0.512470
0.122130	0.211896
0.140983	0.167065
0.082881	0.175709
0.125094	0.267075
0.154414	0.193790
0.082422	0.118687
0.085490	0.115411
0.091655	0.152605
0.065804	0.173394
0.066702	0.119730
0.100764	0.257955
0.059924	0.195651
0.143357	1.571907
0.078709	0.243603
0.122412	0.576560
0.084366	0.115582
0.063040	0.202042
0.068495	0.119182
0.110348	0.260973
0.123821	0.373319
0.095751	0.304968
0.096369	0.341147
0.316946	1.556207
0.085589	0.154917
0.089510	0.182601
0.122672	0.260678
0.084362	0.218919
0.103519	0.276913
0.093151	0.132274
0.068810	0.172714
0.157394	0.391911
0.077178	0.148567
0.075237	0.116241
0.169813	0.288682
0.149270	0.220173
0.097986	0.107784
0.089832	0.215148
0.203072	1.021454
0.130700	0.189515
0.183369	0.407079
0.125441	0.276597
0.057365	0.085187
0.089458	0.124346
0.086979	0.130034
0.069332	0.081811
0.097105	0.150028
0.074858	0.185649
0.114002	0.125972
0.108050	0.111292
0.147125	0.163309
0.170881	0.860386
0.062168	0.089211
0.140371	0.130545
0.272701	0.869915
0.171252	0.368191
0.190275	0.329175
0.137074	0.176140
0.237703	2.102481
0.117484	0.134519
0.141393	0.200071
0.136319	0.230379
0.106176	0.108300
0.127454	0.260644
0.161026	0.338155
0.113393	0.181996
0.092348	0.129288
0.139756	0.267632
0.180078	0.378164
0.103381	0.129743
0.105939	0.140370
0.123348	0.111630
0.126963	0.128867
0.152543	0.202883
0.072827	0.097952
0.200915	0.286303
0.165481	0.222573
0.090009	0.131863
0.107030	0.145561
0.158632	0.229224
0.254202	0.387658
0.269219	0.593628
0.225670	0.477292
0.184861	0.263426
0.178786	0.269073
0.276916	0.580140
0.153295	0.130301
0.108764	0.108764
0.185524	0.166044
0.295249	0.463541
0.150246	0.111934
0.155413	0.341131
0.101375	0.108471
0.167135	0.239003
0.188630	0.316899
0.112944	0.156428
0.192407	0.460814
0.228625	0.418385
0.250162	0.821783
0.154268	0.215203
0.100523	0.125654
0.198064	0.427818
0.288323	0.996157
0.138093	0.100117
0.219822	0.886981
0.218051	0.824234
0.268767	0.619509
0.261193	0.253357
0.189597	0.596282
0.150738	0.190684
0.160551	0.557916
0.207374	0.176268
0.129433	0.194150
0.214034	0.314630
0.138487	0.198036
0.246684	0.895463
0.186777	0.207323
0.179696	0.407910
0.171300	0.393133
0.157875	0.251021
0.130295	0.407822
0.256795	0.459664
0.189033	0.360108
0.140010	0.317822
0.208094	0.913533
0.188960	0.289110
0.193771	0.323597
0.132866	0.096328
0.153523	0.201116
0.197069	0.316296
0.264387	0.579008
0.204130	0.558296
0.096104	0.107156
0.118349	0.515411
0.102943	0.170370
0.050827	0.110294
0.074567	0.219974
0.106851	0.196607
0.071610	0.147158
0.057095	0.141597
0.109647	0.197913
0.083785	0.091325
0.214853	0.807846
0.152574	0.189955
0.164950	0.985574
0.133962	0.241802
0.166472	0.504409
0.092520	0.134617
0.098745	0.254269
0.214878	0.263226
0.191049	0.171944
0.285136	0.678624
0.090831	0.102185
0.224795	0.273126
0.185447	0.335659
0.182142	0.240428
0.161559	0.144595
0.130497	0.161816
0.192297	0.341326
0.087626	0.116105
0.195257	0.205996
0.122276	0.115551
0.204335	0.165511
0.196867	0.299238
0.158967	0.356882
0.113047	0.233441
0.139649	0.164087
0.135045	0.334911
0.148301	0.404119
0.164256	0.420495
0.152449	0.153974
0.168562	0.278127
0.145942	0.296263
0.120042	0.153654
0.193888	0.334456
0.108521	0.310913
0.101166	0.202333
0.195690	0.921699
0.121318	0.193502
0.138522	0.533311
0.244338	0.455690
0.127419	0.209604
0.160987	0.198819
0.048118	0.113558
0.112581	0.213342
0.082856	0.121384
0.133018	0.285324
0.113208	0.086604
0.265547	0.512505
0.071633	0.103152
0.190220	0.155980
0.126234	0.124340
0.205803	0.228442
0.261730	0.523461
0.224747	0.179798
0.219995	0.339892
0.217820	0.255938
0.188876	0.215318
0.233356	0.150515
0.152894	0.129196
0.159660	0.219532
0.109819	0.174612
0.150689	0.291584
0.159004	0.442032
0.077846	0.118326
0.122239	0.292151
0.152031	0.351193
0.101523	0.104569
0.092436	0.158528
0.229353	0.683473
0.064663	0.110897
0.099993	0.155989
0.164844	0.570361
0.095690	0.106695
0.110738	0.204311
0.091416	0.133924
0.231445	0.573982
0.091950	0.216082
0.106300	0.184430
0.053962	0.090117
0.087551	0.125636
0.090091	0.130632
0.118505	0.317594
0.131600	0.521135
0.065005	0.181040
0.081721	0.103786
0.101220	0.300117
0.145774	0.413997
0.081242	0.155173
0.094824	0.125168
0.116182	0.324728
0.064566	0.108794
0.103654	0.302670
0.167910	0.622108
0.144670	0.248109
0.102642	0.177057
0.108466	0.106839
0.144323	0.176795
0.109423	0.122007
0.168008	0.383057
0.122446	0.101630
0.136138	0.309715
0.330337	1.235461
0.167892	0.386991
0.146890	0.201974
0.085082	0.093590
0.177199	0.249851
0.117284	0.161852
0.128173	0.134581
0.118901	0.307360
0.118369	0.191757
0.114181	0.216943
0.081600	0.142799
0.099372	0.213650
0.186729	0.678761
0.131516	0.215029
0.225989	1.024859
0.183652	0.588604
0.141054	0.308203
0.134048	0.299598
0.156432	0.171293
0.089159	0.150678
0.207733	0.513100
0.080391	0.138674
0.124947	0.235525
0.084029	0.146630
0.146233	0.157932
0.139556	0.293068
0.110255	0.218304
0.122805	0.279380
0.107969	0.174370
0.176716	0.235916
0.223406	0.473620
0.122956	0.170909
0.114243	0.098249
0.158930	0.216145
0.176165	0.142693
0.157773	0.181439
0.204322	0.562908
0.117105	0.121204
0.131264	0.188364
0.167292	0.347130
0.107564	0.133917
0.226156	0.401427
0.255820	0.488617
0.143484	0.182943
0.220068	0.225570
0.251421	0.324333
0.179657	0.201216
0.211555	0.187226
0.161121	0.140175
0.133359	0.158031
0.211878	0.252135
0.187749	0.333255
0.103379	0.100278
0.167229	0.497506
0.154534	0.274297
0.186824	0.360570
0.162921	0.225646
0.256367	0.301232
0.196282	0.264000
0.169713	0.260510
0.149733	0.318932
0.170591	0.532243
0.109943	0.122586
0.178921	0.443725
0.153828	0.298426
0.235091	0.259776
0.279986	1.317335
0.201219	0.294787
0.155524	0.239507
0.160239	0.145016
0.271699	0.456454
0.094609	0.114950
0.112271	0.110587
0.236523	0.493150
0.137421	0.208193
0.203512	0.353094
0.118399	0.226734
0.118180	0.239315
0.131884	0.171449
0.161200	0.638350
0.090688	0.097489
0.140997	0.250974
0.181344	0.180437
0.103445	0.154133
0.155545	0.327422
0.064388	0.137146
0.160494	0.157284
0.184175	0.159312
0.260541	0.495028
0.173792	0.512686
0.354485	0.875577
0.161719	0.098648
0.237665	0.381453
0.313265	0.388449
0.284288	0.396581
0.136535	0.133121
0.119962	0.139756
0.199897	0.327830
0.157950	0.225079
0.202783	0.495804
0.137741	0.154959
0.236960	0.437191
0.175508	0.683602
0.197849	0.312602
0.141272	0.204845
0.099114	0.151644
0.143722	0.120008
0.137568	0.288205
0.191660	0.255865
0.119556	0.123142
0.153217	0.145556
0.211683	0.386321
0.121148	0.114485
0.238597	0.805264
0.201193	0.280665
0.198274	0.179438
0.313975	0.442704
0.288158	0.358757
0.197993	0.394006
0.173266	0.274627
0.192021	0.474292
0.169056	0.300074
0.146241	0.116993
0.188575	0.182918
0.156477	0.233150
0.214721	0.547539
0.196080	0.113726
0.183615	0.240536
0.124628	0.120889
0.118365	0.195894
0.134102	0.328551
0.233872	1.110890
0.149269	0.297046
0.159869	0.241402
0.147278	0.294556
0.143289	0.160483
0.185542	0.290373
0.091980	0.127392
0.209216	0.550239
0.126140	0.132447
0.139011	0.276632
0.193785	0.718944
0.117055	0.179094
0.144824	0.139756
0.137355	0.164140
0.127587	0.176071
0.118426	0.178231
0.161972	0.375774
0.134001	0.231822
0.098423	0.153539
0.096475	0.109499
0.205588	0.619848
0.192989	0.353170
0.258777	0.592600
0.131102	0.210419
0.211322	0.348682
0.123509	0.153768
0.163414	0.413437
0.067185	0.246571
0.168805	0.690411
0.126520	0.081605
0.149296	0.223198
0.130720	0.316997
0.095392	0.095869
0.118401	0.182929
0.155387	0.255611
0.153022	0.167559
0.212520	0.579118
0.117828	0.314010
0.101807	0.172054
0.085893	0.117674
0.102338	0.081359
0.119444	0.151694
0.166791	0.274372
0.220541	0.326400
0.140126	0.331399
0.225442	0.618838
0.095369	0.108721
0.145323	0.132971
0.220095	0.330143
0.245301	1.529453
0.134622	0.282705
0.147973	0.328501
0.190415	0.682639
0.118348	0.137284
0.098680	0.162822
0.098671	0.145539
0.151492	0.315862
0.084286	0.224202
0.077081	0.183067
0.091809	0.170305
0.123297	0.437706
0.069093	0.091549
0.133641	0.275969
0.114726	0.349914
0.106476	0.113930
0.182084	0.225784
0.154315	0.297056
0.079662	0.120289
0.134991	0.203162
0.094516	0.152643
0.076565	0.121739
0.118598	0.224743
0.163978	0.227930
0.134291	0.185993
0.143417	0.240941
0.199572	0.664573
0.188414	0.426758
0.179372	0.328251
0.123074	0.218456
0.096545	0.156886
0.156410	0.265897
0.097311	0.126505
0.121279	0.161301
0.265571	0.444832
0.163335	0.169869
0.099439	0.136231
0.129953	0.290445
0.168316	0.285296
0.163752	0.324228
0.170051	0.204911
0.228270	1.488321
0.115307	0.132603
0.116424	0.123992
0.121308	0.129800
0.215882	0.349729
0.196869	0.379957
0.154995	0.291391
0.124663	0.205071
0.202442	0.286455
0.147022	0.140406
0.129293	0.307070
0.171840	0.157234
0.398197	1.789896
0.205948	0.441758
0.210433	0.812270
0.196404	0.536182
0.187215	0.322009
0.150610	0.211607
0.177639	0.208726
0.137375	0.224608
0.210980	0.754254
0.079852	0.106204
0.147457	0.376753
0.107102	0.191713
0.129581	0.338208
0.093894	0.574162
0.145978	0.199260
0.130333	0.119255
0.189787	0.405196
0.165875	0.299405
0.125516	0.180743
0.138219	0.292334
0.135989	0.216223
0.278101	0.501972
0.113247	0.105320
0.202246	0.686624
0.177726	0.897516
0.165678	0.287451
0.149897	0.131160
0.125295	0.279408
0.096261	0.215144
0.102072	0.163826
0.086144	0.202870
0.074417	0.099718
0.093277	0.254179
0.117072	0.231802
0.075112	0.119053
0.072472	0.088416
0.068924	0.100974
0.132217	0.161966
0.154259	0.326259
0.136129	0.144977
0.154813	0.157135
0.276159	0.552317
0.198440	0.231182
0.190215	0.126493
0.208498	0.225178
0.164934	0.108032
0.190648	0.153472
0.109609	0.221959
0.194820	0.495818
0.131509	0.209099
0.128415	0.125847
0.224987	0.493847
0.172125	0.237532
0.147928	0.090236
0.170775	0.227985
0.127926	0.136881
0.177689	0.302072
0.137229	0.194865
0.167620	0.528004
0.148232	0.377993
0.101276	0.116973
0.125258	0.221081
0.144665	0.300181
0.111781	0.264363
0.159392	0.320378
0.123039	0.145186
0.185164	0.312002
0.122060	0.206281
0.262726	1.473895
0.108936	0.144884
0.086982	0.108293
0.111629	0.160187
0.185258	0.546510
0.100722	0.148062
0.095569	0.103692
0.150833	0.466075
0.090162	0.172208
0.148094	0.562758
0.131387	0.162263
0.193679	0.213047
0.202438	0.413986
0.162602	0.686179
0.103373	0.085800
0.179599	1.027304
0.118028	0.156387
0.271104	0.440544
0.081062	0.096869
0.153424	0.407341
0.162169	0.241631
0.100285	0.232661
0.157692	0.698577
0.064461	0.109906
0.074890	0.120948
0.100149	0.174761
0.103883	0.159460
0.070724	0.109268
0.075595	0.151947
0.094651	0.133931
0.063652	0.120938
0.132516	0.272321
0.101576	0.104623
0.085351	0.091753
0.116859	0.465683
0.141573	0.617258
0.092318	0.125091
0.064168	0.121919
0.130686	0.316913
0.084975	0.101545
0.082047	0.161633
0.070346	0.112553
0.082289	0.134954
0.076551	0.180661
0.051894	0.372341
0.095163	0.117526
0.123920	0.390967
0.112886	0.194728
0.153136	0.404280
0.120695	0.241390
0.067111	0.105699
0.081070	0.168221
0.112867	0.357225
0.066710	0.211472
0.073200	0.121146
0.113410	0.205839
0.053057	0.093646
0.108581	0.480472
0.055679	0.096324
0.104740	0.336739
0.127001	0.347347
0.065807	0.214861
0.179059	1.884599
0.082817	0.195033
0.140614	0.286852
0.072687	0.145375
0.124363	0.129337
0.184026	0.451784
0.149177	0.302829
0.155149	0.330467
0.140503	0.203027
0.088064	0.172605
0.100878	0.199234
0.171165	0.470703
0.079275	0.196204
0.104712	0.479055
0.146027	1.170404
0.052962	0.092418
0.064217	0.136461
0.084503	0.350687
0.058973	0.102317
0.078951	0.109742
0.165648	0.227766
0.154878	0.321373
0.167931	0.682639
0.151328	0.469118
0.178519	0.365964
0.118532	0.154684
0.108004	0.307273
0.082893	0.122267
0.152596	0.868274
0.094157	0.206204
0.074537	0.157645
0.093430	0.131736
0.063190	0.101105
0.117197	0.210369
0.097176	0.298329
0.128288	0.805008
0.086550	0.195171
0.087097	0.391502
0.059790	0.089984
0.068930	0.091677
0.081209	0.128310
0.129077	0.141339
0.124218	0.227941
0.176818	0.612676
0.117784	0.161364
0.192274	1.496855
0.133272	0.156595
0.118318	0.160912
0.076639	0.108444
0.078888	0.134109
0.063303	0.118376
0.070523	0.115305
0.126326	0.135169
0.192877	0.603705
0.068604	0.112167
0.117420	0.351673
0.129081	0.238800
0.100842	0.221853
0.115081	0.207146
0.093769	0.091894
0.081341	0.123231
0.099430	0.140693
0.075794	0.195548
0.105093	0.283227
0.210507	0.735723
0.103302	0.146688
0.160004	0.516814
0.073432	0.119694
0.072658	0.191453
0.141364	0.346343
0.082038	0.159973
0.091949	0.182978
0.094519	0.186202
0.103665	0.175194
0.079666	0.136627
0.127517	0.162584
0.118881	0.419056
0.120855	0.386735
0.174088	0.648477
0.103166	0.107293
0.143499	0.261168
0.164498	0.342979
0.220377	0.511275
0.184650	0.409000
0.131094	0.150758
0.126427	0.156770
0.227614	0.335730
0.254129	0.444726
0.181831	0.532765
0.156411	0.301092
0.210586	0.740208
0.097443	0.132522
0.135025	0.253172
0.108657	0.139081
0.111748	0.105043
0.215790	1.070318
0.089964	0.136745
0.104561	0.119722
0.102285	0.342144
0.164692	0.740291
0.177640	0.442324
0.150203	0.641365
0.200392	0.586147
0.282635	0.532767
0.160455	0.251914
0.093769	0.161752
0.083935	0.102400
0.085721	0.101151
0.112513	0.208149
0.086482	0.103346
0.163664	0.331419
0.134060	0.225221
0.164903	0.389170
0.222482	0.607376
0.111111	0.100556
0.166910	0.279574
0.173323	0.324981
0.170383	0.362915
0.235199	0.585647
0.189631	0.170668
0.231230	0.294818
0.110618	0.166480
0.148408	0.182542
0.184373	0.457245
0.102822	0.230835
0.085861	0.113766
0.177582	0.237072
0.158850	0.323259
0.125760	0.237058
0.148970	0.294216
0.128316	0.292560
0.155720	0.411102
0.087498	0.154433
0.085034	0.109694
0.084827	0.196799
0.097167	0.147694
0.053660	0.126100
0.053989	0.082064
0.089987	0.107535
0.085824	0.128306
0.063271	0.146156
0.105516	0.111320
0.131352	0.195714
0.117018	0.191325
0.095452	0.128383
0.098132	0.179582
0.097089	0.183013
0.138648	1.141075
0.103741	0.248460
0.134880	0.182762
0.155778	0.136306
0.098598	0.164658
0.131528	0.191374
0.167220	1.033422
0.093840	0.106509
0.249683	1.259648
0.114501	0.222132
0.178350	0.304979
0.143513	0.164322
0.161568	0.615573
0.241451	0.416503
0.160176	0.371607
0.132860	0.231176
0.183620	0.209327
0.092727	0.117763
0.125038	0.146919
0.147296	0.340254
0.116759	0.137192
0.088636	0.151124
0.151168	0.439142
0.102392	0.089081
0.102107	0.178176
0.141016	0.620472
0.090370	0.145496
0.153077	0.404123
0.135225	0.193372
0.071834	0.087996
0.115274	0.210951
0.129079	0.341414
0.079124	0.090597
0.093562	0.150635
0.066635	0.134602
0.072457	0.149625
0.065490	0.258359
0.094398	0.273281
0.087646	0.177044
0.098905	0.365949
0.067273	0.151028
0.159354	0.271698
0.065732	0.111415
0.079164	0.101725
0.097710	0.156336
0.059117	0.094291
0.121146	0.187776
0.099313	0.360009
0.075896	0.145341
0.045181	0.082456
0.089433	0.260251
0.109746	0.451057
0.085269	0.107865
0.145616	0.417190
0.118769	0.351557
0.123310	0.325540
0.099861	0.426904
0.106695	0.240597
0.099060	0.167412
0.136367	0.320463
0.105800	0.149178
0.094135	0.156264
0.158452	0.539528
0.184849	0.830895
0.130264	0.179764
0.154710	0.174049
0.083267	0.102002
0.136850	0.353072
0.159015	0.612209
0.092460	0.136379
0.222278	0.459003
0.233844	0.657101
0.207937	0.594701
0.081166	0.120125
0.117089	0.468941
0.063747	0.157137
0.079939	0.231422
0.054257	0.090881
0.055950	0.092038
0.063033	0.183426
0.064718	0.126200
0.173252	0.427932
0.210151	1.705372
0.093300	0.120824
0.113221	0.096238
0.108732	0.317498
0.071899	0.102815
0.118818	0.117035
0.090191	0.293122
0.119037	0.282118
0.107865	0.167191
0.151616	0.316120
0.108884	0.095274
0.196243	0.563216
0.195896	0.218424
0.101313	0.205158
0.135730	0.252459
0.146346	0.388550
0.099820	0.209621
0.227360	0.807127
0.149428	0.515526
0.105383	0.138578
0.069259	0.081726
0.074982	0.217823
0.069333	0.113013
0.080654	0.111302
0.207478	0.539443
0.142871	0.340034
0.121269	0.240113
0.127798	0.346973
0.142687	0.303209
0.104272	0.222098
0.104243	0.166789
0.126858	0.255620
0.093599	0.141335
0.110404	0.171678
0.160490	0.129997
0.180753	0.677823
0.079482	0.100545
0.105521	0.211041
0.093279	0.249987
0.106786	0.173527
0.102181	0.256474
0.089285	0.185266
0.103313	0.180281
0.103949	0.128897
0.127185	0.496656
0.114190	0.154157
0.137950	0.328321
0.130553	0.160580
0.217454	0.297913
0.162804	0.168502
0.113230	0.110400
0.120513	0.110872
0.124726	0.144682
0.197551	0.411894
0.229969	1.018764
0.091988	0.102567
0.087875	0.149827
0.235935	0.353903
0.196677	0.342218
0.146872	0.127778
0.172740	0.391256
0.222976	0.732477
0.098752	0.132328
0.141036	0.263737
0.177407	0.730028
0.082887	0.156656
0.133650	0.157039
0.135595	0.179663
0.145237	0.195344
0.066172	0.120102
0.142582	0.263064
0.158800	0.161976
0.145801	0.279209
0.196820	0.307040
0.164396	0.265499
0.096042	0.160390
0.185753	0.910190
0.163133	0.251225
0.126220	0.218361
0.129336	0.257378
0.226602	0.466801
0.093636	0.233153
0.105543	0.184173
0.151756	0.364973
0.090528	0.132623
0.105846	0.208517
0.084229	0.107814
0.086059	0.267645
0.031208	0.097680
0.166021	1.047595
0.207593	1.488444
0.122015	0.362994
0.051024	0.088783
0.067170	0.097397
0.084138	0.177531
0.135160	0.260859
0.152177	0.244244
0.104737	0.181194
0.088703	0.156561
0.068125	0.099122
0.076247	0.308420
0.146455	0.642939
0.111738	0.359796
0.154606	0.766072
0.094383	0.168946
0.076401	0.150128
0.070471	0.129667
0.104483	0.162994
0.092922	0.389344
0.156690	0.384674
0.075486	0.156633
0.117810	0.494214
0.067510	0.158648
0.071610	0.193705
0.069543	0.132827
0.127814	1.072997
0.062300	0.139241
0.047210	0.098433
0.072459	0.131150
0.132996	0.763399
0.090752	0.227786
0.067487	0.084022
0.060700	0.114420
0.086412	0.292074
0.100107	0.122631
0.091884	0.143340
0.118447	0.148059
0.080030	0.105239
0.123932	0.296818
0.111621	0.204267
0.086516	0.199851
0.075738	0.181013
0.172853	0.341385
0.087919	0.108580
0.185762	0.116101
0.165768	0.169083
0.185095	0.421091
0.116544	0.114796
0.207143	0.540643
0.101035	0.166708
0.097764	0.096297
0.197864	0.356156
0.097448	0.093550
0.151205	0.184470
0.078924	0.126672
0.190102	0.208161
0.217078	0.445010
0.165250	0.284231
0.154332	0.584148
0.095240	0.187624
0.093426	0.227958
0.146190	0.212706
0.115273	0.131988
0.128992	0.390846
0.169812	0.435567
0.112214	0.139145
0.070247	0.125741
0.111367	0.163152
0.195400	0.741542
0.209113	0.373266
0.159917	0.333428
0.201785	0.248195
0.261278	1.188816
0.139457	0.196634
0.199225	0.151411
0.184009	0.332136
0.095862	0.096341
0.103269	0.111014
0.149261	0.155232
0.106030	0.098607
0.125630	0.185305
0.148375	0.290814
0.168328	0.295416
0.189007	0.278785
0.254602	0.425185
0.216721	0.325082
0.064059	0.083918
0.136861	0.226505
0.079150	0.109623
0.162342	0.321438
0.111647	0.135652
0.131962	0.109529
0.128433	0.133570
0.107424	0.116555
0.141206	0.208279
0.173830	0.255530
0.191361	0.310004
0.213512	0.445173
0.106299	0.218976
0.152718	0.277947
0.121598	0.421338
0.175660	0.627986
0.093019	0.165109
0.097202	0.263418
0.169998	0.486195
0.094154	0.263630
0.087218	0.180977
0.166024	0.253186
0.114819	0.222749
0.074963	0.107197
0.067721	0.124267
0.137171	0.219474
0.078109	0.102713
0.152932	0.337216
0.127772	0.134799
0.120442	0.193309
0.108395	0.191859
0.205856	0.278935
0.149762	0.248606
0.280859	0.428310
0.168298	0.419061
0.157391	0.301403
0.124525	0.147562
0.240635	0.243042
0.195958	0.262583
0.092265	0.187298
0.162640	0.242334
0.159138	0.343739
0.103687	0.240554
0.156933	0.325636
0.099444	0.247615
0.081006	0.140545
0.189323	0.600153
0.100035	0.260592
0.126169	0.201871
0.093116	0.094513
0.167573	0.286550
0.195349	0.499116
0.094530	0.153610
0.110048	0.122153
0.120531	0.242869
0.095511	0.117001
0.122058	0.162338
0.106223	0.127998
0.157806	0.147549
0.083484	0.104773
0.233482	1.204768
0.130041	0.312749
0.114629	0.177675
0.123891	0.326452
0.147820	0.152993
0.240393	0.352176
0.207766	0.141281
0.118327	0.100578
0.138536	0.190486
0.141720	0.337294
0.145207	0.237413
0.134611	0.243647
0.119514	0.301176
0.116795	0.150665
0.082165	0.142968
0.115027	0.184618
0.167036	0.450163
0.098472	0.262920
0.127597	0.301128
0.117550	0.199836
0.128872	0.154003
0.158054	0.316109
0.113212	0.170384
0.125311	0.185461
0.090587	0.140863
0.107920	0.100365
0.099866	0.244672
0.168934	0.257624
0.122283	0.251903
0.090086	0.123418
0.160141	0.427577
0.262963	0.770482
0.082842	0.092783
0.185225	0.298212
0.106307	0.149893
0.123471	0.121619
0.173161	0.470999
0.109632	0.135943
0.141616	0.202511
0.097532	0.100458
0.134272	0.226249
0.110714	0.196518
0.167243	0.198183
0.235539	0.221407
0.233239	1.053075
0.193959	0.123164
0.146080	0.171644
0.130425	0.277153
0.128880	0.127591
0.119395	0.140886
0.128986	0.256683
0.146357	0.148553
0.178690	0.449405
0.102534	0.133294
0.143403	0.111137
0.132709	0.294613
0.142132	0.253706
0.104093	0.132719
0.194688	0.463358
0.107091	0.229710
0.132822	0.137471
0.160810	0.205836
0.140064	0.128859
0.125869	0.173699
0.177648	0.372174
0.147696	0.129234
0.181805	0.310887
0.201464	0.609429
0.153402	0.463273
0.118716	0.112780
0.155692	0.276354
0.136150	0.179718
0.238544	0.702511
0.115194	0.181430
0.086113	0.176101
0.095664	0.132016
0.157923	0.193456
0.131023	0.107439
0.184984	0.376443
0.084600	0.105750
0.149992	0.173241
0.216481	0.241376
0.142264	0.133017
0.171762	0.255925
0.069143	0.097146
0.082160	0.082160
0.088524	0.122606
0.161350	0.326733
0.230328	0.345492
0.138991	0.222386
0.175907	0.343898
0.075669	0.118044
0.108207	0.203430
0.125400	0.165528
0.138526	0.336617
0.118725	0.315216
0.267825	1.657837
0.101459	0.272926
0.194577	0.467958
0.089742	0.182175
0.119126	0.245399
0.087783	0.228676
0.144857	0.154997
0.143277	0.515081
0.129183	0.452787
0.119329	0.218371
0.126822	0.140772
0.160304	0.152289
0.121717	0.107720
0.126797	0.114118
0.232474	0.354524
0.197265	0.272226
0.170546	0.337680
0.187648	0.728073
0.247514	0.499979
0.254565	0.749694
0.190278	0.223576
0.228443	0.452317
0.072790	0.115008
0.147854	0.381462
0.096182	0.204868
0.149363	0.223298
0.111362	0.168714
0.145419	0.223945
0.112462	0.122022
0.212458	0.714922
0.120956	0.159057
0.148902	0.426605
0.194837	0.282513
0.148128	0.142203
0.085894	0.098778
0.157153	0.269517
0.149803	0.473378
0.323659	0.665119
0.155806	0.158143
0.151154	0.237312
0.258452	0.242945
0.176058	0.169896
0.228050	0.277081
0.284101	0.360809
0.177706	0.393618
0.124784	0.141630
0.174076	0.282874
0.177680	1.124713
0.149241	0.138048
0.272855	0.612560
0.213410	0.439624
0.104535	0.119692
0.163459	0.926810
0.145992	0.221908
0.173115	0.285640
0.138062	0.209163
0.217174	0.274725
0.173331	0.112665
0.173455	0.269723
0.146520	0.123810
0.220858	0.458280
0.185042	0.231302
0.176894	0.339636
0.343962	1.047364
0.181689	0.359743
0.131396	0.176728
0.165913	0.243063
0.165814	0.265302
0.110826	0.093094
0.165094	0.210495
0.221370	0.264537
0.149456	0.165148
0.233185	0.468702
0.196151	0.192228
0.183893	0.193088
0.168176	0.206015
0.241359	0.228084
0.190805	0.433128
0.243693	0.218105
0.260446	0.537821
0.210788	0.228705
0.286520	0.551551
0.265544	0.616062
0.129120	0.234998
0.231703	0.733341
0.139390	0.292023
0.200927	0.178825
0.147140	0.229538
0.128629	0.185870
0.171256	0.139573
0.105881	0.096882
0.180564	0.414395
0.140309	0.138906
0.212033	1.711105
0.134354	0.124949
0.142115	0.432740
0.115929	0.215048
0.229796	0.703177
0.218645	0.399027
0.241132	0.477442
0.244093	0.587044
0.241545	0.433573
0.225916	0.373891
0.173079	0.364331
0.217080	0.189945
0.228808	0.426727
0.259649	0.521894
0.218843	0.619326
0.197861	0.512460
0.242411	0.797532
0.174179	0.433707
0.202514	0.362500
0.087613	0.108202
0.104667	0.114087
0.154950	0.271937
0.220137	0.268567
0.259751	0.951987
0.184591	0.631303
0.145861	0.517808
0.091622	0.131020
0.121826	0.157764
0.180801	0.299225
0.115574	0.280845
0.106178	0.337645
0.072103	0.115725
0.159172	0.187027
0.084309	0.105386
0.124073	0.444181
0.110803	0.411632
0.196932	0.758189
0.075054	0.107702
0.083447	0.129343
0.133294	0.197942
0.221518	0.293511
0.239753	1.362998
0.192274	0.270145
0.155197	0.305739
0.190783	0.208908
0.259439	1.254389
0.182955	0.421712
0.185856	0.219310
0.162635	0.261029
0.157889	0.356039
0.136556	0.266284
0.082554	0.196067
0.118798	0.177603
0.115878	0.219010
0.116445	0.168263
0.117262	0.180583
0.087825	0.164233
0.070042	0.123974
0.080027	0.109637
0.112169	0.259111
0.120027	0.207046
0.094467	0.142173
0.182454	0.589328
0.125605	0.211644
0.107566	0.239335
0.116508	0.156121
0.226167	0.911454
0.230811	0.572412
0.178014	0.210946
0.110821	0.156812
0.164191	1.167397
0.089258	0.146383
0.135667	0.365622
0.085517	0.130841
0.065374	0.090870
0.162330	0.280830
0.182145	0.422577
0.156473	0.324682
0.083299	0.101624
0.102219	0.151795
0.103367	0.331291
0.111475	0.213474
0.131364	0.145814
0.121681	0.226934
0.109206	0.177460
0.105886	0.988448
0.100907	0.294649
0.104417	0.174376
0.112111	0.229828
0.096146	0.139893
0.115214	0.354284
0.083067	0.120863
0.091605	0.177256
0.102749	0.188031
0.090136	0.126190
0.056781	0.126907
0.098544	0.315835
0.153360	0.799773
0.087703	0.201718
0.053417	0.123928
0.115339	0.291806
0.088557	0.192169
0.082338	0.116097
0.095956	0.168882
0.122062	0.387546
0.091985	0.222143
0.117970	0.352731
0.163118	0.813145
0.079473	0.152588
0.124657	0.139616
0.187707	0.440172
0.183198	0.307772
0.114707	0.170340
0.119332	0.290573
0.130907	0.330540
0.137092	0.174107
0.078157	0.100041
0.163391	1.002402
0.092959	0.200792
0.115647	0.162484
0.127982	0.170217
0.063289	0.131324
0.061307	0.539806
0.068198	0.098546
0.112531	0.273450
0.050840	0.093036
0.076802	0.127875
0.062665	0.149457
0.133194	0.227762
0.094801	0.147889
0.071430	0.133218
0.102783	0.311945
0.069677	0.095110
0.148012	0.399633
0.110723	0.202069
0.127952	0.291091
0.103521	0.961189
0.076618	0.163196
0.086464	0.199299
0.126938	0.283705
0.169689	0.839959
0.114374	0.152689
0.092866	0.124904
0.104664	0.312423
0.157091	0.301615
0.140348	0.174734
0.110307	0.190831
0.115984	0.177456
0.123227	0.213183
0.108318	0.217719
0.144782	0.309109
0.063447	0.089777
0.078338	0.092830
0.126623	0.296931
0.063506	0.097799
0.104964	0.096567
0.104309	0.135080
0.101028	0.161644
0.078115	0.188648
0.177404	0.640428
0.105897	0.153021
0.104656	0.155414
0.068512	0.356607
0.115208	0.339863
0.086809	0.529104
0.089137	0.294153
0.064975	0.094538
0.057175	0.120925
0.093453	0.337834
0.064289	0.140150
0.068731	0.125434
0.091261	0.422082
0.152357	0.495922
0.128783	0.323889
0.085523	0.190716
0.143430	0.444634
0.071018	0.147362
0.123126	0.245021
0.107056	0.105450
0.090704	0.115648
0.155016	0.546431
0.152805	0.420215
0.075956	0.084690
0.146727	0.341873
0.070994	0.127434
0.092012	0.164242
0.154361	0.614357
0.062021	0.079697
0.118892	0.167638
0.118775	0.154407
0.112157	0.133467
0.127397	0.193006
0.120767	0.195038
0.122935	0.189935
0.108281	0.154842
0.083334	0.175001
0.136646	0.164658
0.077749	0.108460
0.100207	0.103715
0.101549	0.429551
0.063855	0.108872
0.086048	0.092932
0.091893	0.178273
0.171168	0.431344
0.119461	0.292680
0.075673	0.304963
0.108220	0.443700
0.060117	0.152999
0.089539	0.201016
0.068320	0.200518
0.047555	0.083221
0.092472	0.303307
0.060401	0.095736
0.135757	0.496191
0.086072	0.237558
0.067405	0.174580
0.080857	0.138669
0.092824	0.298893
0.169664	0.240923
0.133326	0.101994
0.104614	0.122398
0.134579	0.162168
0.154086	0.169495
0.276094	0.744073
0.264358	0.317230
0.157145	0.235718
0.159787	0.178962
0.184653	0.210505
0.146439	0.188174
0.198481	0.389022
0.116828	0.167648
0.198634	0.331718
0.112343	0.147731
0.119160	0.187676
0.086487	0.141838
0.077657	0.104838
0.083153	0.271910
0.110379	0.380255
0.100046	0.392181
0.107437	0.470036
0.097788	0.285052
0.085272	0.180778
0.124026	0.231308
0.086675	0.151248
0.109229	0.369740
0.076019	0.117829
0.054064	0.114075
0.133284	0.379860
0.093145	0.359540
0.088468	0.172071
0.097308	0.233054
0.113228	0.358365
0.103601	0.203577
0.125001	0.234376
0.153072	0.212770
0.145041	0.177675
0.065246	0.095911
0.151654	0.430697
0.162181	0.263544
0.068940	0.124092
0.114572	0.190763
0.225769	0.559907
0.125383	0.296531
0.150696	0.442294
0.101984	0.266688
0.083336	0.112504
0.136275	0.304575
0.103943	0.246864
0.092927	0.203046
0.118132	0.180741
0.218590	0.723531
0.067396	0.143216
0.103899	0.210396
0.078799	0.156021
0.117261	0.272044
0.102808	0.156268
0.087315	0.151928
0.069233	0.132236
0.062909	0.222698
0.091847	0.202983
0.063076	0.143182
0.109547	0.210329
0.103789	0.113130
0.100719	0.244243
0.086928	0.197762
0.183272	0.186021
0.104053	0.337131
0.151967	0.439944
0.197014	0.287641
0.183110	0.377206
0.086101	0.098155
0.135467	0.287866
0.140398	0.318704
0.073619	0.115581
0.131025	0.125128
0.213506	0.322394
0.130082	0.404555
0.157989	0.271740
0.146358	0.275886
0.066982	0.141668
0.089038	0.144687
0.119702	0.256762
0.115375	0.218058
0.134248	0.480606
0.141890	0.368204
0.137848	0.131645
0.137807	0.142631
0.175351	0.393663
0.177643	0.244259
0.118255	0.183887
0.207086	0.453517
0.117672	0.171213
0.121546	0.125800
0.137143	0.146743
0.085761	0.113205
0.113089	0.125528
0.140716	0.318722
0.118401	0.189442
0.116220	0.187114
0.165605	1.063187
0.116118	0.256620
0.084207	0.128836
0.147709	0.316835
0.089719	0.104074
0.132140	0.228601
0.136322	0.196304
0.114332	0.240098
0.089844	0.087598
0.119292	0.240373
0.259615	1.250048
0.135650	0.198048
0.142484	0.295655
0.128937	0.319119
0.109906	0.129689
0.182444	1.178591
0.089615	0.160412
0.167978	0.459421
0.163118	0.367832
0.102168	0.121070
0.187996	0.224655
0.262489	0.716594
0.227148	0.512219
0.107572	0.095201
0.226755	0.680265
0.168758	0.216854
0.147998	0.281936
0.148938	0.641180
0.143741	0.163146
0.184467	0.206603
0.127762	0.214002
0.128684	0.185948
0.212659	0.421064
0.095868	0.162496
0.243059	1.606623
0.182065	0.212106
0.263861	0.562024
0.127148	0.160206
0.133593	0.293236
0.138899	0.123620
0.107452	0.114973
0.261128	0.570565
0.123506	0.178466
0.123233	0.227364
0.122575	0.263536
0.126088	0.281806
0.145403	0.272630
0.107998	0.133918
0.122013	0.123234
0.148857	0.174907
0.193948	0.240495
0.199778	0.546392
0.141239	0.192085
0.164249	0.114974
0.156840	0.274471
0.134117	0.128082
0.122820	0.197741
0.222265	0.284499
0.132869	0.110946
0.176843	0.164464
0.249108	1.038781
0.194763	0.311621
0.256254	0.467664
0.099477	0.183037
0.149796	0.379734
0.117535	0.182179
0.126645	0.444525
0.161269	0.309637
0.090295	0.181944
0.106801	0.277148
0.071423	0.151059
0.193530	0.630908
0.093449	0.164002
0.098329	0.163718
0.093988	0.089289
0.113984	0.193773
0.073769	0.164506
0.173814	0.639636
0.175038	0.542616
0.081508	0.112889
0.140569	1.346647
0.104429	0.201548
0.172283	0.828682
0.129420	0.224543
0.093752	0.166410
0.093557	0.159515
0.109791	0.274478
0.102005	0.269803
0.188385	0.946635
0.073483	0.130799
0.067999	0.141098
0.071989	0.153697
0.073185	0.141978
0.084033	0.154200
0.115686	0.171215
0.120853	0.335973
0.180221	0.123451
0.269270	1.279032
0.065718	0.132421
0.084229	0.182776
0.109461	0.229320
0.136172	0.268939
0.066361	0.133386
0.177536	0.450053
0.057052	0.152328
0.151195	0.452074
0.197654	0.470416
0.120426	0.098749
0.092165	0.201841
0.140813	0.323165
0.071509	0.174481
0.107000	0.171200
0.123314	0.136262
0.070382	0.125632
0.103124	0.264514
0.047555	0.089641
0.150091	0.129078
0.199231	2.935662
0.161946	0.498792
0.155238	0.450966
0.059224	0.134142
0.108669	0.187998
0.073446	0.138812
0.087641	0.227428
0.052002	0.123505
0.085563	0.176687
0.098529	0.226125
0.353566	1.979972
0.141127	0.194755
0.156055	0.304306
0.168423	0.517902
0.167665	0.360480
0.141933	0.144772
0.099073	0.085203
0.148496	0.152951
0.093765	0.089076
0.116646	0.109064
0.149153	0.178984
0.148812	0.150301
0.239063	0.346642
0.221260	0.235642
0.217722	0.308076
0.285316	0.841682
0.113651	0.126721
0.123278	0.348876
0.101451	0.155727
0.182673	0.664929
0.118216	0.208651
0.113329	0.100297
0.125514	0.222160
0.102684	0.181751
0.081585	0.164394
0.098487	0.157580
0.121754	0.239247
0.107830	0.174684
0.227976	1.628890
0.109151	0.223214
0.084894	0.140500
0.131865	0.431200
0.128298	0.198220
0.147795	0.568272
0.164420	0.540942
0.092670	0.126958
0.100847	0.120512
0.138635	0.180919
0.108727	0.231589
0.071099	0.175969
0.062358	0.142487
0.082026	0.184148
0.055127	0.115767
0.080440	0.148009
0.047425	0.125675
0.072704	0.134867
0.081074	0.188093
0.120575	0.168804
0.078392	0.121115
0.094752	0.182871
0.088477	0.131830
0.123798	0.164032
0.097567	0.273676
0.137227	0.497448
0.185441	0.386645
0.145623	0.407743
0.106940	0.118703
0.149286	0.362019
0.083672	0.151447
0.102795	0.112046
0.132319	0.146874
0.135569	0.176239
0.091888	0.098779
0.160732	0.536844
0.084832	0.195538
0.172075	0.336406
0.124222	0.190681
0.166191	0.454534
0.110792	0.104144
0.244265	1.761149
0.140803	0.205573
0.125526	0.272390
0.110875	0.250024
0.134489	0.153990
0.077655	0.117647
0.098649	0.128737
0.080422	0.113797
0.184440	0.731306
0.083497	0.166994
0.160007	0.576824
0.075972	0.147386
0.082031	0.122226
0.115247	0.178634
0.147835	0.292713
0.174916	0.169669
0.187272	0.422298
0.161748	0.368785
0.182883	0.128018
0.156167	0.149139
0.182201	0.419062
0.110308	0.094313
0.109830	0.100495
0.111726	0.122899
0.142201	0.225389
0.178953	0.268429
0.088129	0.128227
0.132003	0.310208
0.138011	0.175273
0.183727	0.528216
0.073941	0.117936
0.132429	0.215860
0.152083	0.207594
0.077619	0.093143
0.123850	0.270613
0.197662	0.686876
0.091107	0.135749
0.058993	0.155741
0.102435	0.198211
0.095023	0.147761
0.081886	0.128152
0.102629	0.183192
0.090724	0.161488
0.118608	0.547967
0.102160	0.368288
0.102793	0.194278
0.066246	0.170584
0.083654	0.348417
0.092444	0.145599
0.091018	0.111952
0.090800	0.191133
0.162263	0.272601
0.117018	0.209462
0.052219	0.105221
0.079227	0.150532
0.122398	0.272335
0.103683	0.151376
0.080400	0.105323
0.128152	0.198636
0.182587	0.559628
0.165474	0.139826
0.115781	0.117518
0.167521	0.259658
0.097458	0.127670
0.146369	0.276637
0.180113	0.265667
0.094906	0.093008
0.192265	0.478739
0.178364	0.405778
0.140026	0.275152
0.103497	0.165077
0.091835	0.155201
0.160161	0.443647
0.142643	0.228942
0.134141	0.278343
0.081693	0.087820
0.170299	0.308241
0.191690	0.722670
0.146654	0.288909
0.086507	0.131058
0.173542	0.213457
0.204705	0.347998
0.167265	0.621390
0.126164	0.159598
0.146244	0.522822
0.092602	0.109734
0.159307	0.360830
0.113269	0.156877
0.139456	0.481122
0.178392	0.364811
0.078012	0.186059
0.108430	0.171320
0.068177	0.162601
0.077075	0.179584
0.097044	0.170312
0.163725	0.486263
0.136331	0.157462
0.158400	0.261359
0.082273	0.109834
0.102388	0.197610
0.104201	0.199024
0.202226	0.373107
0.085546	0.165104
0.140720	0.185751
0.130506	0.134421
0.184640	0.420979
0.174102	0.268118
0.268453	0.577175
0.243252	0.510829
0.226611	0.572193
0.224992	0.431984
0.241224	0.715229
0.202376	0.660758
0.191444	0.177086
0.119625	0.129195
0.101593	0.110228
0.111174	0.257924
0.078595	0.258183
0.103287	0.203476
0.103864	0.187475
0.102483	0.177808
0.119364	0.349139
0.070486	0.091632
0.163659	0.301951
0.107072	0.201830
0.152390	0.377927
0.113298	0.230561
0.146159	0.277703
0.096757	0.287368
0.082042	0.109526
0.147739	0.161035
0.159913	0.409377
0.093495	0.236543
0.065668	0.103756
0.069739	0.277563
0.099816	0.315919
0.060074	0.154691
0.074590	0.215566
0.064139	0.121864
0.080262	0.263661
0.056670	0.207412
0.050722	0.143796
0.123818	1.485195
0.190128	0.929726
0.118587	0.436993
0.128807	0.395436
0.102378	0.297920
0.121000	0.251074
0.104310	0.159594
0.091706	0.153607
0.077633	0.136246
0.117766	0.223755
0.096271	0.153552
0.102450	0.160846
0.185440	1.957317
0.080284	0.123637
0.121246	0.177625
0.100278	0.203064
0.108415	0.168044
0.078778	0.115410
0.080629	0.117719
0.148423	0.284230
0.109007	0.174412
0.176615	0.331154
0.161062	0.407487
0.063662	0.099950
0.126044	0.090752
0.111240	0.385445
0.093464	0.122905
0.115311	0.210443
0.139948	1.013223
0.096110	0.256132
0.094923	0.156623
0.112217	0.263149
0.135307	0.453955
0.106941	0.185008
0.094849	0.158398
0.073724	0.175463
0.060400	0.113249
0.065366	0.164721
0.057589	0.109418
0.092844	0.126268
0.083454	0.160648
0.134116	0.241408
0.120576	0.339421
0.148183	0.220793
0.127713	0.316088
0.105958	0.170593
0.119788	0.168302
0.119109	0.165562
0.140517	0.139111
0.192311	0.901938
0.070588	0.137294
0.117550	0.447867
0.149969	0.434909
0.213620	0.433649
0.080633	0.118530
0.136811	0.280463
0.105691	0.207154
0.087978	0.196191
0.183691	0.671391
0.113240	0.253092
0.119458	0.199495
0.135760	0.131008
0.099934	0.209361
0.149928	0.453532
0.138348	0.161867
0.117976	0.106178
0.090542	0.203267
0.092698	0.141828
0.177094	0.566700
0.162769	0.332049
0.103867	0.218640
0.069863	0.136932
0.100810	0.183979
0.146553	0.583283
0.171376	0.419014
0.069673	0.140043
0.104408	0.258932
0.106883	0.173151
0.088589	0.152816
0.080361	0.123755
0.108875	0.166578
0.108818	0.266059
0.076531	0.107909
0.080071	0.126513
0.067714	0.198065
0.067515	0.117477
0.073345	0.217101
0.074808	0.113708
0.080849	0.105509
0.074995	0.124867
0.128845	0.398130
0.097324	0.226766
0.151769	0.436336
0.123920	0.184641
0.096284	0.225786
0.216438	0.469671
0.142975	0.175859
0.133666	0.131661
0.135126	0.406053
0.202438	0.320864
0.122049	0.184294
0.147370	0.329372
0.143448	0.444689
0.138884	0.317350
0.147116	0.259659
0.137225	0.284741
0.144220	0.325217
0.139342	0.207619
0.173467	0.337393
0.137861	0.223335
0.116509	0.130490
0.140910	0.160637
0.349819	4.091128
0.376773	0.512412
0.318707	0.538614
0.243161	0.106991
0.324843	0.113695
0.263564	0.127829
0.331717	0.353279
0.202712	0.104397
0.190709	0.113472
0.382209	0.470117
0.191853	0.199527
0.150753	0.120602
0.193525	0.277709
0.126119	0.118552
0.143973	0.269230
0.179021	0.258685
0.119766	0.119766
0.132357	0.120445
0.153993	0.125504
0.182706	0.251221
0.203766	0.336214
0.143707	0.408845
0.165613	0.454606
0.252404	1.113102
0.211915	0.637863
0.114289	0.222291
0.109496	0.384880
0.100956	0.206961
0.179707	0.281242
0.126778	0.126778
0.103804	0.106918
0.092946	0.092946
0.165992	0.150223
0.096116	0.107170
0.190733	0.288961
0.238075	0.386871
0.170072	0.260210
0.225236	0.735396
0.190948	0.321748
0.145131	0.133520
0.218783	0.266916
0.153141	0.111793
0.204580	0.428595
0.147816	0.148555
0.108429	0.079153
0.125914	0.258753
0.069941	0.087427
0.160777	0.572367
0.175236	0.247959
0.119926	0.174492
0.179243	0.291270
0.150162	0.280052
0.141529	0.288012
0.166128	0.664514
0.098759	0.134312
0.139797	0.283089
0.153208	0.216789
0.191304	0.534694
0.172352	0.412784
0.185304	0.378946
0.202783	0.472484
0.244463	0.521929
0.092515	0.109630
0.186728	0.486426
0.106105	0.265263
0.248306	0.453158
0.112065	0.220208
0.205975	0.292485
0.108287	0.133193
0.171774	0.473238
0.130141	0.140552
0.162058	0.255241
0.097454	0.342064
0.147727	0.213466
0.145786	0.135581
0.144371	0.176855
0.108071	0.119419
0.107528	0.152690
0.099465	0.136764
0.146739	0.148940
0.208875	0.251695
0.338716	0.641866
0.181527	0.471969
0.118852	0.220470
0.108187	0.157412
0.118066	0.255023
0.161145	0.317455
0.073661	0.100915
0.099094	0.286383
0.156304	0.193035
0.086848	0.144602
0.093144	0.183493
0.200515	0.594527
0.153210	0.629694
0.067932	0.183077
0.185973	0.649047
0.095643	0.125292
0.111959	0.350433
0.109931	0.258338
0.077884	0.165505
0.085805	0.129995
0.064973	0.248196
0.038865	0.137000
0.173860	3.327673
0.147467	0.652543
0.206707	1.088314
0.102699	0.214127
0.114081	0.161425
0.084944	0.210660
0.071407	0.118179
0.048304	0.144913
0.089951	0.106142
0.072596	0.190928
0.147249	0.229709
0.081311	0.130911
0.105155	0.164042
0.106068	0.235472
0.098582	0.097103
0.152573	0.349393
0.102195	0.119568
0.132856	0.388604
0.132815	0.218481
0.163045	0.322829
0.174740	0.351227
0.189570	0.501414
0.120079	0.189125
0.070168	0.098235
0.117200	0.307649
0.109876	0.191734
0.085665	0.128069
0.117825	0.172613
0.243388	0.856725
0.093441	0.150441
0.152319	0.128709
0.178921	0.167291
0.170783	0.151997
0.141762	0.203428
0.200223	0.265295
0.174449	0.237251
0.219614	0.595153
0.283734	0.492278
0.244801	0.309673
0.148272	0.115652
0.200897	0.270207
0.169425	0.203310
0.154053	0.185633
0.215479	0.443887
0.140509	0.183364
0.124690	0.257484
0.175477	0.258829
0.186090	0.506164
0.207437	0.475032
0.146725	0.344070
0.104503	0.119656
0.166151	0.437808
0.141721	0.289111
0.213597	0.356706
0.155197	0.245212
0.154990	0.200712
0.103479	0.093132
0.317996	0.755240
0.115008	0.102357
0.166099	0.151980
0.197388	0.454979
0.217001	0.303801
0.203920	0.668858
0.143137	0.248342
0.169374	0.296404
0.145966	0.321125
0.118905	0.264563
0.118540	0.204482
0.125087	0.351494
0.078809	0.133976
0.096199	0.159690
0.104561	0.211213
0.088298	0.164233
0.161907	0.452530
0.143461	0.332830
0.063128	0.136987
0.231408	0.929102
0.120431	0.138495
0.138823	0.147153
0.282370	0.415084
0.118491	0.116121
0.217922	0.898929
0.241907	0.936180
0.222448	0.783017
0.207376	1.394605
0.154355	0.153583
0.176431	0.245239
0.195992	0.301828
0.169715	0.201960
0.171032	0.114592
0.320900	0.705981
0.222912	0.403471
0.155062	0.151960
0.167577	0.366155
0.167009	0.483490
0.147118	0.520061
0.158341	0.334892
0.111892	0.092311
0.095248	0.177638
0.109407	0.177786
0.124746	0.227661
0.176414	0.272559
0.124908	0.269802
0.124127	0.227152
0.159472	0.266318
0.112159	0.158704
0.146927	0.304873
0.124801	0.174097
0.131908	0.117398
0.127179	0.206666
0.248293	0.618249
0.096465	0.112382
0.112112	0.161442
0.165960	0.644753
0.193401	0.372297
0.173268	0.184530
0.215635	0.431271
0.251555	0.305639
0.232586	0.215142
0.130878	0.159671
0.131650	0.145473
0.134309	0.134981
0.129768	0.165454
0.147827	0.205480
0.180630	0.270946
0.094748	0.161072
0.113198	0.134140
0.145499	0.112762
0.199138	0.287755
0.162369	0.155875
0.208551	0.261731
0.230422	0.442409
0.257712	0.585005
0.228962	0.340008
0.226788	0.217717
0.080667	0.123824
0.092777	0.098808
0.074808	0.105479
0.096364	0.212482
0.179451	0.392998
0.103553	0.195197
0.086577	0.114282
0.099936	0.227355
0.076926	0.162314
0.077722	0.117750
0.091970	0.183941
0.092348	0.146834
0.100721	0.280507
0.125729	0.201795
0.194925	0.516552
0.117759	0.221976
0.101550	0.128461
0.149554	0.166753
0.192826	0.475315
0.248356	0.576186
0.236973	0.195503
0.071471	0.091126
0.190954	0.332261
0.135866	0.146735
0.133634	0.305353
0.109354	0.418826
0.138128	0.446844
0.065998	0.225382
0.117017	0.180207
0.213530	2.023194
0.152698	1.058196
0.057586	0.089834
0.091824	0.094579
0.128057	0.273401
0.081457	0.156397
0.108604	0.173766
0.094137	0.140735
0.154074	0.330489
0.109388	0.159159
0.122373	0.111360
0.149057	0.301841
0.103235	0.174467
0.081013	0.096405
0.204773	0.762781
0.108240	0.142876
0.133637	0.199788
0.102828	0.148587
0.103188	0.181094
0.114149	0.268249
0.146127	0.205308
0.090017	0.114771
0.149930	0.234640
0.138815	0.212387
0.133826	0.320514
0.121456	0.281779
0.090225	0.112330
0.128011	0.675900
0.083951	0.106618
0.105116	0.367905
0.132938	0.502507
0.117289	0.109079
0.164162	0.426000
0.208620	0.253473
0.104672	0.093682
0.180519	0.269877
0.121327	0.144986
0.127222	0.342226
0.110043	0.190925
0.083614	0.103682
0.079457	0.158914
0.081696	0.160941
0.048645	0.093156
0.080603	0.110829
0.128966	0.281791
0.107962	0.426989
0.095244	0.172392
0.125819	0.772528
0.089515	0.207675
0.062399	0.123239
0.104339	0.191984
0.112974	0.248543
0.105536	0.218987
0.056531	0.086776
0.173392	0.436080
0.134413	0.220438
0.146871	0.314303
0.092674	0.113989
0.092256	0.107017
0.231002	0.544010
0.176719	0.341067
0.101818	0.217382
0.092583	0.140727
0.105152	0.131439
0.068019	0.152023
0.103567	0.113406
0.124389	0.188449
0.168184	0.568463
0.098207	0.155659
0.129824	0.275226
0.105742	0.126362
0.143470	0.237443
0.129467	0.325610
0.104850	0.184536
0.133326	0.189990
0.147679	0.251793
0.135335	0.232100
0.137531	0.268873
0.173551	0.385284
0.161794	0.332487
0.105354	0.131692
0.114302	0.190313
0.144684	0.216302
0.106797	0.186895
0.065588	0.095758
0.116281	0.288378
0.200876	0.512234
0.084986	0.103683
0.120405	0.205893
0.167714	0.282598
0.104960	0.165312
0.139275	0.135793
0.130032	0.226907
0.222893	1.193590
0.220352	0.732671
0.156571	0.310010
0.123627	0.273216
0.165791	0.638296
0.227851	0.830516
0.150287	0.119478
0.117587	0.098185
0.139850	0.248933
0.145888	0.209349
0.112016	0.289002
0.099034	0.156969
0.091040	0.206206
0.078851	0.095804
0.074794	0.173521
0.120111	0.195782
0.138952	0.139647
0.167816	0.207252
0.111816	0.134180
0.106200	0.113103
0.218035	0.248560
0.100761	0.097739
0.111285	0.165259
0.204193	0.339981
0.101152	0.095589
0.103295	0.114141
0.100009	0.162515
0.166549	0.472168
0.171590	0.248806
0.183864	0.316247
0.110954	0.229121
0.247076	0.198896
0.238681	0.611024
0.179033	0.285558
0.135825	0.165027
0.187243	0.165710
0.233906	0.290043
0.127668	0.125753
0.157361	0.147919
0.127886	0.127886
0.175738	0.278544
0.154058	0.259587
0.135512	0.176166
0.181575	0.527475
0.101563	0.119336
0.190785	0.167891
0.102786	0.120259
0.190664	0.678764
0.189595	0.244578
0.139216	0.144089
0.134283	0.219553
0.154983	0.299892
0.214060	0.278278
0.110257	0.181924
0.130053	0.307575
0.086518	0.176498
0.096775	0.182904
0.093017	0.228823
0.236586	0.483819
0.171142	0.233609
0.188465	0.186580
0.228131	0.417480
0.149206	0.104444
0.287972	0.361405
0.147765	0.242335
0.244399	0.623218
0.266206	0.793293
0.203568	0.345047
0.186005	0.263197
0.106754	0.139314
0.131213	0.345090
0.114627	0.240716
0.047727	0.181602
0.077691	0.131686
0.084163	0.121616
0.100474	0.340606
0.086153	0.196430
0.029630	0.122076
0.086968	0.301345
0.102385	0.122350
0.082014	0.134913
0.176360	0.522908
0.118073	0.216073
0.072228	0.115203
0.124666	0.326002
0.092465	0.276470
0.101600	0.330199
0.093381	0.117193
0.127441	0.423104
0.206882	0.715813
0.200385	0.298574
0.109330	0.120263
0.164950	0.392580
0.120592	0.101297
0.274720	0.564549
0.086448	0.303001
0.081980	0.105344
0.102314	0.285457
0.295873	0.967504
0.202357	0.503868
0.127091	0.189365
0.081435	0.106680
0.128928	0.413215
0.118930	0.231914
0.160995	0.513574
0.079507	0.190023
0.127287	0.367224
0.098172	0.220396
0.118415	0.405572
0.105943	0.290285
0.115732	0.169547
0.123343	0.217084
0.133047	0.186266
0.225260	0.661139
0.211534	0.347974
0.110032	0.110032
0.103026	0.129298
0.151532	0.154563
0.087429	0.121964
0.088408	0.141010
0.161930	0.322240
0.103853	0.092948
0.130336	0.181168
0.119466	0.115284
0.214243	0.292442
0.149984	0.229476
0.127565	0.145424
0.188189	0.477060
0.200223	0.237264
0.188561	0.367694
0.210417	0.919524
0.101913	0.089683
0.101193	0.155330
0.127418	0.140160
0.314173	0.862404
0.199508	0.115715
0.131777	0.137048
0.175655	0.151063
0.171475	0.264928
0.241077	1.000468
0.130617	0.198538
0.136805	0.249668
0.160311	0.449671
0.097213	0.139501
0.076928	0.102699
0.140158	0.203929
0.109656	0.213829
0.067985	0.103677
0.084765	0.198351
0.177948	0.525837
0.181558	0.396704
0.158836	0.285110
0.203798	0.485040
0.118882	0.100456
0.135178	0.283199
0.144559	0.285504
0.138443	0.192436
0.098730	0.155006
0.118411	0.227941
0.126783	0.119810
0.081524	0.094567
0.141897	0.289470
0.157712	0.351697
0.216644	0.447370
0.127644	0.170404
0.126796	0.284657
0.082246	0.116378
0.084666	0.093556
0.145531	0.195012
0.224808	0.368686
0.204440	0.722694
0.167784	0.338085
0.203890	1.192755
0.109621	0.166624
0.109485	0.092515
0.133177	0.136507
0.157602	0.159178
0.191028	0.191028
0.221721	0.422379
0.163824	0.164644
0.196522	0.169991
0.253291	0.828263
0.197896	0.616448
0.092550	0.137437
0.158937	0.247941
0.180905	0.180001
0.158186	0.176377
0.092600	0.120380
0.094433	0.138817
0.105502	0.107085
0.276111	0.731693
0.090967	0.135996
0.112636	0.216261
0.073086	0.124612
0.111080	0.139961
0.089463	0.132405
0.092504	0.095279
0.083657	0.286944
0.087680	0.095571
0.082747	0.135291
0.055144	0.109186
0.071260	0.143588
0.058416	0.122381
0.145736	0.264511
0.119748	0.225126
0.134660	0.211416
0.138431	0.192419
0.137998	0.312566
0.216999	0.530562
0.137559	0.303317
0.083824	0.133281
0.142067	0.225177
0.310713	0.570158
0.191058	0.181505
0.127461	0.173985
0.145907	0.193327
0.153111	0.271772
0.089284	0.136159
0.121915	0.227982
0.058617	0.173799
0.120306	0.303772
0.089620	0.143392
0.132580	0.382493
0.067100	0.155002
0.111967	0.197623
0.102869	0.105955
0.140069	0.246521
0.098623	0.109964
0.086438	0.161639
0.098480	0.233398
0.116399	0.178673
0.116423	0.439495
0.176477	0.422662
0.164025	0.305086
0.106867	0.176331
0.099273	0.202021
0.109943	0.085755
0.197596	0.517703
0.150481	0.276133
0.182229	0.574023
0.175172	0.289034
0.143231	0.282881
0.116629	0.276994
0.073133	0.103483
0.117586	0.279267
0.156993	0.273953
0.128375	0.207326
0.208879	0.200524
0.111188	0.090063
0.181068	0.186500
0.239583	0.359375
0.164120	0.148529
0.377089	0.942722
0.238702	0.122932
0.389322	0.508065
0.307216	0.336402
0.351994	0.306234
0.280851	0.387574
0.239657	0.342710
0.150943	0.123019
0.161837	0.201487
0.281065	1.992750
0.162257	0.175238
0.172736	0.164099
0.152940	0.170529
0.328527	0.538785
0.293154	0.388429
0.182399	0.265390
0.150283	0.369697
0.125479	0.231509
0.180860	0.379806
0.142197	0.181301
0.181331	0.470553
0.192252	0.376814
0.156441	0.280811
0.144395	0.618734
0.103403	0.116328
0.099138	0.103103
0.225769	0.557649
0.208725	0.322480
0.119230	0.104922
0.285129	0.516083
0.258344	0.682028
0.156722	0.220978
0.214747	0.302794
0.125167	0.217165
0.183595	0.719693
0.204465	0.682912
0.110728	0.341595
0.074940	0.188849
0.129019	0.161274
0.094035	0.173024
0.115400	0.162138
0.128441	0.147708
0.226762	0.523820
0.105518	0.190987
0.105325	0.122704
0.149219	0.511822
0.127333	0.268672
0.118665	0.268777
0.217986	0.588561
0.278492	1.457907
0.205344	1.126313
0.188659	0.260350
0.216176	0.185911
0.216983	0.253870
0.263369	0.769037
0.262844	0.640025
0.194650	2.237507
0.051152	0.100002
0.084529	0.146235
0.073722	0.147445
0.105347	0.214382
0.102079	0.111776
0.117229	0.228010
0.108950	0.207005
0.139912	0.433029
0.123358	0.117190
0.241851	1.295110
0.161688	0.869883
0.213278	0.267664
0.217616	1.056524
0.164057	0.540569
0.099502	0.134826
0.136019	0.217631
0.205528	0.352481
0.111759	0.255370
0.168830	0.160389
0.161210	0.756879
0.119118	0.349611
0.218957	0.426966
0.230056	0.328980
0.184442	0.284040
0.133886	0.116481
0.126254	0.179281
0.192435	0.442601
0.179494	0.266549
0.126022	0.132323
0.195140	0.839102
0.099956	0.112451
0.163562	0.299319
0.164552	0.290434
0.126106	0.336073
0.059601	0.088508
0.183698	0.262689
0.137462	0.330596
0.145332	0.268137
0.184897	1.082574
0.125014	0.166894
0.119790	0.201247
0.138642	0.447122
0.194266	0.379790
0.159071	0.209178
0.137978	0.294583
0.151908	0.185328
0.122792	0.282421
0.157425	0.351844
0.172186	0.241921
0.092126	0.128977
0.089172	0.105669
0.265757	1.610487
0.206061	0.176182
0.318422	0.453751
0.217575	0.377492
0.282346	2.025832
0.098486	0.160532
0.111073	0.225478
0.103165	0.300727
0.107113	0.156385
0.136708	0.454553
0.075564	0.156795
0.127274	0.130456
0.228610	0.486939
0.134889	0.245498
0.230912	0.698510
0.199766	0.431494
0.131408	0.324578
0.106021	0.173875
0.135707	0.359625
0.110520	0.324376
0.118665	0.265215
0.140241	0.230697
0.069124	0.092971
0.095399	0.185075
0.295856	1.593185
0.100711	0.154088
0.114516	0.178073
0.165548	0.272326
0.131330	0.397274
0.095162	0.225059
0.110642	0.117281
0.178541	0.381185
0.235430	0.328425
0.277454	0.448089
0.216857	0.214688
0.157595	0.180446
0.325892	0.309598
0.303841	1.150040
0.123806	0.157234
0.178620	0.181299
0.145139	0.177795
0.122039	0.158041
0.135167	0.229785
0.184373	0.261809
0.196795	0.520524
0.205344	0.447650
0.188162	0.213564
0.162253	0.213362
0.128445	0.218357
0.138228	0.143757
0.307550	0.864217
0.132490	0.149052
0.158513	0.228259
0.235822	0.424480
0.169341	0.238770
0.144774	0.254802
0.098187	0.101623
0.127479	0.149788
0.126970	0.188551
0.361688	0.927729
0.168817	0.579886
0.161041	0.506473
0.061849	0.095556
0.157283	0.603180
0.140745	0.248415
0.066631	0.096614
0.102070	0.274059
0.098404	0.244043
0.106190	0.157161
0.074089	0.124839
0.064506	0.129658
0.204053	0.586652
0.094625	0.144776
0.071842	0.125724
0.094371	0.218942
0.093128	0.190913
0.093461	0.135985
0.106129	0.162909
0.113962	0.344734
0.140370	0.473045
0.140474	0.186128
0.130388	0.286853
0.111270	0.189715
0.099878	0.165798
0.098474	0.145249
0.099048	0.234247
0.101062	0.185448
0.068705	0.116111
0.084838	0.121743
0.090813	0.166642
0.124000	0.132680
0.112477	0.084920
0.192869	0.931557
0.106020	0.225823
0.130582	0.300339
0.117395	0.223638
0.145381	0.465218
0.181285	0.210291
0.126345	0.117501
0.148207	0.296414
0.180393	0.357178
0.105825	0.168262
0.123516	0.311260
0.193147	0.285857
0.103504	0.143353
0.198722	0.322923
0.104948	0.221966
0.165368	0.634187
0.118539	0.135727
0.134795	0.194105
0.154518	0.315217
0.100707	0.221052
0.128920	0.326169
0.134994	0.310487
0.139145	0.460569
0.144468	0.143023
0.175352	0.176229
0.212140	0.220625
0.222241	0.297803
0.250910	0.253419
0.185526	0.138217
0.138177	0.160285
0.133294	0.129962
0.123503	0.204397
0.188572	0.255515
0.182751	0.173613
0.188879	0.335260
0.133153	0.145136
0.190376	0.147542
0.120684	0.152665
0.109779	0.103741
0.084615	0.112961
0.131303	0.141807
0.166540	0.321422
0.163349	0.187852
0.164113	0.184627
0.130437	0.188482
0.123586	0.162516
0.161796	0.204673
0.115724	0.152177
0.126827	0.315798
0.183687	0.354515
0.136709	0.233772
0.206127	0.345263
0.110901	0.142508
0.134034	0.212443
0.156137	0.291977
0.127886	0.174565
0.165489	0.340079
0.150929	0.465615
0.105596	0.250263
0.112704	0.201740
0.098913	0.206233
0.148818	0.288707
0.248610	0.826627
0.125002	0.180628
0.098729	0.103666
0.150607	0.234947
0.306953	1.399708
0.144114	0.128982
0.334289	0.815665
0.170779	0.099052
0.165229	0.128053
0.296003	0.383324
0.361973	0.466945
0.283250	0.465946
0.353359	0.575974
0.194178	0.239810
0.166869	0.099287
0.203396	0.301027
0.189539	0.151632
0.225692	0.350951
0.280953	0.660239
0.171342	0.275003
0.196339	0.222845
0.174499	0.189331
0.117157	0.115400
0.109742	0.094927
0.287057	1.069287
0.151833	0.233064
0.193238	0.373916
0.145477	0.163662
0.225956	0.746784
0.140426	0.122872
0.367954	1.208728
0.193385	0.176947
0.221237	0.353979
0.150695	0.105487
0.364034	0.289407
0.273402	0.240594
0.281313	0.436035
0.205503	0.419225
0.309244	0.508706
0.244208	0.402944
0.228023	0.221183
0.217969	0.306247
0.361447	0.350603
0.218868	0.260453
0.253358	0.311630
0.208124	0.467238
0.197068	0.317279
0.154919	0.105345
0.204049	0.238738
0.133657	0.124301
0.207332	0.123362
0.200434	0.127275
0.175772	0.140618
0.280899	0.231741
0.200446	0.188419
0.200526	0.237623
0.250476	0.549795
0.172052	0.220226
0.240619	0.488457
0.131536	0.146005
0.151833	0.159425
0.124601	0.107156
0.175550	0.196616
0.149661	0.172858
0.282309	0.530741
0.196161	0.226566
0.135792	0.171777
0.192312	0.260583
0.205703	0.344552
0.134359	0.242518
0.101694	0.098643
0.140807	0.206282
0.287670	0.500546
0.131639	0.109261
0.261967	0.546202
0.160224	0.274785
0.272177	0.375604
0.181008	0.194584
0.178787	0.392439
0.190644	0.148702
0.248260	0.697609
0.286663	0.455794
0.253220	0.229164
0.260465	0.281302
0.185009	0.126731
0.110124	0.104618
0.119838	0.086882
0.082979	0.111606
0.103190	0.145498
0.108747	0.170733
0.122200	0.215684
0.212778	0.386191
0.113702	0.157477
0.168572	0.295843
0.077120	0.158481
0.100217	0.152831
0.099350	0.123194
0.088887	0.119109
0.176167	0.393734
0.080918	0.098315
0.100747	0.163211
0.145962	0.360525
0.125262	0.163467
0.070793	0.154683
0.066912	0.115758
0.124244	0.179532
0.131065	0.541952
0.084580	0.099804
0.139540	0.507927
0.133474	0.374394
0.108035	0.133964
0.121805	0.221075
0.107237	0.126003
0.070773	0.194273
0.057907	0.114656
0.077429	0.221833
0.095622	0.168774
0.080285	0.254503
0.085285	0.213212
0.058696	0.173154
0.100104	0.187696
0.090592	0.251845
0.145570	0.345728
0.067288	0.112371
0.205475	0.448963
0.069060	0.239639
0.133073	0.467087
0.056431	0.104115
0.027664	0.126146
0.098650	0.152907
0.095652	0.272129
0.086481	0.159557
0.134950	0.126853
0.113793	0.257741
0.067080	0.161999
0.072120	0.125489
0.079547	0.215969
0.142493	0.322747
0.098584	0.138511
0.079235	0.261872
0.098385	0.289252
0.092216	0.227314
0.080790	0.321950
0.101489	0.421685
0.111780	0.478979
0.028932	0.491995
0.082148	0.103095
0.095935	0.155415
0.111749	0.306191
0.079275	0.204132
0.104394	0.224447
0.128493	0.339863
0.129920	0.243601
0.096754	0.188187
0.131567	0.981490
0.061232	0.127056
