Velocity(m/s)	Chord(mm)
0.077870	0.107071
0.075041	0.133573
0.049577	0.129148
0.077812	0.210872
0.041691	0.105270
0.124629	0.925996
0.063905	0.144105
0.108099	0.304838
0.068889	0.103678
0.104153	0.176539
0.153680	0.202089
0.093903	0.099537
0.113512	0.242916
0.233725	0.815702
0.201127	0.245375
0.190700	0.227887
0.171192	0.318418
0.211673	0.348202
0.155794	0.289776
0.115429	0.188726
0.119404	0.124180
0.179651	0.300916
0.182798	0.363768
0.205809	0.227419
0.036003	0.094868
0.066898	0.092653
0.185988	0.472410
0.236121	0.460436
0.262333	0.519419
0.120237	0.114826
0.260056	0.206745
0.160682	0.225758
0.187751	0.163343
0.220045	0.411484
0.072622	0.099129
0.160720	0.463679
0.059017	0.198591
0.130045	0.397937
0.137219	0.394504
0.076229	0.123871
0.122229	0.404579
0.071531	0.095136
0.059167	0.082537
0.086044	0.171229
0.099645	0.095659
0.074954	0.088070
0.170583	0.162907
0.198018	0.306928
0.142003	0.246375
0.169084	0.276452
0.121262	0.157035
0.153514	0.264812
0.145234	0.349288
0.132739	0.311273
0.168127	0.352226
0.160485	0.221469
0.066030	0.118854
0.124264	0.109352
0.144081	0.227649
0.154638	0.231957
0.122088	0.157493
0.128471	0.214547
0.102475	0.153200
0.143265	0.187677
0.100293	0.161973
0.125000	0.426250
0.162036	0.329743
0.098773	0.210881
0.132213	0.312023
0.084688	0.099508
0.133697	0.720626
0.090959	0.114153
0.125115	0.322172
0.105899	0.163085
0.087977	0.322437
0.082152	0.287942
0.093297	0.414241
0.140271	0.631921
0.050485	0.281706
0.080196	0.182046
0.097563	0.104881
0.075366	0.082903
0.049966	0.095935
0.099450	0.298350
0.066899	0.151525
0.094300	0.461128
0.094283	0.203652
0.138743	0.643072
0.034767	0.102216
0.138401	1.069147
0.061754	0.164882
0.129235	0.308225
0.126029	0.360442
0.135182	0.350798
0.064554	0.097476
0.078995	0.297416
0.055724	0.099745
0.123382	0.114128
0.158686	0.148371
0.160254	0.158652
0.118913	0.337714
0.084644	0.215420
0.070400	0.095744
0.073060	0.086211
0.081258	0.330312
0.158917	0.563361
0.083094	0.103867
0.100592	0.230356
0.066098	0.124265
0.050225	0.255393
0.039504	0.089082
0.066766	0.221998
0.078967	0.211633
0.102414	0.292393
0.126193	0.214529
0.078154	0.172720
0.099870	0.112353
0.076851	0.194048
0.152565	0.443965
0.119635	0.266786
0.125728	0.216880
0.092708	0.201176
0.042898	0.091802
0.093010	0.136724
0.080294	0.118434
0.082169	0.098192
0.066976	0.141655
0.100351	0.275464
0.091266	0.280188
0.204276	1.496320
0.061914	0.138378
0.139414	0.533258
0.060690	0.113186
0.047619	0.117618
0.121386	1.040277
0.061317	0.294014
0.169469	1.458283
0.087967	0.519444
0.084183	0.310216
0.124979	0.606149
0.156612	0.313224
0.178971	0.342729
0.067467	0.131223
0.141081	0.347060
0.074900	0.105609
0.086742	0.121439
0.109437	0.187137
0.171556	0.498369
0.108924	0.160119
0.127020	0.190530
0.160141	0.417168
0.051655	0.135335
0.067706	0.174681
0.075415	0.193438
0.069869	0.150219
0.120105	0.546479
0.085398	0.222462
0.110362	0.454692
0.041167	0.102506
0.089164	0.139541
0.078147	0.128943
0.099076	0.250663
0.109226	0.195515
0.061295	0.080602
0.100596	0.176043
0.082829	0.115132
0.189195	0.392579
0.154810	0.661039
0.105325	0.154301
0.074510	0.165040
0.060516	0.117401
0.169917	0.481716
0.107703	0.179326
0.126515	0.137901
0.146915	0.455438
0.094817	0.148388
0.241935	0.884273
0.251563	0.438978
0.124752	0.638106
0.100953	0.216038
0.082724	0.142699
0.132274	0.265870
0.082118	0.136316
0.157886	0.263670
0.143032	0.182366
0.133542	0.205655
0.098715	0.130304
0.106553	0.179009
0.129564	0.180094
0.139585	0.168200
0.124956	0.253036
0.156719	0.289929
0.111600	0.171864
0.092276	0.329888
0.066396	0.239690
0.051705	0.186395
0.097402	0.174837
0.088315	0.252580
0.077176	0.253523
0.123417	0.244366
0.116886	0.273513
0.129845	0.415505
0.116750	0.243423
0.083250	0.154013
0.103392	0.192309
0.084750	0.213995
0.075036	0.167705
0.156038	0.218453
0.158391	0.517938
0.062243	0.088385
0.136406	0.355339
0.080353	0.161912
0.119877	0.282911
0.200795	0.884500
0.094169	0.151141
0.087317	0.215672
0.066715	0.082726
0.092910	0.261543
0.114657	0.175425
0.139095	0.284450
0.116330	0.534535
0.067666	0.099469
0.132342	0.438050
0.126831	0.242882
0.211424	0.860496
0.117487	0.115137
0.098014	0.448902
0.176465	0.220581
0.098427	0.544303
0.064632	0.138312
0.157095	0.329900
0.135278	0.280701
0.095522	0.164775
0.101406	0.307259
0.058670	0.105313
0.061903	0.206136
0.092449	0.186748
0.052215	0.150639
0.103159	0.207349
0.104656	0.335423
0.049058	0.090511
0.111267	0.567463
0.117796	0.301559
0.211320	0.822036
0.171224	0.209749
0.088486	0.111050
0.067628	0.172114
0.145461	0.378926
0.105200	0.185152
0.080660	0.125427
0.193748	0.427215
0.119412	0.189267
0.209230	0.263629
0.122638	0.115280
0.159934	0.601351
0.140042	0.113434
0.141609	0.157894
0.252155	0.216853
0.139021	0.200886
0.166227	1.044738
0.080000	0.184400
0.072162	0.137469
0.078656	0.151412
0.164483	0.564999
0.066392	0.109879
0.154426	0.332015
0.047227	0.087842
0.053274	0.128656
0.087408	0.281455
0.072285	0.118187
0.092324	0.158336
0.132850	0.189976
0.119289	0.265418
0.091518	0.204084
0.192721	0.915427
0.127163	0.302648
0.076719	0.128120
0.121888	0.174910
0.140108	0.378293
0.141466	0.572937
0.201167	0.551198
0.136507	0.183602
0.162471	0.402927
0.157168	0.284474
0.234709	0.499931
0.171437	0.187723
0.145063	0.232827
0.261919	0.385021
0.132241	0.655916
0.111619	0.139524
0.161914	0.590986
0.228655	0.804865
0.145531	0.202288
0.162555	0.194253
0.124528	0.395998
0.122885	0.137631
0.114253	0.110254
0.072912	0.091870
0.121365	0.232414
0.105669	0.284779
0.068328	0.112057
0.118210	0.193864
0.135013	0.162691
0.160335	0.164343
0.205125	0.278969
0.107092	0.179378
0.076473	0.226359
0.050176	0.337437
0.088953	0.444322
0.071588	0.104876
0.061936	0.166607
0.039707	0.116738
0.032573	0.097394
0.079490	0.191173
0.119208	0.284908
0.081916	0.308824
0.092175	0.083418
0.100715	0.231644
0.067493	0.088753
0.147254	0.395377
0.085538	0.270302
0.112652	0.451171
0.041539	0.088064
0.077894	0.091526
0.116770	0.412780
0.207874	0.650646
0.111666	0.340022
0.080199	0.130725
0.129020	0.379964
0.097107	0.152943
0.080872	0.177513
0.048997	0.132047
0.134277	0.283325
0.121631	0.654982
0.057687	0.088838
0.080184	0.180815
0.107286	0.237103
0.111917	0.555667
0.071514	0.179501
0.146558	0.557654
0.147775	0.727055
0.093438	0.185007
0.059268	0.201510
0.040633	0.125760
0.052422	0.170894
0.063768	0.130725
0.071274	0.096220
0.075872	0.122912
0.085492	0.270153
0.120478	0.200595
0.100513	0.340740
0.058100	0.231528
0.094481	0.451617
0.080256	0.219499
0.070811	0.115423
0.113167	0.167487
0.081494	0.279118
0.124016	0.332982
0.078947	0.177237
0.075548	0.192269
0.111624	0.282410
0.165802	0.246216
0.197681	0.335069
0.204461	0.865893
0.142659	0.221121
0.126584	0.132914
0.152176	0.490007
0.094496	0.153084
0.100995	0.160077
0.115167	0.210180
0.075798	0.080725
0.049699	0.107848
0.043720	0.123510
0.146683	0.286032
0.177076	0.539197
0.153314	0.311228
0.114395	0.105815
0.098389	0.227278
0.081441	0.324134
0.103179	0.221320
0.126950	0.148532
0.237613	0.224544
0.096531	0.164103
0.044037	0.136074
0.135309	0.575065
0.104475	0.457080
0.069824	0.133364
0.134514	0.848110
0.064110	0.290740
0.029857	0.081362
0.056897	0.080794
0.075226	0.283602
0.143718	1.954568
0.066161	0.194514
0.064109	0.226626
0.147370	0.382425
0.174498	0.866381
0.188063	1.478174
0.099328	0.304441
0.083928	0.130927
0.069767	0.094185
0.149074	0.336163
0.116778	0.157651
0.162573	0.281252
0.137881	0.194412
0.104121	0.144728
0.168580	0.236012
0.131355	0.313283
0.145770	0.384832
0.084400	0.102545
0.175617	1.035260
0.125676	0.218677
0.121924	0.178618
0.146489	0.235114
0.160513	0.278489
0.132461	0.402681
0.085522	0.082956
0.134025	0.171552
0.110559	0.125485
0.180323	0.487774
0.157842	0.411180
0.087905	0.110760
0.095721	0.213936
0.153807	0.307615
0.133544	0.176945
0.172429	0.284508
0.264837	1.297702
0.088503	0.096469
0.123104	0.267135
0.138350	0.269090
0.157338	0.772531
0.087073	0.187206
0.134271	0.546483
0.062305	0.078505
0.071721	0.164600
0.094182	0.163877
0.132096	0.234470
0.089332	0.172857
0.148310	0.430099
0.075805	0.121288
0.047666	0.082462
0.083276	0.098682
0.104041	0.116526
0.226870	1.039067
0.136824	0.527456
0.094589	0.149924
0.152773	0.251312
0.140696	0.173057
0.115841	0.145380
0.170047	0.490585
0.106664	0.091197
0.236950	0.300926
0.222303	0.350127
0.127147	0.085188
0.275552	0.873499
0.209250	0.199834
0.218913	0.267074
0.104922	0.109119
0.118590	0.115032
0.131523	0.099300
0.119187	0.116803
0.237393	1.208330
0.171220	0.210601
0.109590	0.121097
0.092537	0.125850
0.130478	0.209417
0.115979	0.213980
0.098774	0.115565
0.078374	0.384031
0.057539	0.102994
0.105704	0.363621
0.056424	0.159962
0.062597	0.170891
0.088227	0.150869
0.060076	0.121954
0.100239	0.216516
0.105498	0.248447
0.097324	0.245742
0.105138	0.308581
0.107734	0.166448
0.158851	0.386007
0.112241	0.150963
0.083409	0.169320
0.076892	0.088041
0.083573	0.114077
0.089881	0.113699
0.056224	0.077870
0.232010	0.389778
0.259787	0.724806
0.162562	0.303990
0.121841	0.180934
0.141852	0.118446
0.178350	0.336191
0.141312	0.207022
0.229705	0.136675
0.187970	0.406015
0.211461	1.205327
0.088653	0.105940
0.147839	0.404341
0.167869	0.209836
0.088213	0.128791
0.146581	0.273374
0.075866	0.092935
0.104638	0.145447
0.092993	0.098573
0.121448	0.207068
0.149648	0.395072
0.081093	0.100555
0.099134	0.192320
0.051551	0.144342
0.138409	0.179240
0.090537	0.232226
0.117598	0.218731
0.160287	0.265276
0.129533	0.196242
0.069566	0.145045
0.153074	0.403349
0.130673	0.145047
0.143447	0.190785
0.182025	0.345848
0.100757	0.148617
0.096816	0.131669
0.097791	0.232743
0.114652	0.127837
0.160538	0.239202
0.135766	0.228766
0.154737	0.245258
0.177286	0.301386
0.080353	0.104861
0.075134	0.101806
0.054464	0.261970
0.055860	0.133506
0.106484	0.112340
0.055492	0.125135
0.049258	0.126840
0.038993	0.097093
0.075296	0.260523
0.163735	0.460915
0.073269	0.139211
0.076795	0.105209
0.185423	0.500643
0.129371	0.159127
0.182282	0.326286
0.124069	0.204094
0.217526	0.229490
0.168283	0.388734
0.140075	0.507070
0.090054	0.167951
0.179116	0.291064
0.173028	0.279441
0.151309	0.236041
0.133481	0.172857
0.219460	0.628753
0.043910	0.113946
0.070271	0.157758
0.065826	0.259026
0.125922	0.295287
0.116247	0.125547
0.225505	0.913297
0.109122	0.276079
0.133435	0.244854
0.180939	0.643238
0.078820	0.108772
0.089135	0.139497
0.080451	0.107401
0.074185	0.183979
0.116322	0.339659
0.066184	0.103578
0.059539	0.171771
0.068537	0.116170
0.123938	0.218751
0.085432	0.161466
0.048439	0.165905
0.078428	0.192148
0.094266	0.460018
0.113887	0.241441
0.094826	0.111895
0.100117	0.131654
0.143972	0.285064
0.221677	0.432269
0.130946	0.405278
0.103570	0.257889
0.090040	0.197638
0.134645	0.405955
0.103646	0.508901
0.120964	0.373778
0.101226	0.152851
0.072079	0.139473
0.158593	0.253750
0.170487	0.275336
0.126794	0.311279
0.114492	0.143115
0.145079	0.298863
0.158782	0.231028
0.118772	0.139557
0.102576	0.193356
0.111286	0.238708
0.248721	0.631751
0.149867	0.393401
0.231401	0.404951
0.088047	0.104336
0.070507	0.160050
0.063536	0.117541
0.126566	0.327172
0.075009	0.222026
0.099542	0.438981
0.075401	0.137984
0.158040	0.561833
0.064607	0.099818
0.077736	0.100279
0.120069	0.199315
0.165022	0.764879
0.094987	0.209921
0.070243	0.163666
0.059735	0.146650
0.100003	0.210506
0.070324	0.150142
0.077691	0.132463
0.075508	0.113262
0.242259	0.662580
0.114500	0.168315
0.142288	0.147979
0.200597	1.762241
0.117293	0.202330
0.109197	0.334687
0.154190	0.243620
0.125507	0.236581
0.102335	0.127919
0.107731	0.082953
0.251023	0.273615
0.209757	0.406929
0.219789	0.201107
0.124089	0.211571
0.224246	0.347581
0.142636	0.188279
0.086560	0.087425
0.278548	0.504171
0.159593	0.120493
0.215309	0.422006
0.106149	0.159754
0.208315	0.197899
0.146950	0.130785
0.171117	0.930019
0.084030	0.091173
0.178949	0.278265
0.079419	0.098083
0.211492	0.369053
0.092502	0.141990
0.120249	0.187588
0.124163	0.193694
0.125696	0.219967
0.146961	0.510690
0.191135	1.179305
0.175994	0.196233
0.136624	0.242508
0.137438	0.206156
0.171376	0.329898
0.147780	0.263049
0.074092	0.203752
0.080015	0.112821
0.124220	0.222974
0.064056	0.257507
0.120686	0.291456
0.088262	0.297444
0.043437	0.148119
0.108767	0.422560
0.055952	0.097637
0.150342	0.489363
0.099639	0.190809
0.077594	0.184674
0.063534	0.146445
0.059964	0.163101
0.190019	0.548205
0.084717	0.146985
0.106383	0.378725
0.057413	0.093295
0.090217	0.119988
0.136907	0.273814
0.084135	0.244834
0.068243	0.108166
0.072590	0.221400
0.250064	1.860475
0.089012	0.278163
0.087595	0.147159
0.172152	0.453619
0.116908	0.794973
0.117995	0.242480
0.102547	0.231244
0.066506	0.093773
0.096900	0.175389
0.067284	0.125485
0.196085	1.725549
0.120499	0.391621
0.071458	0.156136
0.068480	0.218109
0.081659	0.258041
0.070372	0.142504
0.062708	0.166177
0.062089	0.146220
0.092259	0.174369
0.063470	0.118372
0.116465	0.391321
0.079907	0.144632
0.124152	0.332108
0.108443	0.303099
0.083110	0.281744
0.059049	0.099203
0.059807	0.095093
0.125156	0.607631
0.070901	0.140384
0.059964	0.135218
0.156787	0.482121
0.054502	0.117179
0.136648	0.509698
0.100096	0.184176
0.187110	0.381705
0.089166	0.106108
0.096526	0.271722
0.065508	0.106451
0.057993	0.085539
0.124314	0.331919
0.126436	0.400170
0.061124	0.224326
0.085332	0.208636
0.167800	1.745118
0.203978	0.440592
0.075213	0.286186
0.121093	0.276696
0.133722	1.602661
0.071083	0.176998
0.051734	0.148995
0.057368	0.158334
0.078024	0.300393
0.075230	0.192590
0.094099	0.111507
0.083229	0.223469
0.059151	0.287472
0.054036	0.088890
0.068307	0.115781
0.152345	0.906452
0.054791	0.142181
0.091149	0.308540
0.062655	0.166664
0.100046	0.285132
0.105055	0.244778
0.063437	0.205218
0.144902	0.987508
0.073292	0.083919
0.112361	0.306745
0.102781	0.324787
0.124817	0.469936
0.087704	0.210928
0.106950	0.109089
0.078289	0.191807
0.065951	0.161580
0.051362	0.175402
0.123675	0.440902
0.059635	0.091539
0.121801	0.294149
0.068498	0.133914
0.114988	0.181105
0.204492	0.759687
0.180998	0.559285
0.164844	0.179680
0.216671	0.243754
0.176437	0.399629
0.115491	0.146096
0.199929	0.304892
0.148189	0.312678
0.156673	0.203675
0.070067	0.116661
0.131954	0.135253
0.155167	0.361540
0.151239	0.350874
0.055651	0.084311
0.104720	0.130376
0.095951	0.083478
0.230940	0.857942
0.305222	0.486829
0.154578	0.179311
0.163613	0.179156
0.209983	0.160637
0.116391	0.154800
0.112834	0.221154
0.187254	0.799574
0.159014	0.316438
0.144907	0.315897
0.172090	0.448295
0.233057	0.988163
0.211286	0.241922
0.218137	0.479902
0.145751	0.150123
0.223515	1.056110
0.117478	0.385329
0.156087	0.274713
0.151617	0.416189
0.068402	0.145013
0.128988	0.563032
0.079456	0.115608
0.138522	0.333146
0.063856	0.113344
0.066299	0.172377
0.077369	0.142746
0.106858	0.270886
0.288221	1.363283
0.183406	0.181572
0.055999	0.211676
0.067221	0.105873
0.073030	0.197547
0.148625	0.701508
0.068017	0.109167
0.098834	0.112671
0.059445	0.267800
0.064109	0.176621
0.110483	0.480046
0.080513	0.169481
0.093988	0.393338
0.190125	0.870772
0.076375	0.165734
0.094952	0.256845
0.032751	0.092686
0.074693	0.378696
0.131189	0.665129
0.053011	0.161950
0.108514	0.450874
0.082014	0.125481
0.214194	2.247967
0.078301	0.122932
0.135610	0.475313
0.138112	0.415026
0.083540	0.104843
0.125515	0.202707
0.167757	0.665158
0.039316	0.122470
0.095460	0.302609
0.049782	0.143871
0.110576	0.333939
0.075960	0.103306
0.064130	0.115433
0.056555	0.145912
0.061795	0.402596
0.092332	0.250681
0.088051	0.168177
0.111609	0.217080
0.082752	0.121645
0.041920	0.097673
0.054554	0.142931
0.061727	0.122220
0.041183	0.113253
0.114113	0.365162
0.135975	0.414725
0.192629	1.048863
0.083714	0.132687
0.127860	0.274900
0.167325	0.343854
0.064963	0.233868
0.118757	1.449428
0.175427	0.298225
0.159204	0.206169
0.190332	0.327372
0.131353	0.307367
0.108655	0.347154
0.080007	0.127611
0.072406	0.132866
0.097660	0.207527
0.096214	0.162602
0.119174	0.423066
0.092759	0.217520
0.099889	0.300666
0.060532	0.165858
0.097411	0.125173
0.099159	0.189393
0.084847	0.101392
0.083122	0.118033
0.164614	0.275728
0.077653	0.135893
0.097465	0.250974
0.075009	0.148518
0.079013	0.127210
0.089315	0.126381
0.128422	0.340961
0.122425	0.302389
0.119426	0.405450
0.099222	0.106663
0.122762	0.253503
0.133843	0.570169
0.086129	0.170536
0.040533	0.089577
0.053511	0.130033
0.094418	0.140210
0.069417	0.101001
0.079365	0.130953
0.113807	0.188350
0.125165	0.163966
0.124178	0.736995
0.099870	0.190252
0.078604	0.109259
0.240454	1.595411
0.107355	0.219005
0.144526	0.521015
0.098500	0.153660
0.093224	0.245179
0.069092	0.117802
0.087436	0.269739
0.064657	0.103774
0.092038	0.211687
0.147710	0.694978
0.048823	0.096669
0.175273	1.159430
0.100084	0.377818
0.078644	0.139200
0.177272	0.257931
0.097133	0.144243
0.058791	0.084071
0.198289	0.643447
0.068854	0.153890
0.141392	0.306820
0.094567	0.085110
0.065745	0.118998
0.054353	0.119576
0.069023	0.143913
0.072537	0.348541
0.056911	0.098740
0.097217	0.199294
0.076763	0.134719
0.125345	0.358487
0.115229	0.155559
0.093320	0.387746
0.077872	0.233616
0.110535	0.291813
0.033991	0.097894
0.141948	0.882208
0.157291	1.466742
0.148402	0.398460
0.071280	0.125809
0.127496	0.410536
0.112326	0.415044
0.099118	0.109030
0.086834	0.160209
0.163012	0.890044
0.051503	0.678040
0.097593	0.713402
0.135964	0.550656
0.214022	1.273432
0.030347	0.149310
0.082937	0.136846
0.054532	0.142874
0.117464	0.431094
0.122148	0.629061
0.110132	0.212554
0.048046	0.107864
0.065572	0.165242
0.108684	0.756984
0.082300	0.275705
0.075753	0.146203
0.078359	0.198639
0.087949	0.134562
0.115063	0.192731
0.082307	0.240747
0.074946	0.086562
0.075745	0.108315
0.083350	0.146280
0.080462	0.156096
0.103438	0.213600
0.128002	0.135682
0.065884	0.100473
0.110161	0.191680
0.081087	0.222583
0.142371	0.236335
0.092565	0.185130
0.130076	0.183407
0.117673	0.343604
0.108781	0.249652
0.157517	0.102386
0.162392	0.187563
0.178019	0.125504
0.077799	0.127590
0.112051	0.170878
0.078369	0.132835
0.074298	0.193917
0.110109	0.177826
0.095456	0.248186
0.170635	0.546884
0.109225	0.428163
0.069642	0.090535
0.132341	0.267328
0.073643	0.178952
0.154080	0.332813
0.170189	0.467169
0.099478	0.123352
0.166330	0.160508
0.283190	0.958598
0.135255	0.251574
0.109324	0.142667
0.188052	0.672287
0.201637	0.511151
0.123285	0.249652
0.165275	0.308238
0.143413	0.245236
0.085426	0.131984
0.199864	0.270816
0.133076	0.201610
0.127290	0.185207
0.171651	0.339869
0.125873	0.225312
0.098437	0.099421
0.064959	0.088669
0.222940	0.714522
0.139468	0.120640
0.139105	0.143278
0.118903	0.174193
0.123879	0.250856
0.091080	0.098821
0.078723	0.127138
0.074823	0.123831
0.062716	0.130764
0.105932	0.244703
0.089004	0.142407
0.119778	0.414431
0.081804	0.091212
0.134697	0.445172
0.123849	0.262560
0.126689	0.364232
0.085467	0.239307
0.086119	0.140804
0.094564	0.090309
0.062453	0.104609
0.059302	0.167825
0.054185	0.077213
0.071896	0.547487
0.059870	0.361912
0.076814	0.206630
0.083590	0.199780
0.069953	0.097935
0.122511	0.434303
0.069304	0.105688
0.190986	0.705693
0.168695	0.503556
0.099898	0.123373
0.097834	0.180992
0.056827	0.077284
0.097692	0.183173
0.098599	0.141489
0.104830	0.128941
0.129138	0.334467
0.078089	0.165939
0.146137	1.033920
0.085210	0.100548
0.130708	0.242463
0.176606	0.626068
0.139667	0.275843
0.135633	0.292967
0.089135	0.196543
0.063734	0.126830
0.083216	0.213032
0.055995	0.122910
0.115036	0.265158
0.094204	0.170980
0.129335	0.257377
0.135693	0.369764
0.077923	0.163638
0.093718	0.199619
0.127093	0.367298
0.103597	0.174561
0.120786	0.202920
0.093586	0.094990
0.090911	0.167731
0.096889	0.161804
0.089261	0.163795
0.101834	0.687379
0.039667	0.094804
0.063172	0.151296
0.148265	0.785802
0.086011	0.351786
0.173173	0.618228
0.081076	0.148369
0.140018	0.389250
0.118842	0.259670
0.150422	0.264742
0.086920	0.129077
0.084217	0.122115
0.072888	0.140309
0.094517	0.224005
0.093496	0.136036
0.113121	0.293548
0.116127	0.135288
0.181216	0.917859
0.083100	0.169109
0.108939	0.167221
0.144419	0.291726
0.092716	0.157154
0.113561	0.178858
0.040475	0.129722
0.064742	0.100026
0.157779	0.278480
0.087178	0.287688
0.035226	0.140200
0.213722	1.570860
0.051026	0.142362
0.092336	0.228994
0.070670	0.107065
0.199627	0.516035
0.171872	0.389291
0.118457	0.293181
0.079624	0.272314
0.103271	0.111533
0.073822	0.255792
0.051085	0.104981
0.069093	0.158913
0.132553	0.648848
0.115591	0.156626
0.136327	0.368083
0.094326	0.144318
0.149559	0.406800
0.110072	0.183269
0.083893	0.186662
0.110794	0.199429
0.108521	0.142705
0.159121	0.320629
0.115241	0.227024
0.124280	0.264715
0.148137	0.296274
0.155042	0.306983
0.301303	0.897884
0.208889	0.249622
0.099505	0.080102
0.204134	0.331717
0.214162	0.334093
0.164081	0.155056
0.178228	0.222786
0.124566	0.102767
0.098056	0.108352
0.163968	0.266448
0.231359	0.772740
0.162366	0.285764
0.144552	0.223333
0.096433	0.096433
0.174891	0.343661
0.146355	0.266366
0.081467	0.125051
0.104353	0.121571
0.180344	0.327324
0.197617	0.440685
0.164198	0.344815
0.141195	0.223794
0.126146	0.227693
0.165439	0.212589
0.095124	0.091794
0.157662	0.201019
0.172305	0.562576
0.194487	0.285896
0.142578	0.400644
0.196574	0.395113
0.114283	0.174854
0.193904	0.288917
0.126470	0.218793
0.214145	0.326571
0.133559	0.232393
0.228126	0.274892
0.257500	0.730013
0.255196	0.176085
0.226046	0.197790
0.341861	0.632443
0.266593	0.223938
0.197153	0.246441
0.224170	0.209599
0.147773	0.147773
0.167927	0.217466
0.320428	0.581577
0.256853	0.231168
0.276668	0.847989
0.086174	0.117197
0.117836	0.124317
0.252590	0.914375
0.134266	0.305456
0.104900	0.142664
0.090922	0.441879
0.178001	0.305273
0.113435	0.154839
0.134096	0.500847
0.068647	0.091644
0.235934	1.786020
0.078055	0.248994
0.076878	0.280220
0.111083	0.182732
0.084372	0.154822
0.074089	0.147437
0.034390	0.091307
0.061648	0.180627
0.151637	1.150166
0.179419	0.319366
0.048958	0.179674
0.057278	0.144054
0.060272	0.135913
0.066978	0.132282
0.082972	0.160965
0.089423	0.130557
0.154916	0.279623
0.127613	0.146117
0.204902	0.610607
0.127433	0.144636
0.127758	0.180778
0.088800	0.080364
0.105539	0.112927
0.199476	1.202837
0.109156	0.377679
0.070191	0.260058
0.092625	0.405237
0.049170	0.195452
0.107984	0.250522
0.086501	0.137536
0.061874	0.132721
0.059235	0.102477
0.116725	0.332668
0.065065	0.135660
0.087252	0.122153
0.076618	0.112628
0.079990	0.211973
0.091275	0.206737
0.106945	0.205334
0.063962	0.117690
0.104667	0.258005
0.096735	0.225393
0.048829	0.112063
0.130343	0.933255
0.052652	0.122153
0.066428	0.144149
0.067558	0.167543
0.084257	0.181152
0.058048	0.078655
0.063160	0.160743
0.177088	1.242275
0.046094	0.110164
0.053782	0.106488
0.067354	0.105072
0.093421	0.156947
0.236941	0.755841
0.167952	0.279639
0.134494	0.174843
0.134453	0.159327
0.236043	0.426058
0.230965	0.694051
0.091122	0.098867
0.050687	0.167519
0.075338	0.376313
0.130977	0.153897
0.108684	0.182590
0.133127	0.217662
0.105763	0.138550
0.048528	0.099967
0.061069	0.091298
0.136463	0.510370
0.087636	0.238808
0.046750	0.111031
0.102085	0.248577
0.068547	0.160744
0.081971	0.223372
0.056603	0.114055
0.099383	0.397533
0.078165	0.252082
0.075372	0.318825
0.068004	0.721183
0.039158	0.105530
0.077730	0.178779
0.114580	0.237753
0.068938	0.174068
0.128176	0.513345
0.063221	0.085665
0.156395	0.825767
0.111369	0.334108
0.141184	0.312722
0.116379	0.349136
0.087714	0.298229
0.069453	0.102444
0.083219	0.193899
0.088304	0.239303
0.133856	1.258913
0.057083	0.081914
0.134515	0.537386
0.086771	0.155754
0.072017	0.134311
0.100389	0.198770
0.056224	0.096424
0.101240	0.244494
0.074679	0.229637
0.135477	0.350208
0.085160	0.190334
0.066719	0.100412
0.073119	0.122475
0.048481	0.173803
0.138965	0.733043
0.060305	0.268659
0.074147	0.166461
0.065755	0.222580
0.175413	0.708670
0.162316	0.831058
0.057784	0.098521
0.105191	0.469150
0.064938	0.257479
0.087700	0.190309
0.149511	0.253420
0.085336	0.111791
0.171930	0.239842
0.134013	0.272046
0.130967	0.258660
0.193917	0.319963
0.100320	0.149477
0.194704	0.399144
0.147173	0.287723
0.089326	0.205897
0.143422	0.192903
0.081295	0.101212
0.138380	0.456655
0.112834	0.124681
0.228232	0.316101
0.183828	0.147062
0.254022	1.141829
0.105337	0.104284
0.197681	0.305417
0.256058	0.329034
0.114839	0.095316
0.156927	0.138881
0.143309	0.458589
0.086335	0.104034
0.194394	0.417948
0.213768	0.361267
0.152667	0.245793
0.185481	0.204957
0.134816	0.141557
0.128407	0.255529
0.244506	0.930346
0.161131	0.248142
0.149694	0.312112
0.129219	0.276529
0.189494	0.488896
0.097600	0.082960
0.097457	0.188579
0.128603	0.226984
0.113337	0.242540
0.175908	0.539159
0.149156	0.207327
0.186878	0.163518
0.178947	0.386526
0.186021	0.524580
0.236776	0.343325
0.249193	0.262898
0.125609	0.173341
0.207043	0.371642
0.207135	0.295168
0.199725	0.200723
0.200394	0.185364
0.115013	0.122489
0.121849	0.088950
0.214420	0.904851
0.159308	0.539257
0.151093	0.204731
0.099999	0.141999
0.115580	0.303975
0.084698	0.163043
0.183305	0.285039
0.091012	0.185210
0.167513	0.653299
0.055729	0.089724
0.122949	0.263726
0.108596	0.228053
0.033356	0.120750
0.072603	0.167349
0.062195	0.190938
0.144580	0.697598
0.111926	0.187477
0.129053	0.398774
0.095583	0.184954
0.067140	0.102053
0.071134	0.133732
0.055282	0.119409
0.061659	0.127326
0.052070	0.104660
0.084472	0.318883
0.048242	0.135320
0.086561	0.179615
0.053354	0.088035
0.120891	0.191008
0.094051	0.275570
0.112168	0.449232
0.052794	0.133041
0.077824	0.191835
0.065941	0.189911
0.085037	0.328667
0.071367	0.140593
0.098162	0.321970
0.065738	0.238957
0.126437	0.668222
0.125438	0.272200
0.107314	0.230187
0.190608	0.421243
0.146298	0.258948
0.186564	0.558760
0.114550	0.256020
0.103692	0.122875
0.112421	0.186619
0.100005	0.164008
0.107229	0.154945
0.070681	0.132880
0.042361	0.173258
0.037126	0.098385
0.077184	0.406758
0.070108	0.629918
0.153304	0.310441
0.142686	0.331031
0.072964	0.157602
0.090261	0.109667
0.142254	0.312247
0.095019	0.136828
0.100253	0.272688
0.174407	0.505781
0.043804	0.123966
0.066061	0.109992
0.055866	0.113966
0.058725	0.083390
0.060248	0.130136
0.111827	0.151525
0.141370	0.641821
0.136668	0.295202
0.197912	1.391319
0.156965	0.368082
0.128224	0.244907
0.116706	0.313356
0.082872	0.186048
0.106998	0.150332
0.118159	0.177829
0.054886	0.282112
0.049089	0.118551
0.070952	0.230949
0.090132	0.110412
0.051733	0.099586
0.090040	0.274622
0.077171	0.182122
0.056913	0.098745
0.175125	0.528877
0.067445	0.084981
0.049253	0.098014
0.139941	0.589152
0.081933	0.114706
0.126983	0.387932
0.094142	0.096496
0.090781	0.188371
0.150939	0.387160
0.162587	0.191040
0.112562	0.245385
0.118126	0.102770
0.135335	0.312625
0.114042	0.271421
0.097446	0.238742
0.075590	0.117542
0.089421	0.392112
0.110760	0.339479
0.089232	0.124478
0.067061	0.114339
0.137231	0.315631
0.112526	0.281314
0.108695	0.181521
0.080398	0.187326
0.088857	0.202594
0.151053	0.367815
0.257517	1.734378
0.261452	0.571272
0.128775	0.247248
0.036083	0.278922
0.089008	0.217625
0.248565	0.935848
0.154554	0.238786
0.078444	0.091780
0.099476	0.162643
0.083270	0.108251
0.065416	0.093218
0.122793	0.306982
0.084580	0.159855
0.060494	0.087717
0.067884	0.126603
0.100320	0.155497
0.153658	0.212048
0.055360	0.377277
0.065192	0.151245
0.132903	0.695084
0.154954	0.430772
0.077085	0.089804
0.220826	0.196535
0.192466	0.396479
0.161758	0.314620
0.161723	0.282207
0.139262	0.102357
0.106705	0.123244
0.072965	0.145200
0.138690	1.640005
0.112055	0.294705
0.111652	0.130633
0.125532	0.262990
0.145544	0.374776
0.083596	0.101988
0.107059	0.162730
0.075218	0.078227
0.109636	0.166646
0.128406	0.275431
0.116190	0.160923
0.070657	0.149085
0.156960	0.448907
0.151923	0.315240
0.067000	0.185591
0.088349	0.194810
0.061230	0.102254
0.034308	0.086627
0.079116	0.339406
0.076182	0.357676
0.135152	1.171096
0.041855	0.119286
0.102289	1.092955
0.044407	0.087703
0.077524	0.217843
0.120652	0.592403
0.053773	0.091683
0.071564	0.267648
0.153506	3.389416
0.266571	0.274568
0.235161	2.435090
0.095829	0.268320
0.086014	0.140204
0.174448	0.675113
0.080690	0.104897
0.094021	0.131629
0.229508	0.563441
0.060028	0.079237
0.140643	0.943713
0.129187	0.333304
0.067076	0.277358
0.085546	0.276741
0.095334	0.143478
0.072186	0.209700
0.070085	0.200094
0.118039	0.691116
0.091447	0.271597
0.045358	0.085727
0.052924	0.080708
0.102224	0.141581
0.114255	0.207945
0.144648	0.220589
0.075922	0.095662
0.060742	0.117536
0.054104	0.115784
0.071139	0.140855
0.080299	0.176659
0.071537	0.122685
0.102011	0.351939
0.098029	0.360748
0.095386	0.155956
0.152321	0.755512
0.181434	0.453586
0.178695	0.308249
0.160900	0.314559
0.103226	0.115097
0.071330	0.103784
0.119211	0.359421
0.179430	1.111572
0.061824	0.143432
0.082005	0.125058
0.067801	0.193233
0.111778	0.679608
0.073738	0.118349
0.141575	0.298015
0.104155	0.309862
0.069613	0.087364
0.067585	0.170313
0.103149	0.149566
0.126658	0.297012
0.208156	1.577821
0.049718	0.110373
0.084824	0.122995
0.110418	0.264451
0.066920	0.271024
0.100945	0.333120
0.124833	0.207222
0.155120	0.381594
0.182641	0.296792
0.168667	0.367694
0.081588	0.109735
0.082240	0.120482
0.167465	1.516400
0.191443	0.401073
0.092688	0.229866
0.118808	0.904723
0.068071	0.155881
0.106973	0.359428
0.047301	0.094602
0.030488	0.107621
0.076494	0.290295
0.064232	0.133281
0.050613	0.151334
0.046414	0.140401
0.058386	0.113561
0.072298	0.189060
0.065690	0.136307
0.051347	0.137610
0.157733	0.171140
0.124680	0.217566
0.099993	0.313478
0.078652	0.316182
0.074381	0.289714
0.090478	0.197694
0.097248	0.326267
0.048488	0.105704
0.129381	0.520757
0.053736	0.097262
0.063112	0.140423
0.149208	0.405845
0.080196	0.244997
0.055852	0.117289
0.055756	0.113464
0.039431	0.099367
0.056383	0.170276
0.087431	0.230382
0.069569	0.256711
0.062053	0.128140
0.110289	0.264141
0.114781	0.331143
0.049045	0.140758
0.124246	0.659744
0.069303	0.265429
0.146847	0.846571
0.068636	0.206938
0.048620	0.086543
0.062893	0.127672
0.048115	0.124138
0.060080	0.264650
0.033080	0.153491
0.096034	0.266013
0.067227	0.205041
0.100338	0.126426
0.071947	0.156125
0.148820	0.260435
0.065852	0.227190
0.076480	0.261179
0.043968	0.078483
0.044339	0.144325
0.037733	0.095463
0.031853	0.093807
0.162443	0.239604
0.152542	0.797796
0.092549	0.140212
0.057547	0.116820
0.068415	0.131015
0.083940	0.241747
0.051222	0.089894
0.072542	0.245919
0.058556	0.125894
0.088082	0.263807
0.124298	0.288372
0.083996	0.109615
0.180409	0.791994
0.162701	0.939597
0.119161	0.262751
0.085402	0.148173
0.097010	0.142120
0.112909	0.198720
0.158227	0.522148
0.146134	0.218471
0.134411	0.198256
0.107597	0.120509
0.118758	0.194762
0.099510	0.237331
0.098677	0.260507
0.070202	0.183228
0.043597	0.212098
0.051319	0.108796
0.047569	0.100132
0.047046	0.128201
0.067651	0.241515
0.059032	0.151417
0.074445	0.136606
0.059215	0.158105
0.078301	0.122932
0.067407	0.103807
0.051473	0.187878
0.040180	0.129983
0.071768	0.157890
0.162902	1.344755
0.086354	0.265539
0.194572	0.365796
0.124690	0.188282
0.075210	0.139514
0.100622	0.122758
0.075752	0.190137
0.117733	0.299631
0.084407	0.110151
0.187904	0.617266
0.082683	0.121957
0.119817	0.134795
0.069033	0.122879
0.086089	0.133869
0.061599	0.166932
0.082078	0.301636
0.072393	0.093387
0.070290	0.093485
0.071662	0.144756
0.080349	0.214130
0.104484	0.190684
0.075855	0.120989
0.054989	0.081109
0.056482	0.114376
0.116848	0.528739
0.059309	0.101418
0.081146	0.145251
0.122821	0.698237
0.044727	0.141784
0.105937	0.252130
0.170685	0.294431
0.134051	0.258718
0.118886	0.247877
0.106317	0.237086
0.065845	0.112595
0.088641	0.187032
0.107136	0.191773
0.122651	0.244075
0.218314	0.744450
0.128064	0.101170
0.120545	0.296541
0.054401	0.130292
0.109813	0.432113
0.063109	0.147044
0.054015	0.111270
0.036370	0.116383
0.108848	0.365730
0.070048	0.156558
0.152831	0.837512
0.102035	0.171420
0.100424	0.140593
0.145122	0.285891
0.114844	0.209016
0.210374	0.450199
0.211095	0.440134
0.226966	0.625291
0.114368	0.317943
0.092131	0.103187
0.161790	0.218416
0.229758	0.298685
0.241177	0.366589
0.325447	1.098385
0.201690	0.348924
0.186818	0.184016
0.248729	0.282307
0.283080	0.516621
0.135826	0.158916
0.273737	0.395550
0.087594	0.091974
0.169916	0.271866
0.099243	0.170202
0.176560	0.793638
0.123936	0.117739
0.223593	0.251542
0.131194	0.251236
0.073264	0.087550
0.111050	0.129929
0.114658	0.137590
0.123394	0.164114
0.080518	0.140101
0.138239	0.225330
0.146422	0.249650
0.112745	0.876025
0.174807	0.222879
0.109393	0.288250
0.092381	0.465602
0.137784	0.272124
0.086568	0.099554
0.105057	0.090349
0.088020	0.156676
0.078619	0.125397
0.084204	0.150304
0.146101	0.317040
0.082656	0.104973
0.150477	0.325031
0.140739	0.196331
0.158326	0.620638
0.227804	0.484083
0.086159	0.096928
0.119508	0.282039
0.158446	0.342244
0.131577	0.185523
0.196108	0.285338
0.117916	0.084310
0.169346	0.381874
0.197893	0.391828
0.105571	0.202168
0.096129	0.202351
0.085183	0.186550
0.094891	0.195475
0.150713	0.456660
0.095242	0.189531
0.080020	0.104025
0.135230	0.516580
0.182965	0.365931
0.118810	0.208512
0.124495	0.098973
0.130140	0.287609
0.084229	0.174776
0.125138	0.183327
0.112958	0.254720
0.112351	0.200546
0.108284	0.191662
0.083380	0.124236
0.060995	0.097591
0.079818	0.141277
0.069067	0.118794
0.142674	0.231131
0.109910	0.179703
0.083852	0.184893
0.054488	0.129137
0.084337	0.137469
0.151445	0.979849
0.200552	0.416144
0.159661	0.121342
0.101368	0.144449
0.127412	0.273298
0.107022	0.200131
0.099104	0.573813
0.066550	0.127111
0.198186	0.543028
0.162256	0.704191
0.091580	0.144239
0.083040	0.206768
0.088223	0.288929
0.103426	0.197026
0.112173	0.333154
0.043155	0.167227
0.086758	0.373057
0.112430	0.390131
0.049046	0.123841
0.064299	0.169107
0.061720	0.196578
0.059245	0.192250
0.064364	0.142567
0.201352	0.489286
0.150668	0.390983
0.109425	0.232529
0.110309	0.369536
0.252018	1.460443
0.154695	0.378228
0.078161	0.149288
0.068862	0.132904
0.101086	0.358351
0.107423	0.310991
0.187437	0.441414
0.162054	0.158003
0.269711	0.418052
0.204914	0.496917
0.263492	0.769397
0.203145	0.386992
0.176763	0.317290
0.225854	0.309421
0.168910	0.230563
0.214137	0.250540
0.266656	0.494646
0.229926	0.309251
0.287071	0.317213
0.205135	0.146672
0.300337	0.225253
0.176614	0.529842
0.237737	0.885571
0.294394	0.688882
0.277713	0.315204
0.220287	0.404227
0.153074	0.176800
0.185051	0.195229
0.245592	0.282430
0.148054	0.168041
0.082174	0.279391
0.143905	0.279896
0.124623	0.328381
0.060878	0.225859
0.079614	0.170373
0.032204	0.114809
0.086420	0.379386
0.035652	0.176298
0.102169	0.534343
0.046910	0.099918
0.095181	0.236049
0.110340	0.595285
0.072056	0.121414
0.144642	0.393426
0.086041	0.244357
0.065262	0.144229
0.119951	0.155936
0.145782	0.189516
0.073057	0.147940
0.070450	0.330410
0.052131	0.137104
0.043247	0.122822
0.054211	0.107337
0.133222	0.390341
0.094790	0.551679
0.080068	0.110894
0.060106	0.202858
0.077292	0.467614
0.074571	0.199478
0.062608	0.123650
0.071172	0.127753
0.075671	0.087400
0.116486	0.196279
0.090575	0.292106
0.069361	0.178952
0.065101	0.166660
0.078866	0.123820
0.122800	0.270160
0.075105	0.154716
0.126409	0.603604
0.051964	0.087820
0.062845	0.104322
0.064995	0.154038
0.076123	0.214286
0.086307	0.261943
0.054823	0.091280
0.071333	0.184752
0.087083	0.231639
0.080225	0.241477
0.062064	0.122266
0.076908	0.121130
0.128929	0.609834
0.045497	0.184716
0.067898	0.088267
