Velocity(m/s)	Chord(mm)
0.065837	0.090526
0.094143	0.177460
0.113460	0.310881
0.107590	0.204958
0.137416	0.472712
0.112779	0.171424
0.101029	0.293488
0.186380	0.957992
0.147154	0.328889
0.089417	0.125184
0.072303	0.178949
0.115103	0.190495
0.073396	0.115966
0.106092	0.167095
0.115658	0.431405
0.146527	0.936305
0.067694	0.131326
0.069024	0.140810
0.082383	0.220374
0.088236	0.251913
0.163153	0.730109
0.073477	0.109481
0.041829	0.100598
0.111015	0.185396
0.199333	1.067430
0.203124	0.428591
0.127550	0.980862
0.073370	0.092813
0.145303	0.227400
0.149503	0.334139
0.212103	0.468747
0.138385	0.518944
0.141316	0.624617
0.146599	0.285868
0.068673	0.132883
0.085698	0.143116
0.101821	0.312592
0.138395	0.265027
0.145589	0.650054
0.094797	0.204761
0.076004	0.124266
0.068717	0.098609
0.076976	0.295971
0.159421	0.557175
0.081168	0.115259
0.133617	0.258548
0.093828	0.127137
0.108485	0.237040
0.106782	0.098773
0.118441	0.130285
0.203695	0.276006
0.122511	0.227258
0.106322	0.194569
0.127529	0.235292
0.145875	0.177968
0.218891	0.701544
0.141106	0.220831
0.116693	0.178540
0.172056	0.326906
0.152829	0.193328
0.227186	0.594091
0.218219	0.579373
0.196844	0.612184
0.132323	0.185913
0.174388	0.330464
0.179029	0.351792
0.154544	0.354679
0.092151	0.093994
0.122582	0.164873
0.210511	0.416812
0.118891	0.167637
0.115609	0.107517
0.148282	0.201663
0.106707	0.197409
0.187967	0.425745
0.197111	0.462226
0.137938	1.082120
0.052115	0.369754
0.096910	0.190428
0.079383	0.234576
0.091883	0.159418
0.168703	2.280017
0.107431	0.172426
0.117417	0.252447
0.074731	0.129285
0.161085	0.515473
0.113446	0.315946
0.156120	0.408253
0.113137	0.296985
0.103272	0.188987
0.102668	0.215089
0.071579	0.117032
0.068853	0.130821
0.148120	0.703569
0.079024	0.283302
0.132402	0.331005
0.110811	0.277027
0.083294	0.112030
0.100205	0.189388
0.157247	0.359308
0.188000	0.869502
0.103335	0.167402
0.083296	0.163261
0.110267	0.336865
0.128409	0.209306
0.060361	0.119214
0.103680	0.199065
0.128547	0.097053
0.254782	1.509586
0.167613	0.331874
0.111701	0.254120
0.159258	0.442736
0.091710	0.138024
0.073394	0.089908
0.097243	0.147810
0.139073	0.260066
0.191354	0.576934
0.164406	0.805590
0.096079	0.131628
0.202914	2.014939
0.142077	0.128579
0.112161	0.120012
0.211257	0.342236
0.150792	0.252577
0.136057	0.148982
0.102757	0.103785
0.203136	0.347363
0.153074	0.306147
0.084458	0.132176
0.091702	0.182487
0.121920	0.304801
0.092420	0.148333
0.119575	0.152458
0.220461	0.599654
0.114805	0.115379
0.166315	0.439904
0.116096	0.101003
0.088059	0.210020
0.103930	0.311790
0.191247	0.537404
0.097444	0.159321
0.163753	1.545007
0.122637	0.419419
0.067342	0.123910
0.141105	0.416261
0.096915	0.182199
0.078291	0.209820
0.123010	0.258937
0.109683	0.254464
0.148431	0.363655
0.129666	0.216542
0.091165	0.111221
0.111074	0.185493
0.143198	0.208352
0.166399	0.197183
0.167746	0.188715
0.120797	0.091806
0.227656	0.969816
0.182612	0.343311
0.181904	0.229199
0.187189	0.381865
0.147513	0.196930
0.205021	0.246026
0.170559	0.249017
0.123874	0.126352
0.163196	0.300281
0.117624	0.138209
0.173926	0.364375
0.118990	0.110661
0.137909	0.297883
0.144571	0.098308
0.137347	0.312465
0.099258	0.126554
0.152324	0.142423
0.226183	0.486293
0.210762	0.234999
0.234532	0.295510
0.160684	0.277983
0.198081	0.330795
0.161094	0.324605
0.157916	0.332412
0.196024	0.325399
0.200722	0.418504
0.099361	0.111782
0.129315	0.307123
0.249630	0.624074
0.090749	0.169701
0.124374	0.148627
0.132798	0.333324
0.154003	0.261036
0.081412	0.137178
0.143384	0.243753
0.104465	0.149384
0.245868	0.347904
0.158819	0.216788
0.130323	0.163556
0.124031	0.181705
0.113582	0.116422
0.076369	0.189394
0.056796	0.104505
0.090616	0.309454
0.072466	0.109787
0.075282	0.108030
0.059615	0.147548
0.109771	0.161912
0.136709	0.166102
0.097199	0.143854
0.117207	0.827479
0.097386	0.105177
0.116463	0.198569
0.091023	0.093753
0.112922	0.246169
0.134865	0.319630
0.118244	0.232350
0.112846	0.347566
0.163482	1.250634
0.150987	0.437106
0.078295	0.103740
0.070423	0.127466
0.059341	0.105924
0.159415	1.040981
0.084204	0.154935
0.137170	0.438259
0.088108	0.235249
0.055636	0.088740
0.139577	0.420128
0.133665	0.594142
0.169819	0.669936
0.168785	0.339258
0.138245	0.493535
0.061930	0.147394
0.116220	0.307401
0.105113	0.203919
0.084035	0.126893
0.154120	0.334441
0.190583	0.243946
0.117405	0.179630
0.174333	0.261499
0.209555	0.365673
0.273004	0.483217
0.243614	1.309424
0.143646	0.235580
0.183969	0.223523
0.157932	0.278749
0.162958	0.182513
0.144967	0.276888
0.128190	0.269198
0.147855	0.279447
0.100193	0.116223
0.099393	0.191829
0.052208	0.089797
0.047315	0.105750
0.144442	0.337994
0.125135	0.253398
0.080328	0.151418
0.123210	0.295087
0.106171	0.235699
0.120836	0.214485
0.071124	0.138336
0.094296	0.182463
0.088433	0.158737
0.072046	0.118876
0.062218	0.083995
0.152154	0.642090
0.065874	0.134713
0.058508	0.095953
0.162222	0.439621
0.172833	0.355171
0.155955	0.116186
0.106931	0.133664
0.195040	0.372526
0.140382	0.197237
0.102198	0.090445
0.223757	0.822306
0.162908	0.388535
0.153788	0.164553
0.111816	0.178905
0.148652	0.277236
0.092500	0.129037
0.191620	0.352581
0.092007	0.154571
0.083473	0.146495
0.096800	0.475287
0.145294	0.391568
0.140535	0.253666
0.117785	0.149587
0.132061	0.229125
0.083988	0.172596
0.098762	0.299249
0.055542	0.176069
0.061801	0.197455
0.075738	0.168895
0.089377	0.157750
0.104133	0.183796
0.233329	0.666154
0.085217	0.144017
0.075498	0.134010
0.075708	0.106369
0.072193	0.182647
0.087661	0.394035
0.082570	0.168443
0.083259	0.140708
0.115322	0.168947
0.111512	0.129354
0.131941	0.255966
0.115456	0.131043
0.270665	1.609104
0.129845	0.162306
0.098903	0.131541
0.129840	0.316809
0.122709	0.362605
0.199704	0.708949
0.126175	0.178537
0.184009	0.587908
0.172162	0.410606
0.093297	0.125018
0.096632	0.164758
0.117930	0.351431
0.139300	0.278600
0.157693	0.328791
0.123747	0.275336
0.142896	0.305083
0.138763	0.316381
0.164625	0.474121
0.076379	0.234485
0.059777	0.092355
0.061996	0.137632
0.174949	0.558962
0.123644	0.219469
0.070993	0.114653
0.094474	0.580073
0.073216	0.158879
0.087262	0.148346
0.093520	0.242684
0.126690	0.345231
0.082620	0.138389
0.151554	0.213691
0.090977	0.200604
0.131181	0.153482
0.140061	0.227599
0.162021	0.322422
0.124442	0.247640
0.084635	0.084212
0.165944	0.358440
0.219757	0.520825
0.211631	0.802080
0.088801	0.117661
0.074186	0.096070
0.077910	0.116085
0.138449	0.501877
0.157727	0.527595
0.154716	0.655223
0.116217	0.263813
0.094693	0.189387
0.082797	0.107635
0.060317	0.144460
0.075148	0.091681
0.083294	0.159092
0.118308	0.178644
0.070989	0.216515
0.233335	0.703504
0.112654	0.180809
0.127778	0.435723
0.109197	0.117932
0.157757	0.221648
0.103163	0.125344
0.148285	0.406300
0.073743	0.161498
0.116886	0.380464
0.079924	0.148658
0.098053	0.139726
0.110870	0.189587
0.078142	0.117604
0.098169	0.290579
0.073851	0.093052
0.186534	0.413173
0.109481	0.244691
0.082159	0.100645
0.130346	0.270468
0.110325	0.378966
0.216841	1.677263
0.132140	0.384526
0.180928	2.255264
0.111892	0.182385
0.155105	0.348211
0.087963	0.140301
0.128849	0.177811
0.143907	0.205068
0.163823	0.207236
0.102595	0.128244
0.107711	0.127099
0.206630	0.403962
0.192665	0.618456
0.146427	0.106892
0.271985	0.467814
0.126093	0.136181
0.245316	0.666033
0.139390	0.210478
0.256768	1.315934
0.268516	0.886102
0.199594	0.397192
0.080009	0.098411
0.120496	0.106036
0.094149	0.139340
0.087466	0.087903
0.175656	0.274024
0.137999	0.126269
0.147307	0.433083
0.159742	0.306705
0.253566	0.723930
0.179628	0.148193
0.154310	0.167426
0.176439	0.231135
0.181610	0.401359
0.179178	0.279518
0.094935	0.125789
0.121153	0.227767
0.231824	1.119709
0.235047	0.971920
0.096592	0.184008
0.077550	0.115550
0.125885	0.202046
0.089067	0.185705
0.078593	0.106887
0.060759	0.089923
0.078944	0.105391
0.109730	0.166240
0.185435	0.276299
0.083734	0.102993
0.112909	0.168799
0.081247	0.120246
0.115614	0.194809
0.117480	0.170346
0.097980	0.129824
0.117617	0.234058
0.125330	0.171075
0.180576	1.619764
0.094124	0.163305
0.166976	0.264657
0.158774	0.258007
0.065746	0.092044
0.094978	0.122522
0.078145	0.106278
0.152540	0.199065
0.198550	0.217413
0.119082	0.141707
0.095668	0.122455
0.169250	0.271647
0.204620	0.283398
0.168529	0.294925
0.151089	0.198682
0.169075	0.211344
0.207788	0.250385
0.208389	0.573071
0.109746	0.183275
0.084423	0.111439
0.139066	0.220420
0.147729	0.295459
0.123171	0.107159
0.140885	0.236687
0.128901	0.397015
0.122898	0.143176
0.108430	0.141502
0.142746	0.197703
0.132864	0.102306
0.169060	0.143701
0.162567	0.218653
0.341669	1.462345
0.213061	0.614681
0.139941	0.127346
0.232846	0.377211
0.227284	0.776174
0.243376	0.316388
0.222700	0.208225
0.256686	1.121718
0.186789	0.161573
0.144648	0.274832
0.204245	0.261434
0.107827	0.115375
0.265921	0.882856
0.151615	0.282762
0.122712	0.141118
0.125456	0.226449
0.144673	0.295856
0.106213	0.117365
0.140747	0.127376
0.188391	0.190275
0.183810	0.149805
0.143471	0.235293
0.164112	0.301145
0.196440	0.181707
0.168652	0.457048
0.077353	0.160508
0.175098	0.351948
0.179582	0.122116
0.200988	0.616027
0.102282	0.122227
0.119035	0.118440
0.138727	0.195605
0.229129	0.576259
0.138554	0.155180
0.131928	0.244066
0.097306	0.108496
0.180515	0.221131
0.245448	1.028428
0.160724	0.220995
0.138427	0.278239
0.100909	0.140769
0.262563	0.712860
0.166699	0.273386
0.192209	0.482444
0.128503	0.328324
0.115950	0.225522
0.141735	0.257957
0.129294	0.227557
0.109675	0.149157
0.109452	0.242436
0.072195	0.096381
0.090637	0.110124
0.079192	0.099782
0.064582	0.089123
0.128331	0.308635
0.083803	0.145398
0.077780	0.103059
0.106209	0.217198
0.089202	0.141832
0.102565	0.203079
0.149583	0.313376
0.136611	0.287567
0.107657	0.176558
0.148732	0.308619
0.084346	0.176704
0.110823	0.173439
0.066316	0.084221
0.123148	0.293093
0.172663	0.412664
0.166685	0.585896
0.108205	0.268349
0.125666	0.248189
0.113204	0.637904
0.083613	0.235789
0.089137	0.134151
0.204934	0.569717
0.136249	0.223448
0.260990	0.918685
0.204857	0.279629
0.208554	0.212725
0.098705	0.105120
0.159204	0.321592
0.158935	0.201847
0.123714	0.207221
0.074771	0.128232
0.141069	0.403459
0.104174	0.208347
0.134444	0.166038
0.175416	0.376267
0.262068	0.891033
0.094578	0.108292
0.093819	0.161838
0.110677	0.226888
0.057176	0.094913
0.197652	0.305372
0.126602	0.222820
0.121806	0.256401
0.153632	0.169764
0.145449	1.551214
0.103352	0.215489
0.234960	2.877086
0.086661	0.110926
0.157448	0.425898
0.063251	0.088868
0.123782	0.150395
0.105542	0.178367
0.076488	0.126969
0.142248	0.194879
0.102336	0.192904
0.124156	0.168231
0.247532	0.560661
0.163779	0.216189
0.210173	0.388821
0.204669	0.272209
0.297095	1.093308
0.288131	0.580584
0.302129	0.522684
0.257810	0.440854
0.114900	0.094792
0.159753	0.242825
0.270864	0.517351
0.143575	0.102656
0.156694	0.156694
0.163145	0.234928
0.241800	0.539213
0.186620	0.238873
0.219075	0.506062
0.171057	0.217243
0.117686	0.139458
0.138132	0.244494
0.259063	0.354916
0.160775	0.319942
0.332918	0.481067
0.152941	0.108588
0.201230	0.244494
0.169891	0.293062
0.141953	0.168924
0.271103	1.199630
0.093901	0.179819
0.139358	0.172804
0.147206	0.190632
0.117855	0.324691
0.174866	0.464269
0.134245	0.244326
0.085595	0.141659
0.108187	0.352150
0.039240	0.141265
0.068061	0.138843
0.117124	0.265285
0.254756	0.577023
0.137630	0.338570
0.250181	0.550397
0.317078	0.253662
0.185821	0.151445
0.138123	0.139504
0.205315	0.387019
0.235450	0.353175
0.139525	0.161152
0.195102	0.255584
0.129262	0.116982
0.180148	0.280130
0.228937	0.180860
0.257789	0.415040
0.249135	0.506989
0.191574	0.160922
0.218250	0.303368
0.122544	0.115805
0.115904	0.143141
0.214204	0.160653
0.178320	0.413703
0.197966	0.324664
0.243702	0.489841
0.104830	0.142569
0.097211	0.149706
0.132862	0.190657
0.131350	0.246280
0.168915	0.395262
0.134126	0.175034
0.125049	0.147557
0.131880	0.266398
0.167858	0.444824
0.134221	0.183212
0.116402	0.268888
0.089184	0.136006
0.119697	0.102940
0.075597	0.091094
0.132237	0.214886
0.058249	0.096694
0.141699	0.658193
0.102889	0.156392
0.099159	0.144772
0.075084	0.130271
0.205038	0.545400
0.140353	0.209828
0.134388	0.178065
0.102154	0.136376
0.140573	0.227025
0.108586	0.126502
0.101774	0.167928
0.098032	0.149498
0.208998	0.430535
0.191058	0.420328
0.075855	0.104301
0.101174	0.185149
0.147483	0.365021
0.085299	0.159935
0.123954	0.203905
0.115945	0.282326
0.156799	0.312030
0.087986	0.117022
0.064588	0.130144
0.118326	0.127200
0.169865	0.548664
0.066885	0.128754
0.158991	0.367270
0.075218	0.128999
0.081640	0.142054
0.093874	0.190095
0.108963	0.166168
0.091251	0.213528
0.090566	0.161208
0.094240	0.220522
0.103444	0.181543
0.101456	0.352559
0.057865	0.117176
0.132194	0.264387
0.219093	0.471050
0.195517	0.486836
0.106716	0.692052
0.157754	0.360469
0.192999	0.724711
0.142305	0.234803
0.119596	0.149495
0.182086	0.374188
0.164154	0.555660
0.211391	0.351967
0.111016	0.210931
0.150467	0.811768
0.158093	0.296425
0.126448	0.437512
0.079538	0.149531
0.095693	0.494256
0.064613	0.150547
0.070220	0.116565
0.115060	0.336550
0.108581	0.191646
0.123920	0.273244
0.073799	0.139848
0.072929	0.132002
0.083679	0.178237
0.117754	0.433335
0.091939	0.145723
0.089311	0.158527
0.085174	0.144370
0.089141	0.117220
0.102668	0.268990
0.119042	0.539261
0.076285	0.100697
0.096350	0.138744
0.064405	0.090167
0.096549	0.170892
0.113199	0.452230
0.123981	0.365743
0.107872	0.137537
0.101694	0.265930
0.082854	0.185178
0.050544	0.119032
0.071810	0.121717
0.078261	0.240262
0.112279	0.166734
0.107084	0.269315
0.103497	0.189399
0.084240	0.152475
0.070077	0.190260
0.084220	0.242553
0.144476	0.330851
0.144800	0.465532
0.079360	0.126182
0.122073	0.379037
0.055751	0.103976
0.048625	0.102842
0.115875	0.334880
0.052929	0.098184
0.054822	0.120882
0.063425	0.159514
0.121511	0.452627
0.063728	0.108656
0.086949	0.263021
0.104362	0.252033
0.100398	0.209329
0.077485	0.228581
0.161818	1.130298
0.064208	0.106585
0.059808	0.170155
0.073739	0.111346
0.090544	0.143513
0.088704	0.317559
0.096763	0.215299
0.118736	0.199477
0.168034	0.458734
0.127456	0.282316
0.146238	0.440178
0.071393	0.084957
0.107973	0.154942
0.165015	0.370459
0.134476	0.455875
0.069747	0.127289
0.086233	0.258267
0.108171	0.416457
0.136137	0.338980
0.164509	0.234425
0.129655	0.303392
0.072617	0.218215
0.101253	0.167067
0.095502	0.385350
0.169945	0.486892
0.075762	0.132583
0.109687	0.179338
0.114463	0.121331
0.124637	0.240550
0.212169	0.289610
0.140837	0.359837
0.208996	0.783734
0.146649	0.189177
0.100372	0.156079
0.229988	1.238483
0.098813	0.093872
0.106698	0.177652
0.108456	0.146958
0.105513	0.288577
0.104038	0.317835
0.196765	0.454528
0.076443	0.099376
0.144861	0.289721
0.114566	0.345415
0.102861	0.203151
0.180393	0.178589
0.121291	0.151614
0.157029	0.157815
0.168735	0.264913
0.129561	0.127618
0.113630	0.343163
0.066362	0.819233
0.095867	0.183586
0.095614	0.176886
0.160796	0.223507
0.104842	0.131577
0.133134	0.164421
0.080106	0.141787
0.089632	0.176128
0.186473	0.263859
0.195469	1.431809
0.056957	0.089992
0.136910	0.339538
0.064411	0.114008
0.147883	0.374143
0.105523	0.108689
0.095429	0.170341
0.098182	0.098673
0.179715	0.372909
0.138676	0.170572
0.137056	0.215863
0.127569	0.172218
0.195158	0.209795
0.120100	0.114095
0.233929	0.598859
0.158105	0.562854
0.220143	0.314805
0.185527	0.727267
0.138550	0.192585
0.143757	0.344299
0.114777	0.193973
0.140514	0.164401
0.120294	0.193673
0.227580	0.522297
0.091469	0.141777
0.129241	0.341844
0.126643	0.388794
0.100675	0.185746
0.103661	0.101588
0.116128	0.164901
0.170851	0.284467
0.328531	1.346979
0.222540	0.450643
0.198374	0.828210
0.281374	0.350311
0.176709	0.281851
0.201830	0.574207
0.160374	0.230938
0.267371	1.934432
0.205603	0.618864
0.188312	0.298474
0.201103	0.553032
0.218380	0.288261
0.154997	0.111598
0.319229	0.381478
0.156150	0.121016
0.261575	0.523149
0.227059	0.350806
0.193688	0.166572
0.273767	0.394224
0.127541	0.095656
0.146698	0.269191
0.076640	0.103464
0.168029	0.263806
0.195548	0.455627
0.139457	0.153403
0.113139	0.194600
0.194650	0.185891
0.124379	0.406099
0.093134	0.150412
0.091512	0.189887
0.100329	0.276908
0.090363	0.178015
0.106582	0.286707
0.067822	0.120723
0.065418	0.097473
0.117811	0.330459
0.066985	0.114879
0.090804	0.170712
0.113170	0.249540
0.100047	0.295139
0.079144	0.153935
0.092490	0.252960
0.158269	0.259561
0.098826	0.256949
0.170198	0.541229
0.117074	0.244100
0.191208	0.456987
0.221016	0.370201
0.218823	0.759314
0.166000	0.297140
0.120364	0.190175
0.158129	0.261703
0.151198	0.151954
0.297097	0.320865
0.182505	0.357709
0.216267	0.306017
0.139161	0.206655
0.433848	1.175729
0.154304	0.197509
0.180099	0.236830
0.195459	0.243346
0.240474	0.268128
0.202096	0.233421
0.244545	0.287340
0.186889	0.154183
0.104029	0.088945
0.163711	0.144066
0.131513	0.099950
0.184569	0.217792
0.356060	0.519848
0.363626	0.619983
0.284449	0.241782
0.168216	0.155600
0.338977	0.844052
0.352466	0.535748
0.290750	0.264582
0.170149	0.097836
0.345212	0.438419
0.190700	0.196421
0.282109	0.668598
0.269533	0.365217
0.224584	0.263886
0.138786	0.102702
0.169500	0.183060
0.215377	0.292913
0.229476	0.787102
0.273473	0.734276
0.229020	0.210699
0.284862	0.555481
0.158574	0.130031
0.220633	0.211808
0.187804	0.174658
0.270084	0.451041
0.208242	0.298827
0.344364	0.647404
0.307339	0.620825
0.156481	0.278536
0.121358	0.111649
0.204049	0.255062
0.294345	0.429744
0.133049	0.155667
0.148262	0.169760
0.127329	0.159798
0.131065	0.269993
0.143521	0.252597
0.140682	0.256041
0.201489	0.471483
0.094168	0.138427
0.132773	0.342555
0.123448	0.111721
0.118331	0.108864
0.127063	0.130240
0.270088	0.334910
0.297769	0.562783
0.253349	0.269817
0.150718	0.103995
0.254049	0.334074
0.256434	0.292335
0.150652	0.109223
0.179072	0.123560
0.263789	0.491966
0.127808	0.160399
0.251691	0.244141
0.294302	0.207483
0.239521	0.253892
0.157500	0.202387
0.190113	0.418248
0.138944	0.223699
0.111589	0.111589
0.204972	0.455039
0.123353	0.159742
0.135619	0.115954
0.167919	0.294698
0.166916	0.236186
0.135470	0.247232
0.155786	0.239132
0.199947	0.192948
0.143467	0.236720
0.166517	0.297233
0.144113	0.158524
0.120434	0.236652
0.077164	0.118447
0.107731	0.103421
0.129479	0.214287
0.150385	0.397768
0.091026	0.089661
0.097891	0.151241
0.099694	0.154525
0.189710	0.611814
0.099287	0.257153
0.062523	0.082843
0.100639	0.256126
0.162550	0.354360
0.137224	0.184566
0.223591	0.389048
0.166419	0.329510
0.185071	0.510797
0.257012	0.697788
0.187792	0.177463
0.207265	0.958601
0.152140	0.285263
0.141324	0.306673
0.195668	0.344376
0.289989	0.468332
0.245874	0.990874
0.156514	0.165122
0.291770	0.519351
0.263380	1.165456
0.221990	0.186472
0.271718	1.421087
0.116013	0.124134
0.193528	0.279649
0.131516	0.096007
0.217969	0.256114
0.242550	0.482674
0.253828	0.382012
0.300950	0.454435
0.170117	0.153105
0.239123	0.295317
0.153401	0.212460
0.227271	0.348860
0.153743	0.208322
0.112255	0.143687
0.152050	0.278252
0.144918	0.256504
0.088414	0.146326
0.135498	0.315711
0.131658	0.152065
0.220847	1.764569
0.194035	0.381279
0.168568	0.250323
0.099696	0.121130
0.134806	0.200187
0.212105	0.437996
0.152635	0.405245
0.136860	0.340782
0.102393	0.241646
0.142339	0.234860
0.102621	0.100055
0.125681	0.156473
0.102070	0.118402
0.088069	0.164249
0.108550	0.181821
0.111578	0.292335
0.122124	0.188071
0.080117	0.128588
0.150014	0.255774
0.122863	0.181223
0.126519	0.225836
0.190932	0.344633
0.134589	0.146702
0.237976	0.493800
0.154295	0.134237
0.426508	0.232447
0.252015	0.132308
0.477681	0.472904
0.506389	0.741860
0.466835	0.214744
0.473461	0.236730
0.393496	0.153464
0.402805	0.177234
0.334929	0.138996
0.348070	0.201881
0.451350	0.302404
0.260080	0.154748
0.489131	0.885326
0.203074	0.108645
0.436972	0.133276
0.401046	0.284743
0.348170	0.193234
0.527775	0.614858
0.249190	0.142039
0.381416	0.451979
0.369958	0.190528
0.388576	0.310861
0.243324	0.172760
0.438629	0.364062
0.364792	0.581844
0.441177	0.725736
0.519744	0.738036
0.499550	0.349685
0.454933	0.586864
0.269407	0.160297
0.394159	0.526202
0.332360	0.191107
0.379355	0.331935
0.326320	0.277372
0.179522	0.188498
0.393381	0.340275
0.314445	0.182378
0.239928	0.111566
0.261516	0.132065
0.175884	0.185558
0.250851	0.268410
0.273407	0.665746
0.218308	0.240139
0.204840	0.340035
0.199280	0.190313
0.139221	0.176115
0.127498	0.168935
0.270187	0.455265
0.139473	0.122038
0.168807	0.181468
0.185970	0.322659
0.198121	0.295201
0.158994	0.220207
0.231731	0.453034
0.121686	0.116211
0.174097	0.348194
0.104454	0.115944
0.228430	1.708654
0.111148	0.358452
0.258951	1.129026
0.079423	0.138990
0.093082	0.126126
0.088646	0.195465
0.081100	0.193424
0.174523	0.438925
0.112882	0.197544
0.209164	0.248905
0.135391	0.275522
0.207952	0.381593
0.145543	0.267799
0.103613	0.145058
0.257931	0.638380
0.162292	0.154989
0.162313	0.174486
0.242568	0.583377
0.157461	0.174782
0.314299	0.375587
0.304460	0.406454
0.207695	0.187964
0.140472	0.098330
0.137528	0.253051
0.223244	0.772425
0.243456	0.361532
0.254079	1.180195
0.241264	0.330532
0.265179	0.662947
0.212466	0.180596
0.134236	0.166453
0.243386	0.877408
0.122695	0.110426
0.156593	0.302224
0.136998	0.164397
0.088630	0.125854
0.115503	0.224076
0.165694	0.818529
0.067591	0.111863
0.093748	0.305617
0.088830	0.147458
0.152906	0.513765
0.108671	0.200498
0.174907	0.473123
0.057763	0.133432
0.121279	0.629436
0.088861	0.186164
0.107636	0.113018
0.134391	0.235185
0.115674	0.206478
0.193829	0.458406
0.167348	0.235961
0.078767	0.103185
0.080501	0.091772
0.094155	0.122402
0.239264	0.445031
0.140190	0.495571
0.073406	0.097997
0.120226	0.234441
0.072634	0.088250
0.158621	0.240310
0.129319	0.151950
0.168722	0.187282
0.193787	0.160843
0.274755	0.732222
0.144149	0.142707
0.228286	0.568432
0.223826	0.274187
0.232975	0.707081
0.209636	0.325984
0.173699	0.195412
0.131712	0.179787
0.158622	0.178449
0.155135	0.243562
0.174333	0.295494
0.201637	0.258096
0.187305	0.321228
0.189850	0.505000
0.239884	0.443785
0.086772	0.128423
0.174653	0.272458
0.128968	0.184425
0.214837	0.818528
0.105641	0.289984
0.094919	0.324624
0.076143	0.106220
0.078396	0.108578
0.071883	0.105668
0.196092	0.599060
0.073789	0.093713
0.209135	0.265602
0.121504	0.322592
0.096224	0.195334
0.102371	0.128987
0.132067	0.270736
0.064578	0.090732
0.194160	0.348517
0.080060	0.100075
0.161187	0.369925
0.097156	0.168565
0.135001	0.501527
0.157720	0.461331
0.103523	0.137686
0.086117	0.129176
0.130597	0.377425
0.062877	0.110663
0.098243	0.321253
0.165235	0.251157
0.109325	0.216463
0.179803	0.572673
0.181944	0.621338
0.241184	0.747671
0.157219	0.314438
0.067363	0.124621
0.083746	0.127713
0.080323	0.122091
0.178690	0.540536
0.095586	0.169187
0.125670	0.207984
0.160670	0.171114
0.166852	0.541436
0.121097	0.159848
0.210963	0.719383
0.162780	0.293817
0.213398	0.529227
0.106256	0.211450
0.211262	0.346470
0.162577	0.214601
0.214717	0.348916
0.226264	0.592812
0.117747	0.146595
0.169620	0.165380
0.187264	0.280897
0.097721	0.101630
0.184606	0.347059
0.151834	0.241417
0.110269	0.132323
0.192050	0.416748
0.123875	0.126353
0.202431	0.280367
0.222271	0.534562
0.130765	0.149726
0.169157	0.207217
0.100981	0.131275
0.281415	0.439008
0.152647	0.219811
0.249629	0.315780
0.172604	0.210576
0.113852	0.104744
0.145865	0.204211
0.119528	0.118333
0.258450	0.333400
0.269931	0.279379
0.253096	0.485944
0.168855	0.129174
0.142986	0.292406
0.128693	0.206552
0.103936	0.211510
0.204665	1.584107
0.079337	0.196755
0.134921	0.387224
0.135312	0.456003
0.141163	0.405138
0.096533	0.115357
0.148285	0.553101
0.149583	0.421824
0.075994	0.216203
0.077879	0.086056
0.066462	0.160506
0.087293	0.192480
0.102294	0.415824
0.067839	0.091244
0.122473	0.500913
0.057514	0.106688
0.090544	0.324146
0.054245	0.109304
0.080797	0.179370
0.080470	0.201980
0.074044	0.163637
0.108775	0.152829
0.106944	0.200521
0.240826	0.468406
0.154214	0.252140
0.079684	0.123909
0.075100	0.104764
0.098427	0.127955
0.172069	0.292517
0.121245	0.206117
0.202753	0.379148
0.196885	0.610345
0.107697	0.253627
0.134213	0.185213
0.125912	0.218458
0.195291	0.272431
0.094065	0.091243
0.245997	0.617453
0.143847	0.173336
0.116031	0.223359
0.111010	0.168735
0.086092	0.168311
0.184215	0.387772
0.152379	0.229330
0.150995	0.398628
0.115826	0.227019
0.117851	0.162045
0.101777	0.181672
0.103461	0.084321
0.182628	0.427350
0.240023	0.289228
0.104336	0.111640
0.151358	0.320879
0.122801	0.218585
0.067381	0.082878
0.093979	0.138619
0.116936	0.279477
0.094972	0.148631
0.163596	0.154598
0.119555	0.173355
0.120862	0.204862
0.173780	0.232865
0.107407	0.110093
0.133675	0.187145
0.129036	0.164521
0.093782	0.112070
0.139983	0.443747
0.187979	0.384417
0.081495	0.122243
0.102374	0.132063
0.125634	0.505047
0.071164	0.130586
0.081793	0.151316
0.188931	0.312681
0.108776	0.094091
0.194445	0.232362
0.167434	0.192549
0.155225	0.241376
0.174545	0.448581
0.175294	0.376006
0.217267	0.417153
0.152302	0.405885
0.218540	0.189037
0.092828	0.094220
0.164986	0.183134
0.108897	0.138299
0.108911	0.117079
0.122715	0.158916
0.119221	0.121009
0.261095	0.844643
0.212520	0.306029
0.125007	0.212513
0.106717	0.190489
0.117801	0.160209
0.114758	0.351160
0.108736	0.187570
0.105318	0.196417
0.123485	0.272285
0.116088	0.227532
0.157834	0.175196
0.102947	0.181187
0.141821	0.238259
0.193237	0.160386
0.166326	0.188780
0.156125	0.123339
0.154436	0.233971
0.155255	0.123427
0.105487	0.109179
0.075856	0.089511
0.126577	0.199358
0.125031	0.351962
0.145557	0.308580
0.113070	0.201265
0.243453	1.777207
0.284800	0.703457
0.101695	0.120000
0.125991	0.234343
0.087969	0.093247
0.221334	0.530095
0.111529	0.167851
0.113614	0.190303
0.134025	0.284133
0.255585	1.698360
0.164766	0.282573
0.093398	0.187731
0.067161	0.088653
0.077978	0.095913
0.193810	0.444793
0.141966	0.278964
0.094405	0.101958
0.122703	0.190804
0.120421	0.199296
0.083282	0.115345
0.171414	0.479102
0.084270	0.087641
0.223951	1.067127
0.087589	0.158975
0.092917	0.106390
0.113766	0.134813
0.130989	0.101517
0.217561	0.373116
0.192894	0.378073
0.223154	0.813397
0.204701	0.274299
0.171529	0.292457
0.156021	0.151340
0.215820	0.412216
0.144193	0.505395
0.143899	0.328810
0.129365	0.170762
0.113383	0.167807
0.178716	0.756862
0.165310	0.403358
0.148934	0.361909
0.110702	0.121773
0.069667	0.138637
0.099290	0.187162
0.096544	0.188261
0.068990	0.174543
0.073214	0.142767
0.097207	0.163793
0.097337	0.284711
0.078491	0.101646
0.099737	0.111207
0.197726	0.968858
0.136289	0.140378
0.143438	0.145590
0.135901	0.142696
0.126359	0.152262
0.127631	0.216335
0.119720	0.152044
0.180564	0.339461
0.234337	0.387827
0.081652	0.096758
0.170521	0.275391
0.266849	0.470989
0.186738	0.293179
0.134650	0.302290
0.076687	0.112730
0.109030	0.271484
0.158846	0.321664
0.090858	0.105395
0.086980	0.123511
0.131169	0.188228
0.195921	0.535844
0.167163	0.551637
0.156311	0.473623
0.159202	0.335916
0.100474	0.117052
0.158615	0.280749
0.126657	0.214050
0.148172	0.147431
0.124216	0.235390
0.096902	0.212699
0.185735	0.986254
0.085448	0.193541
0.100276	0.161945
0.138911	0.644545
0.131154	0.295753
0.138998	0.382244
0.099883	0.140335
0.118145	0.131141
0.097689	0.169979
0.088398	0.114918
0.111752	0.195007
0.126457	0.218138
0.169980	0.334860
0.165451	0.368128
0.190465	0.810430
0.100801	0.230835
0.066860	0.105639
0.106664	0.160530
0.118535	0.503776
0.071538	0.100511
0.131917	0.259877
0.149164	0.227476
0.122441	0.265697
0.104744	0.112599
0.116838	0.096975
0.215281	1.154984
0.130942	0.359435
0.106222	0.157209
0.138861	0.446440
0.086770	0.169202
0.098905	0.116708
0.192413	0.433891
0.100000	0.124499
0.140509	0.145427
0.179449	0.498867
0.125813	0.208220
0.264354	0.650312
0.237129	0.679376
0.230901	0.731956
0.141809	0.220513
0.251255	0.951002
0.156229	0.238249
0.109525	0.181264
0.160695	0.326211
0.124295	0.215030
0.208635	0.657200
0.102342	0.136114
0.081555	0.099090
0.079337	0.105121
0.107684	0.182524
0.150706	0.372998
0.154978	0.623785
0.177103	0.392284
0.184756	0.563506
0.191214	0.229457
0.197842	0.609355
0.222075	0.473021
0.171337	0.242441
0.155170	0.415857
0.146756	0.157762
0.085383	0.126367
0.080471	0.101795
0.093650	0.103015
0.119496	0.136823
0.130855	0.330408
0.178810	0.416626
0.136722	0.177055
0.130437	0.205439
0.123391	0.246782
0.101990	0.177972
0.153575	0.410046
0.113212	0.123967
0.174975	0.329829
0.164072	0.238725
0.157169	0.229466
0.140208	0.180168
0.095668	0.154026
0.160449	0.309667
0.106117	0.146441
0.126788	0.271326
0.124650	0.245561
0.093287	0.103548
0.082136	0.125257
0.056711	0.094424
0.118093	0.370220
0.169102	0.634979
0.118218	0.166688
0.111246	0.179106
0.177858	0.474881
0.134135	0.247479
0.139444	0.277494
0.171481	0.436419
0.096174	0.133682
0.180694	0.309890
0.156712	0.271896
0.086880	0.115551
0.218252	0.318648
0.221233	0.590691
0.169194	0.314700
0.226308	0.812447
0.203445	0.359080
0.142713	0.305406
0.139440	0.333261
0.136095	0.302131
0.113304	0.196016
0.108358	0.129488
0.147450	0.283840
0.068007	0.117992
0.109720	0.160739
0.064106	0.105455
0.097087	0.153397
0.120876	0.207907
0.153671	0.301195
0.089258	0.121837
0.075505	0.097024
0.147416	0.194589
0.119126	0.115552
0.209479	0.299555
0.213376	0.210176
0.144698	0.133122
0.115449	0.112563
0.215641	0.439909
0.129154	0.123342
0.174135	0.192419
0.153042	0.267059
0.165200	0.296534
0.134519	0.130484
0.096933	0.088694
0.224937	0.320535
0.140627	0.234846
0.298461	1.026706
0.199183	0.274872
0.185938	0.305867
0.155794	0.186173
0.137867	0.185431
0.242835	0.451673
0.223221	0.700913
0.172332	0.321399
0.109890	0.143407
0.164283	0.224246
0.115740	0.096064
0.155236	0.228973
0.313831	0.535082
0.165967	0.214097
0.152087	0.339915
0.173151	0.366215
0.179039	0.422531
0.311047	1.284622
0.309063	0.973547
0.136535	0.188418
0.225562	0.347366
0.162200	0.278985
0.159950	0.314302
0.176821	0.323583
0.181505	0.485527
0.264215	0.373864
0.266464	0.334412
0.122596	0.143437
0.156919	0.236948
0.134777	0.142864
0.142384	0.264122
0.305476	2.540034
0.149223	0.298446
0.115949	0.164648
0.065723	0.146235
0.081012	0.089113
0.123967	0.463638
0.064962	0.108161
0.084886	0.153219
0.076801	0.227715
0.087622	0.154653
0.094794	0.141717
0.075121	0.175782
0.077173	0.134666
0.162579	0.375557
0.077222	0.117377
0.125004	0.210007
0.139041	0.224552
0.167694	0.250703
0.129226	0.313374
0.113219	0.480050
0.073618	0.109323
0.157248	0.394692
0.074192	0.151722
0.078142	0.117213
0.079114	0.233781
0.070636	0.124319
0.106773	0.136669
0.101818	0.175127
0.133508	0.155536
0.215886	1.291000
0.073354	0.145240
0.111277	0.259275
0.103768	0.377715
0.118081	0.735646
0.095120	0.186435
0.069421	0.148214
0.109986	0.240320
0.077976	0.157121
0.055596	0.093680
0.083021	0.231213
0.114228	0.498604
0.070150	0.097158
0.121485	0.403938
0.077864	0.141323
0.212110	1.903691
0.089816	0.262262
0.145806	0.556977
0.077098	0.160750
0.127433	0.265697
0.181810	0.319076
0.039989	0.080777
0.120452	0.286676
0.100295	0.206106
0.177102	0.533962
0.053564	0.083024
0.113495	0.292818
0.099206	0.144841
0.152185	0.299044
0.210035	0.308751
0.239860	1.021805
0.145980	0.215320
0.158624	0.274419
0.121380	0.134731
0.217397	0.565233
0.095963	0.197684
0.256212	0.825004
0.185683	0.580260
0.143505	0.261896
0.334233	0.369328
0.200612	0.308943
0.161812	0.245955
0.152841	0.265943
0.099125	0.145217
0.218448	0.656435
0.143299	0.199902
0.212264	0.970045
0.259061	0.363981
0.202232	0.390307
0.113752	0.088158
0.178006	0.221617
0.186866	0.403631
0.227319	0.186402
0.150015	0.235524
0.220648	0.377308
0.163188	0.270893
0.186729	0.305302
0.166317	0.232012
0.198423	0.317477
0.225040	0.219414
0.161389	0.244504
0.197684	0.380542
0.211731	0.455222
0.190829	0.200370
0.177771	0.202659
0.191310	0.203745
0.128446	0.165054
0.088753	0.166411
0.078748	0.124028
0.101219	0.254567
0.139279	0.236774
0.151384	0.204368
0.075315	0.121634
0.074685	0.362220
0.085544	0.181354
0.113086	0.463652
0.098404	0.126449
0.126089	0.224438
0.096456	0.106101
0.155742	0.330174
0.103542	0.096294
0.290814	0.411502
0.244985	0.389526
0.219730	0.255986
0.130507	0.148126
0.109996	0.149044
0.115615	0.186718
0.224092	0.541182
0.148382	0.336086
0.103153	0.196507
0.147064	0.396339
0.082898	0.137196
0.086595	0.147211
0.140393	0.316587
0.114699	0.116420
0.123617	0.220657
0.093591	0.162381
0.131689	0.158686
0.103430	0.227546
0.102627	0.204227
0.209875	1.224621
0.134930	0.219261
0.118839	0.118839
0.138138	0.276276
0.208992	0.666685
0.116006	0.228531
0.137400	0.373041
0.172898	0.406311
0.215317	0.347737
0.291180	1.190928
0.304026	1.360516
0.087451	0.102755
0.132322	0.179958
0.207932	0.166346
0.182439	0.291902
0.156480	0.334084
0.200221	0.377416
0.228362	0.287736
0.170068	0.198980
0.138900	0.229879
0.147267	0.347550
0.236747	0.318424
0.195982	0.351788
0.168348	0.196125
0.120603	0.654274
0.095649	0.164517
0.159301	0.364003
0.125934	0.156158
0.051095	0.109344
0.118472	0.242867
0.182436	1.311714
0.175644	0.462823
0.079726	0.165431
0.121191	0.207236
0.093963	0.436456
0.118302	0.337159
0.102402	0.171523
0.169542	0.671388
0.158942	0.980673
0.217416	0.952281
0.137766	0.351302
0.109989	0.251875
0.137343	0.280867
0.128476	0.395063
0.044897	0.104162
0.099889	0.195284
0.114762	0.378716
0.121207	0.399377
0.104712	0.319895
0.055789	0.102651
0.108591	0.348578
0.140722	0.335622
0.114924	0.227549
0.098428	0.212605
0.111914	0.153882
0.145998	0.279587
0.115049	0.175450
0.153340	0.702296
0.142716	0.325392
0.121479	0.123301
0.198043	0.847626
0.056521	0.125477
0.152934	0.241636
0.268579	0.612360
0.138454	0.128762
0.106338	0.107401
0.084230	0.211418
0.182872	0.424262
0.200871	0.483095
0.220018	0.360829
0.093563	0.416824
0.095731	0.278098
0.075585	0.178380
0.063567	0.112832
0.067551	0.126995
0.121436	0.339414
0.088038	0.173434
0.131113	0.345482
0.075575	0.210853
0.076512	0.121272
0.055743	0.106191
0.099964	0.171438
0.073192	0.154068
0.090966	0.715901
0.139404	0.146374
0.114226	0.220456
0.145284	0.279672
0.097396	0.117363
0.094389	0.120346
0.150099	0.300197
0.136923	0.327931
0.129072	0.143915
0.180911	0.311167
0.153806	0.270699
0.126573	0.170241
0.238270	0.322856
0.210746	0.690194
0.164173	0.210142
0.338455	0.328301
0.257804	0.217844
0.264623	0.412812
0.355539	0.412425
0.304324	0.528002
0.359368	0.672019
0.361258	1.053066
0.240789	0.288946
0.235277	1.008161
0.215824	0.309707
0.123640	0.213898
0.165976	0.283819
0.243114	0.804706
0.269156	0.964923
0.132311	0.263298
0.086039	0.122605
0.208496	0.362783
0.178265	0.371683
0.071243	0.158871
0.128544	0.174177
0.175851	1.013780
0.193960	0.287061
0.073733	0.122028
0.090556	0.338228
0.112079	0.538539
0.091030	0.167495
0.208442	0.751433
0.201616	0.373998
0.118561	0.212817
0.188185	0.396129
0.120790	1.087713
0.027591	0.118504
0.071037	0.114015
0.129630	0.390834
0.092809	0.584234
0.137225	0.301210
0.117926	0.176300
0.074559	0.343344
0.070694	0.098264
0.084240	0.143630
0.067033	0.203111
0.047937	0.160829
0.060375	0.178107
0.102420	0.140315
0.164070	0.274817
0.189662	0.340443
0.125721	0.250186
0.103983	0.280233
0.127590	0.142263
0.095443	0.105941
0.128842	0.295693
0.110053	0.414351
0.118100	0.204314
0.231734	0.655806
0.148088	0.451667
0.085303	0.128380
0.108048	0.284165
0.091530	0.208231
0.123452	0.205548
0.096336	0.131980
0.098465	0.203330
0.095729	0.127319
0.086470	0.184614
0.093512	0.167387
0.127838	0.382876
0.212037	0.822703
0.073774	0.121359
0.100001	0.126002
0.063634	0.125677
0.069410	0.176995
0.125593	0.412575
0.077758	0.137631
0.174340	0.242333
0.145984	0.312407
0.131680	0.724239
0.096968	0.095513
0.097178	0.099121
0.076875	0.085716
0.080261	0.097517
0.062143	0.101915
0.095713	0.351744
0.099554	0.163269
0.091075	0.163479
0.087045	0.225882
0.089361	0.197935
0.082668	0.216177
0.089031	0.313390
0.112182	0.301210
0.093853	0.463632
0.058948	0.139411
0.153527	0.213403
0.159514	0.098899
0.106012	0.111842
0.082627	0.101218
0.115662	0.239999
0.148697	0.445347
0.108183	0.213661
0.135959	0.218894
0.111355	0.152000
0.135376	0.358748
0.169610	0.349398
0.124270	0.206909
0.151382	0.348178
0.146379	0.367411
0.144078	0.316971
0.099997	0.176495
0.104113	0.222803
0.103039	0.108706
0.140570	0.150410
0.073170	0.161339
0.130462	0.143508
0.109606	0.138104
0.097671	0.114763
0.159142	0.360456
0.132102	0.299211
0.122789	0.216109
0.210928	1.668443
0.123514	0.185889
0.216849	0.539953
0.159317	0.321820
0.184581	0.294407
0.191688	0.315327
0.245834	0.588771
0.225709	0.240381
0.152218	0.159829
0.179884	0.371460
0.101901	0.101392
0.099818	0.113792
0.134511	0.177554
0.136502	0.199975
0.130468	0.086761
0.234950	0.827025
0.191728	0.352779
0.234013	0.312407
0.138881	0.125688
0.172492	0.200091
0.113489	0.135619
0.158302	0.227955
0.139380	0.117776
0.221700	0.714982
0.193612	0.253632
0.176149	0.610355
0.160513	0.293738
0.095224	0.164261
0.138381	0.228329
0.129671	0.230814
0.126756	0.215485
0.132571	0.146491
0.121111	0.133828
0.107324	0.103031
0.146685	0.276501
0.187918	0.650197
0.135592	0.110507
0.164663	0.339205
0.161197	0.218422
0.230965	0.359151
0.181864	0.370093
0.156937	0.321721
0.072511	0.155174
0.088279	0.156254
0.146006	0.258430
0.157899	0.307904
0.168594	0.209056
0.177900	0.176121
0.300037	0.330041
0.149126	0.234874
0.258498	0.255913
0.265819	0.421323
0.148362	0.100145
0.178264	0.113198
0.101486	0.188763
0.115193	0.291437
0.057778	0.118155
0.068688	0.103031
0.075874	0.318671
0.124530	0.200494
0.091970	0.291544
0.099532	0.197072
0.067745	0.090101
0.115509	0.343060
0.108926	0.184085
0.119101	0.423405
0.038160	0.111618
0.102459	0.225921
0.088064	0.170404
0.157440	0.488063
0.174557	0.382279
0.093698	0.171935
0.090046	0.100852
0.159137	0.324640
0.134597	0.345242
0.115011	0.347335
0.103906	0.318472
0.106943	0.248108
0.181879	0.381947
0.146297	0.276502
0.137017	0.221283
0.207111	0.310667
0.189498	0.187603
0.145252	0.147431
0.213762	0.246895
0.158246	0.140839
0.223277	0.507954
0.123873	0.148648
0.172336	0.331746
0.217068	0.720665
0.146930	0.260801
0.165406	0.291941
0.147050	0.212488
0.157203	0.186285
0.198411	0.322418
0.265822	0.203354
0.205648	0.156293
0.251289	0.217365
0.192206	0.170102
0.260578	0.607146
0.146368	0.125876
0.126720	0.240768
0.143775	0.216382
0.094829	0.101467
0.166271	0.494657
0.114208	0.106214
0.109396	0.150966
0.143676	0.269393
0.201270	0.222403
0.133931	0.180807
0.150678	0.108488
0.255760	0.312027
0.171760	0.139985
0.144446	0.149501
0.287992	1.056931
0.175122	0.183878
0.168457	0.168457
0.217724	0.514917
0.245345	0.145980
0.179483	0.232431
0.177589	0.207779
0.168075	0.110089
0.201832	0.288620
0.179196	0.276858
0.162635	0.266721
0.147190	0.170005
0.124970	0.116222
0.168925	0.144431
0.174665	0.181651
0.129718	0.131663
0.193200	0.646253
0.260203	0.658313
0.260909	0.259604
0.300387	0.557219
0.348211	0.137543
0.301215	0.454835
0.271409	0.852226
0.150901	0.193908
0.204216	0.244039
0.191766	0.296278
0.209096	0.278097
0.202574	0.282591
0.189266	0.107881
0.202799	0.146015
0.334970	0.413688
0.221844	0.195223
0.311851	0.202703
0.231729	0.586274
0.207443	0.129652
0.208751	0.203533
0.244782	0.247230
0.193845	0.194815
0.176059	0.090670
0.231046	0.182526
0.273333	0.404533
0.241869	0.205589
0.235177	0.252815
0.353296	0.729556
0.167631	0.148354
0.136398	0.127532
0.247788	0.365488
0.172755	0.099334
0.234768	0.299329
0.195110	0.224377
0.164902	0.122852
0.260919	0.733181
0.168116	0.104232
0.134137	0.171695
0.225236	0.398668
0.250457	0.480877
0.223146	0.238766
0.140023	0.142123
0.211990	0.466379
0.114078	0.108374
0.207015	0.378838
0.238469	0.364857
0.268872	0.876522
0.175178	0.322327
0.103286	0.099671
0.095499	0.144204
0.111853	0.112972
0.079686	0.167340
0.125230	0.197237
0.107085	0.338388
0.088400	0.138788
0.076152	0.085671
0.129991	0.252832
0.182304	0.366431
0.077731	0.105326
0.134251	0.185266
0.123883	0.393949
0.092573	0.116179
0.167920	0.256918
0.209513	0.432644
0.089924	0.102963
0.134311	0.114836
0.202955	0.316610
0.121730	0.158858
0.124458	0.115746
0.189416	0.208357
0.217881	0.396544
0.208635	0.297305
0.288573	0.900348
0.162190	0.162190
0.112485	0.099549
0.199131	0.354454
0.132960	0.097061
0.177981	0.248283
0.190860	0.447567
0.211551	0.231649
0.177021	0.260221
0.128744	0.096558
0.166334	0.242017
0.205395	0.282418
0.197177	0.232668
0.200150	0.223167
0.143312	0.184157
0.151806	0.255792
0.177494	0.248491
0.103801	0.130270
0.207798	0.232734
0.249336	0.380237
0.166609	0.156613
0.150881	0.164460
0.155862	0.190930
0.210553	0.477955
0.209469	0.669255
0.194637	0.448639
0.141145	0.259707
0.097089	0.110196
0.132192	0.120956
0.163124	0.297701
0.110277	0.164313
0.120376	0.116764
0.207454	0.446026
0.215844	0.131665
0.082770	0.112981
0.125133	0.117625
0.198382	0.433465
0.079030	0.107876
0.212254	0.530635
0.119033	0.177954
0.074339	0.110022
0.106104	0.081700
0.119892	0.160655
0.101899	0.244047
0.096631	0.407301
0.089692	0.182075
0.090102	0.146416
0.080549	0.105922
0.101228	0.147793
0.103405	0.155108
0.113674	0.235873
0.165788	0.566994
0.100329	0.335599
0.122773	0.154694
0.096570	0.180103
0.091738	0.168797
0.137408	0.289931
0.097424	0.200206
0.085321	0.088308
0.143718	0.255818
0.096531	0.178100
0.156947	0.335081
0.115158	0.148553
0.099095	0.150129
0.112058	0.240924
0.103597	0.127943
0.069126	0.096430
0.154288	0.501436
0.120269	0.224903
0.134180	0.293183
0.218215	0.588090
0.080902	0.142388
0.185043	0.700389
0.083203	0.155174
0.140669	0.303845
0.164011	0.442829
0.135700	0.215085
0.127109	0.331754
0.122932	0.164729
0.088405	0.121999
0.151570	0.560050
0.122423	0.129768
0.147000	0.177135
0.080831	0.111142
0.116129	0.155033
0.123100	0.336680
0.045417	0.317466
0.135499	0.249318
0.130798	0.299527
0.122522	0.168468
0.224621	1.090536
0.198274	0.266678
0.138285	0.164559
0.086767	0.102385
0.129792	0.339405
0.183301	0.561817
0.124851	0.206629
0.100023	0.139532
0.079544	0.097044
0.177114	0.745650
0.138415	0.218003
0.143827	0.264642
0.278079	1.754679
0.120268	0.259780
0.158711	0.230924
0.089262	0.267340
0.123065	0.190136
0.143462	0.936809
0.065654	0.110298
0.151674	0.458054
0.109489	0.300000
0.052073	0.096856
0.069606	0.153134
0.227871	0.974148
0.255417	0.673024
0.131900	0.259183
0.140546	0.396339
0.084363	0.115156
0.201298	0.266720
0.125894	0.213390
0.163150	0.196596
0.166586	0.329841
0.156238	0.221859
0.104132	0.120793
0.166445	0.466880
0.110804	0.316347
0.163543	0.486539
0.101878	0.146705
0.155851	0.187801
0.099829	0.186181
0.228147	0.247539
0.285393	0.261135
0.264656	0.175996
0.291639	0.173525
0.168168	0.106787
0.263148	0.132890
0.097349	0.121687
0.144285	0.318148
0.253105	0.975720
0.158934	0.508587
0.168688	0.362679
0.106157	0.175158
0.137351	0.160014
0.233841	0.444298
0.090129	0.115816
0.162949	0.897848
0.111297	0.233724
0.156955	0.234648
0.162205	0.422544
0.164904	0.244882
0.183166	0.488138
0.177293	0.350153
0.223744	0.176758
0.176905	0.231745
0.254076	0.616135
0.165433	0.211754
0.081448	0.096108
0.114028	0.132843
0.206555	0.403814
0.164049	0.836651
0.090735	0.222300
0.086807	0.185333
0.162860	0.263833
0.114536	0.300085
0.086775	0.207393
0.083330	0.104162
0.229186	0.821630
0.112968	0.260392
0.159104	0.369120
0.222063	1.075894
0.142115	0.282809
0.195566	0.249347
0.101763	0.100745
0.163445	0.166714
0.169144	0.179293
0.137034	0.121275
0.228659	0.342989
0.180678	0.625147
0.127094	0.125188
0.185438	0.236434
0.130520	0.283229
0.125357	0.193049
0.105076	0.146581
0.085594	0.114696
0.110286	0.155503
0.085229	0.112502
0.188413	0.292040
0.162715	0.309158
0.079647	0.093586
0.100659	0.096129
0.195850	0.248730
0.235814	0.497568
0.141698	0.255057
0.103470	0.097779
0.186714	0.162441
0.166334	0.527280
0.140148	0.302720
0.105100	0.147665
0.162670	0.300940
0.142101	0.125049
0.128624	0.237955
0.144797	0.300454
0.120870	0.107574
0.115738	0.122683
0.127604	0.152487
0.090622	0.099231
0.102347	0.097230
0.098241	0.092838
0.119810	0.184507
0.302811	1.108287
0.391042	0.766443
0.248737	0.200233
0.204891	0.119861
0.354008	0.486761
0.252612	0.234929
0.339962	0.700322
0.251142	0.367922
0.173520	0.117126
0.221353	0.246809
0.202214	0.168849
0.280974	0.470632
0.248183	0.415706
0.124281	0.189528
0.114927	0.117226
0.194621	0.361022
0.160719	0.316617
0.155835	0.508024
0.155879	0.431786
0.088740	0.152188
0.133193	0.268384
0.110094	0.229546
0.115302	0.211579
0.091863	0.100130
0.159864	0.653845
0.154836	0.226835
0.138455	0.380752
0.215752	0.983828
0.131656	0.450921
0.071287	0.094455
0.110299	0.232180
0.071699	0.135152
0.065241	0.135376
0.096871	0.158868
0.104907	0.140575
0.099368	0.155014
0.117509	0.228555
0.164697	0.407624
0.106166	0.160842
0.085895	0.099209
0.090991	0.650131
0.085958	0.132375
0.175416	0.581504
0.098735	0.200432
0.114350	0.219553
0.087268	0.113449
0.074091	0.117434
0.126865	0.182051
0.116114	0.226423
0.092839	0.165253
0.140373	0.266709
0.102042	0.217860
0.111633	0.141216
0.157502	0.445730
0.129444	0.245296
0.087504	0.287888
0.119277	0.246306
0.179174	0.429122
0.125109	0.257725
0.088729	0.158381
0.155821	0.419158
0.075259	0.096708
0.165627	0.245128
0.121521	0.235143
0.143530	0.250459
0.101291	0.209167
0.092195	0.157193
0.095965	0.242310
0.072922	0.147668
0.103685	0.211517
0.088975	0.138357
0.114164	0.274564
0.123759	0.194921
0.154333	0.614247
0.095823	0.102531
0.116371	0.250198
0.078332	0.154705
0.118590	0.221170
0.104269	0.179342
0.146621	0.250722
0.201501	0.361694
0.125664	0.216771
0.095660	0.108574
0.215975	0.539937
0.176634	0.349735
0.170694	0.146797
0.169547	0.592568
0.174646	0.573713
0.125660	0.193517
0.124747	0.399815
0.145466	0.256748
0.100484	0.182378
0.104730	0.264968
0.102744	0.252750
0.159323	0.274832
0.245393	0.651519
0.180099	0.452949
0.184047	0.480362
0.127905	0.138777
0.093187	0.101574
0.068370	0.108709
0.081487	0.166641
0.064174	0.110700
0.098286	0.253085
0.072770	0.136808
0.103803	0.248088
0.096286	0.225791
0.068168	0.141448
0.134027	0.292180
0.083135	0.131769
0.126227	0.429171
0.071674	0.097477
0.060011	0.100818
0.104335	0.175283
0.103461	0.117428
0.106750	0.112621
0.194224	0.355429
0.161853	0.246016
0.160092	0.156890
0.110442	0.093876
0.178887	0.138637
0.130503	0.137028
0.215447	0.169126
0.217208	0.381200
0.248894	0.477876
0.237871	1.351107
0.197994	0.195025
0.189773	0.353928
0.184852	0.734786
0.173286	0.655886
0.164350	0.382936
0.123346	0.398407
0.140025	0.311555
0.201375	0.542705
0.185002	0.271028
0.138305	0.327092
0.068679	0.089626
0.120326	0.189514
0.094193	0.136109
0.089951	0.150218
0.149777	1.061919
0.078555	0.142185
0.098490	0.191070
0.074453	0.119126
0.140018	0.270935
0.129670	0.182186
0.105768	0.197786
0.145208	0.291868
0.110362	0.263212
0.146653	0.230978
0.169519	0.394979
0.095292	0.131026
0.130167	0.208918
0.093167	0.100154
0.120925	0.348263
0.117484	0.171527
0.157221	0.418994
0.158459	0.232935
0.152892	0.162066
0.211735	0.380064
0.138544	0.216128
0.207656	0.446461
0.133333	0.192667
0.139786	0.211776
0.187394	0.366356
0.130176	0.160768
0.139322	0.108671
0.075053	0.094943
0.160264	0.377422
0.237714	0.353006
0.176798	0.393376
0.184256	0.638446
0.090975	0.100983
0.319042	0.240877
0.266505	0.329134
0.200796	0.111442
0.139462	0.103202
0.248350	0.666819
0.198353	0.226123
0.133990	0.251232
0.143211	0.278545
0.188583	0.192354
0.157506	0.284298
0.179778	0.262476
0.061599	0.098867
0.100691	0.211954
0.106533	0.194424
0.135731	0.221921
0.106243	0.142897
0.111019	0.256454
0.079565	0.138046
0.104495	0.161967
0.166208	0.382279
0.069219	0.096906
0.086969	0.131323
0.081996	0.389482
0.086272	0.120781
0.190807	0.434085
0.049062	0.168773
0.055485	0.114577
0.067175	0.118899
0.059723	0.137364
0.046489	0.095535
0.130945	0.381051
0.059962	0.116027
0.066130	0.155076
0.159157	0.331842
0.053070	0.085709
0.083965	0.159954
0.093250	0.214008
0.083670	0.202062
0.098062	0.200046
0.099634	0.223679
0.071962	0.156876
0.090418	0.120708
0.130022	0.180730
0.086673	0.116142
0.098380	0.103299
0.089259	0.158881
0.074026	0.112890
0.135682	0.228624
0.187301	0.413935
0.096833	0.167522
0.115309	0.178152
0.134315	0.216919
0.145834	0.495106
0.105033	0.132866
0.098879	0.320367
0.106264	0.182773
0.118502	0.369134
0.058343	0.116687
0.111513	0.164482
0.133346	0.269360
0.115155	0.157763
0.132290	0.377027
0.092097	0.107294
0.288190	1.399163
0.112026	0.157396
0.262023	1.071676
0.212883	0.718480
0.120275	0.159365
0.083377	0.085462
0.092175	0.103697
0.175788	0.345424
0.227681	0.491791
0.109865	0.145571
0.199065	0.296606
0.115751	0.173626
0.063804	0.107510
0.152047	0.571698
0.192231	0.428676
0.095300	0.117218
0.060971	0.132307
0.062473	0.125571
0.075630	0.195881
0.092929	0.134746
0.152143	0.572819
0.105531	0.180985
0.070166	0.109810
0.069943	0.166465
0.138723	0.891988
0.054632	0.094514
0.123703	0.349461
0.154504	0.378535
0.109992	0.138040
0.160496	0.232719
0.140025	0.216338
0.093741	0.095616
0.086522	0.091713
0.138118	0.222370
0.118460	0.229220
0.092991	0.106475
0.163671	0.586760
0.224131	0.317145
0.106185	0.098221
0.125409	0.173065
0.178800	0.277140
0.122404	0.136480
0.202758	0.389296
0.146656	0.219984
0.164162	0.170728
0.162177	0.418415
0.101506	0.158349
0.207178	0.387423
0.149356	0.214325
0.170567	0.190182
0.123265	0.174420
0.217744	0.495368
0.217552	1.246575
0.066378	0.087287
0.130148	0.258994
0.113436	0.126482
0.112598	0.213936
0.072424	0.089082
0.104565	0.143254
0.102978	0.213679
0.076940	0.103869
0.078662	0.120352
0.125131	0.197707
0.103019	0.093747
0.137331	0.148317
0.209790	0.261188
0.179890	0.877861
0.292570	0.669986
0.145252	0.177934
0.214791	0.516572
0.180421	0.329269
0.142661	0.146941
0.099917	0.121899
0.142575	0.159684
0.105125	0.160316
0.162691	0.207430
0.142079	0.323939
0.138868	0.247185
0.176154	0.382254
0.197485	0.516424
0.123117	0.157590
0.143905	0.244638
0.159809	0.222135
0.126571	0.141126
0.239749	0.324860
0.136247	0.254101
0.127876	0.152812
0.153027	0.242548
0.179292	0.337069
0.156654	0.253780
0.230481	0.283492
0.171652	0.326139
0.111228	0.120126
0.161773	0.193319
0.175598	0.299394
0.137879	0.366068
0.066022	0.091770
0.120913	0.667438
0.077833	0.142046
0.160434	0.725963
0.142422	0.373146
0.110621	0.251109
0.095919	0.124694
0.174066	0.322892
0.082037	0.131669
0.060107	0.087456
0.132043	0.476673
0.034706	0.122165
0.058465	0.095297
0.087043	0.188013
0.060997	0.107354
0.131326	0.349326
0.156329	0.169617
0.234073	0.496235
0.229933	0.454117
0.176064	0.165500
0.175476	0.371131
0.121239	0.155186
0.141824	0.424763
0.128819	0.231874
0.097811	0.101234
0.133714	0.165806
0.237770	0.676457
0.166591	0.157429
0.175123	0.211024
0.246907	0.265425
0.255618	0.343806
0.249636	0.509258
0.191873	0.186117
0.239599	0.339033
0.270286	0.439215
0.226939	0.180417
0.244900	0.295104
0.257190	0.675123
0.158139	0.109116
0.280659	0.356437
0.212748	0.298911
0.133920	0.127224
0.217261	0.194449
0.320330	0.467682
0.187964	0.194543
0.221583	0.150677
0.266662	0.285328
0.260519	0.549696
0.108216	0.087655
0.196156	0.206945
0.116512	0.093210
0.222942	0.197304
0.133287	0.120625
0.126575	0.096197
0.208673	0.206586
0.224974	0.398204
0.142768	0.135630
0.136345	0.169749
0.173278	0.323163
0.074901	0.132949
0.107942	0.136547
0.091277	0.101774
0.120419	0.153534
0.204978	0.906002
0.195962	0.425239
0.086887	0.141191
0.173441	0.371164
0.161149	0.120056
0.257222	0.375545
0.097648	0.109854
0.114711	0.134212
0.144176	0.272493
0.103810	0.113153
0.144221	0.299259
0.144028	0.111622
0.188807	0.393662
0.167453	0.413610
0.155189	0.185451
0.191318	0.240104
0.239123	0.387380
0.126974	0.175859
0.222908	0.570643
0.169131	0.212259
0.258437	0.489737
0.133896	0.164022
0.187819	0.435741
0.123689	0.130492
0.156153	0.267803
0.092436	0.124326
0.077342	0.106345
0.069717	0.085055
0.124528	0.151925
0.109122	0.148405
0.075796	0.104978
0.133958	0.221031
0.115950	0.153633
0.075851	0.180525
0.131285	0.200866
0.137415	0.262462
0.131796	0.162768
0.111808	0.282315
0.070937	0.115981
0.143587	0.218970
0.132363	0.172071
0.290972	1.034405
0.176524	0.361874
0.143246	0.213437
0.089442	0.133269
0.098538	0.167515
0.109908	0.176952
0.127960	0.426746
0.072389	0.122699
0.078998	0.111388
0.093275	0.521407
0.071170	0.102485
0.085016	0.127949
0.086874	0.162890
0.137109	0.233085
0.195081	0.360900
0.087578	0.091956
0.140977	0.253758
0.168331	0.256704
0.173369	0.374476
0.243559	1.110627
0.144693	0.258278
0.078097	0.146823
0.145111	0.367130
0.091662	0.117327
0.102500	0.141963
0.095139	0.099896
0.088511	0.100460
0.115014	0.190923
0.095327	0.128215
0.175043	1.373211
0.208811	0.404050
0.141773	0.188558
0.159929	0.111951
0.163306	0.144525
0.232108	0.284333
0.224652	0.288677
0.148814	0.170392
0.239132	0.331198
0.218932	0.496976
0.125113	0.110725
0.148448	0.113562
0.320818	0.381773
0.286078	0.250318
0.278193	0.595333
0.310668	0.568522
0.167382	0.136416
0.149482	0.449192
0.175728	0.600991
0.215138	0.957362
0.185765	0.440263
0.073662	0.145482
0.118077	0.912735
0.085211	0.156789
0.067131	0.089620
0.120945	0.238866
0.092416	0.110900
0.092648	0.100523
0.201597	0.729782
0.106616	0.101285
0.107719	0.110950
0.135327	0.405303
0.140825	0.497114
0.157302	0.389322
0.109426	0.200797
0.178150	0.445376
0.104932	0.247640
0.112587	0.283156
0.102091	0.286366
0.115852	0.309324
0.132528	0.247828
0.073437	0.085187
0.085905	0.106092
0.101309	0.129676
0.067048	0.091856
0.143574	0.202440
0.121139	0.091460
0.104176	0.145326
0.138944	0.276498
0.129921	0.154606
0.166887	0.428900
0.119926	0.297416
0.080663	0.128657
0.123975	0.267787
0.069935	0.177636
0.169975	0.210768
0.099014	0.115351
0.086453	0.101150
0.164146	0.396411
0.104292	0.103770
0.193123	0.314790
0.164229	0.348987
0.124166	0.142170
0.159755	0.749253
0.141062	0.164337
0.080650	0.126217
0.111200	0.189040
0.086101	0.127860
0.160301	0.432812
0.139143	0.208714
0.115233	0.206842
0.097201	0.223077
0.122170	0.319475
0.131888	0.395664
0.120330	0.192528
0.101303	0.177280
0.123842	0.354189
0.083109	0.124664
0.096282	0.168012
0.089052	0.213279
0.062604	0.100480
0.093810	0.132741
0.173804	0.571814
0.081913	0.131061
0.098241	0.541305
0.077113	0.100632
0.142284	0.580519
0.083868	0.145931
0.143490	0.290567
0.113643	0.228991
0.157558	0.433286
0.176953	0.367178
0.154598	2.015953
0.086951	0.284764
0.159471	0.470439
0.080118	0.120978
0.105427	0.179753
0.122130	0.355397
0.060233	0.141547
0.071817	0.111675
0.212647	0.505037
0.065151	0.101309
0.202716	0.449015
0.443019	0.299038
0.448889	0.875334
0.301970	0.273283
0.240842	0.156547
0.349968	0.117239
0.234415	0.118379
0.324651	0.137977
0.410581	1.233796
0.166949	0.097665
0.344648	0.544543
0.330191	0.163445
0.257737	0.153353
0.416546	0.289500
0.272233	0.235481
0.284845	0.281997
0.277086	0.537547
0.223893	0.420919
0.260236	0.281055
0.385480	0.393190
0.199253	0.154421
0.129548	0.187197
0.201373	0.460138
0.161785	0.178773
0.155370	0.112643
0.185784	0.184855
0.235070	0.452509
0.316581	0.387812
0.247653	1.053762
0.178514	0.547145
0.184361	0.936554
0.144982	0.144257
0.165301	0.161995
0.133365	0.180709
0.131013	0.163111
0.110972	0.091552
0.135545	0.353772
0.208597	0.428668
0.238631	0.422377
0.108259	0.120709
0.181652	0.309716
0.171882	0.209697
0.144566	0.118544
0.114489	0.222108
0.191408	0.476606
0.076555	0.171865
0.081005	0.115433
0.084998	0.237570
0.173431	0.287028
0.208513	0.950820
0.105785	0.115306
0.172992	0.197211
0.176183	0.211420
0.135009	0.254491
0.127738	0.163504
0.136729	0.302854
0.136713	0.303504
0.133793	0.399373
0.112578	0.210520
0.181089	1.160779
0.058810	0.183488
0.105894	0.184786
0.073860	0.132210
0.090813	0.229756
0.047004	0.106934
0.063590	0.141487
0.098909	0.368929
0.127146	0.425302
0.162969	0.862108
0.094105	0.119043
0.217628	1.112078
0.174937	1.171205
0.082002	0.124643
0.136885	0.505791
0.070505	0.099764
0.089655	0.088759
0.146798	0.245887
0.139830	0.227923
0.192643	0.454638
0.123642	0.187317
0.068998	0.110742
0.094991	0.211831
0.104384	0.160751
0.080886	0.186848
0.043496	0.096997
0.066501	0.093766
0.177111	0.468460
0.126256	0.302384
0.278532	1.122486
0.268824	0.268824
0.202040	0.140417
0.260255	0.238133
0.253242	0.660961
0.183971	0.215246
0.219002	0.377779
0.110388	0.112044
0.288981	0.544729
0.246732	0.734027
0.268528	0.256445
0.368925	0.590280
0.156706	0.118313
0.212950	0.205496
0.153645	0.182070
0.238438	0.467338
0.174477	0.421361
0.227279	0.529561
0.171551	0.419441
0.089186	0.135117
0.200756	0.571152
0.178250	0.330654
0.205677	0.603663
0.085024	0.148793
0.128099	0.336900
0.086233	0.155651
0.137260	0.354818
0.097595	0.195190
0.078185	0.104376
0.117790	0.186108
0.105603	0.171077
0.140948	0.257934
0.093976	0.110891
0.095554	0.204486
0.136378	0.180700
0.070002	0.125304
0.070537	0.133315
0.095854	0.226216
0.077931	0.200672
0.113685	0.213160
0.186957	0.438413
0.102111	0.101090
0.134221	0.346291
0.167155	0.330968
0.164824	0.248060
0.122609	0.316332
0.050570	0.138816
0.123001	0.183271
0.070278	0.124392
0.090142	0.256454
0.111212	0.333081
0.146516	0.178750
0.195156	1.131907
0.140956	0.386220
0.156001	0.460203
0.170133	0.318999
0.083011	0.183455
0.133298	0.225940
0.143739	0.775470
0.107255	0.205394
0.095636	0.167363
0.086980	0.164392
0.067439	0.105879
0.126535	0.160700
0.132562	0.216738
0.210004	0.383258
0.177737	0.211507
0.185077	0.285944
0.124262	0.130475
0.090890	0.082256
0.272133	0.296625
0.322461	0.322461
0.202834	0.237316
0.164450	0.138961
0.160189	0.183416
0.114101	0.099268
0.360047	0.878515
0.170363	0.126068
0.193948	0.223040
0.200114	0.520296
0.174784	0.198380
0.170946	0.213683
0.140783	0.380817
0.157610	0.556362
0.057725	0.156724
0.161929	0.223462
0.201739	0.431722
0.182513	0.233617
0.117707	0.122415
0.190184	0.356595
0.118916	0.153402
0.221785	0.541154
0.133869	0.174699
0.127226	0.162849
0.130960	0.140127
0.201438	0.294099
0.148887	0.335740
0.144078	0.370280
0.209286	0.625766
0.198857	0.504101
0.117795	0.146065
0.253485	0.968311
0.098992	0.201448
0.244916	1.225807
0.154664	0.322474
0.225907	0.914924
0.168900	0.326822
0.136177	0.172263
0.169627	0.240870
0.131979	0.253400
0.093074	0.114016
0.070923	0.103548
0.127813	0.251153
0.249439	0.270641
0.178193	0.548834
0.109545	0.109545
0.046262	0.136934
0.113735	0.536829
0.052324	0.122961
0.136107	0.308963
0.145258	0.535275
0.149475	0.208517
0.171414	0.245122
0.089521	0.210375
0.063064	0.138741
0.058810	0.122030
0.102631	0.131368
0.068443	0.097532
0.163531	0.139819
0.115290	0.122207
0.118857	0.187794
0.186099	0.224249
0.154023	0.286483
0.155939	0.304081
0.191002	0.360038
0.196600	0.454146
0.084404	0.104240
0.154366	0.270913
0.126561	0.130358
0.136627	0.209039
0.090061	0.102219
0.188396	0.353242
0.130494	0.336674
0.142580	0.498316
0.159733	0.324259
0.078178	0.163000
0.118830	0.225183
0.093514	0.125309
0.123722	0.291366
0.110032	0.339998
0.058408	0.114188
0.141174	0.354347
0.127249	0.237957
0.131221	0.395631
0.086961	0.352191
0.135808	0.249887
0.159219	0.221315
0.125418	0.126045
0.104465	0.158787
0.112527	0.113653
0.121636	0.162992
0.112770	0.113897
0.169955	0.398544
0.091336	0.121934
0.227952	0.445645
0.232537	0.839460
0.213320	0.782883
0.194134	0.274700
0.201298	0.531427
0.112669	0.122246
0.163297	0.216369
0.165288	0.195040
0.138639	0.120616
0.286130	1.911347
0.326407	0.961269
0.278594	0.249342
0.139743	0.168390
0.185576	0.437960
0.183289	0.538870
0.185258	0.216751
0.161044	0.149771
0.204819	0.246806
0.130357	0.152518
0.163235	0.204044
0.150029	0.160531
0.079794	0.142831
0.146228	0.252244
0.181505	0.425630
0.153507	0.485083
0.101299	0.164612
0.106693	0.177111
0.179411	0.733791
0.099490	0.098993
0.217957	0.238663
0.151283	0.121783
0.138403	0.201376
0.235119	0.758259
0.190297	0.257852
0.209460	0.340373
0.153893	0.143890
0.171518	0.325884
0.185993	0.299448
0.114739	0.093512
0.171333	0.524278
0.153680	0.257414
0.171514	0.277853
0.096462	0.136493
0.109496	0.148367
0.130103	0.193854
0.223938	0.761390
0.109568	0.232284
0.107849	0.123487
0.094745	0.140696
0.080068	0.170544
0.130945	0.181358
0.195498	1.091859
0.100023	0.121528
0.072800	0.086996
0.087203	0.180947
0.090388	0.136486
0.148135	0.229609
0.095374	0.144969
0.114738	0.293157
0.108973	0.110063
0.153581	0.475334
0.091921	0.109845
0.174910	0.271110
0.206905	0.631059
0.256041	0.276524
0.128517	0.097673
0.162720	0.170856
0.170251	0.297089
0.137341	0.203264
0.135174	0.139229
0.099431	0.196874
0.130964	0.236390
0.171195	0.845703
0.128994	0.240573
0.106727	0.121135
0.186408	0.287069
0.113073	0.280420
0.095897	0.244057
0.092080	0.137660
0.140733	0.507343
0.056367	0.138099
0.116078	0.139874
0.099487	0.112918
0.180049	0.424915
0.242387	0.574457
0.230147	0.293438
0.117211	0.120141
0.132447	0.114566
0.088098	0.087217
0.109732	0.156916
0.100376	0.162608
0.086379	0.129568
0.123368	0.327541
0.121762	0.304406
0.089369	0.121541
0.116943	0.229792
0.097245	0.105997
0.146514	0.150177
0.132035	0.312263
0.269703	0.534012
0.170880	0.495551
0.136229	0.269734
0.216021	0.644822
0.083756	0.110558
0.128768	0.290372
0.155278	0.289594
0.102813	0.212308
0.119140	0.153095
0.134303	0.431783
0.184395	0.282124
0.157249	0.301131
0.129446	0.396105
0.086627	0.197077
0.173393	0.260090
0.109778	0.233279
0.048653	0.155689
0.082183	0.167654
0.112612	0.208332
0.208768	0.725470
0.135605	0.187813
0.209030	0.342809
0.213475	0.356503
0.095600	0.097034
0.174903	0.456497
0.082048	0.184199
0.190339	1.316192
0.063509	0.084467
0.071811	0.244876
0.054583	0.115716
0.078910	0.161765
0.130640	0.307004
0.128926	0.226265
0.103097	0.174749
0.240182	1.184096
0.134384	0.131696
0.185355	0.243742
0.096910	0.087219
0.104502	0.111294
0.201702	0.278349
0.223746	0.373656
0.274377	0.541895
0.200748	0.633359
0.133747	0.096966
0.180594	0.365703
0.111621	0.170780
0.132829	0.136149
0.159482	0.204934
0.139160	0.551072
0.323668	1.425757
0.193329	0.479455
0.165902	0.233092
0.170413	0.273513
0.135403	0.223415
0.206612	0.839876
0.209577	0.319605
0.205230	0.349917
0.205059	0.249147
0.242281	1.032118
0.179885	0.126819
0.187346	0.296944
0.239850	1.311977
0.143806	0.279702
0.073661	0.090235
0.214012	0.302827
0.145498	0.301909
0.122428	0.374630
0.101905	0.103434
0.136479	0.261357
0.143657	0.104869
0.081699	0.093137
0.128376	0.297833
0.106311	0.212622
0.129123	0.313124
0.107540	0.341439
0.085049	0.111414
0.096965	0.277319
0.219315	1.620737
0.203568	0.267692
0.098087	0.086807
0.080221	0.089045
0.126784	0.107767
0.191017	0.366753
0.143828	0.188414
0.107198	0.105590
0.258261	0.294418
0.125139	0.101363
0.207045	0.326096
0.089474	0.085895
0.162301	0.329472
0.188788	0.336043
0.159387	0.442298
0.161189	0.221636
0.110025	0.105624
0.117343	0.155479
0.194225	0.305905
0.177041	0.380638
0.152232	0.288480
0.146973	0.320401
0.137057	0.284393
0.133443	0.112092
0.087660	0.099932
0.082331	0.128848
0.075569	0.136780
0.100077	0.229677
0.069079	0.104310
0.124778	0.346883
0.127472	0.301471
0.108543	0.209487
0.149633	0.496782
0.257309	1.541279
0.074315	0.176870
0.066224	0.133773
0.069747	0.110201
0.055222	0.091668
0.120677	0.865856
0.073401	0.129919
0.129151	0.376475
0.078789	0.162304
0.098888	0.941413
0.066398	0.134456
0.104552	0.231582
0.153745	1.545908
0.037508	0.111961
0.107619	0.242681
0.070944	0.084778
0.068866	0.162179
0.085543	0.224550
0.081713	0.156889
0.081520	0.204616
0.071047	0.124688
0.093030	0.261880
0.156318	0.447852
0.100343	0.194165
0.150001	0.296251
0.094362	0.184949
0.102309	0.294138
0.114751	0.323598
0.074312	0.089175
0.087982	0.242390
0.061125	0.114610
0.062654	0.093041
0.065375	0.096428
0.110669	0.260624
0.101047	0.250091
0.155785	0.323254
0.102552	0.163058
0.098499	0.141346
0.102953	0.203332
0.096052	0.191144
0.099587	0.404821
0.084605	0.146789
0.068558	0.119976
0.100716	0.232654
0.134990	0.363797
0.084182	0.221819
0.081992	0.166443
0.091707	0.168282
0.134938	0.231418
0.172890	0.440871
0.109123	0.283719
0.075794	0.090574
0.047308	0.093197
0.083409	0.278588
0.129427	0.464645
0.118965	0.252206
0.092147	0.163100
0.169799	0.507700
0.103201	0.086688
0.148756	0.350321
0.101997	0.141266
0.101461	0.111607
0.086592	0.144609
0.102187	0.105764
0.129953	0.233916
0.096206	0.117852
0.086378	0.154617
0.170633	0.611721
0.096662	0.118895
0.207532	0.671366
0.147579	0.354927
0.079983	0.123974
0.130062	0.197694
0.252285	0.486910
0.086009	0.102781
0.093571	0.144567
0.247881	0.877500
0.135611	0.233930
0.107836	0.266893
0.151077	0.456253
0.164624	0.338303
0.186026	0.543195
0.183803	0.236187
0.203083	0.209176
0.090088	0.115312
0.249875	0.820840
0.113826	0.127486
0.204245	0.287986
0.252806	0.600415
0.117213	0.131865
0.217369	0.297795
0.214729	0.232981
0.189400	0.217810
0.111772	0.155363
0.127591	0.264751
0.119691	0.137047
0.093785	0.120513
0.103144	0.228463
0.074402	0.123507
0.176531	0.355709
0.069285	0.122635
0.142913	0.262959
0.108922	0.281563
0.067524	0.089132
0.083585	0.116601
0.200401	0.581162
0.096779	0.236624
0.121376	0.190560
0.098946	0.130608
0.160427	0.274330
0.104073	0.122285
0.154299	0.213705
0.132579	0.147826
0.147581	0.284831
0.200029	0.379056
0.090848	0.103566
0.108752	0.147903
0.079136	0.135322
0.138471	0.267249
0.223705	0.705789
0.092262	0.399031
0.083165	0.195023
0.101663	0.121487
0.093148	0.141119
0.089171	0.091847
0.087143	0.133765
0.104891	0.172545
0.079249	0.112138
0.065816	0.090497
0.117322	0.293306
0.097164	0.226392
0.208388	0.436572
0.147152	0.200127
0.125734	0.099330
0.129755	0.227072
0.173901	0.290415
0.242467	0.280049
0.221176	0.257670
0.229226	0.268195
0.292633	0.645256
0.169074	0.218951
0.310561	0.245343
0.246019	0.200505
0.308258	0.812260
0.155114	0.148134
0.242619	0.758183
0.254149	0.303708
0.308055	1.413971
0.238307	0.505210
0.178742	0.282412
0.113897	0.104786
0.089491	0.096650
0.160543	0.226365
0.152559	0.524041
0.126681	0.211557
0.117503	0.150404
0.079702	0.096837
0.098604	0.158753
0.172753	0.649550
0.118490	0.193139
0.130456	0.245909
0.168671	0.254693
0.091045	0.157508
0.086022	0.165592
0.090565	0.117281
0.244026	1.076156
0.136195	0.155943
0.146391	0.137607
0.217967	0.421767
0.122182	0.104465
0.156305	0.228205
0.199325	0.351808
0.179350	0.365874
0.164159	0.278250
0.122302	0.181619
0.129470	0.275124
0.131819	0.314388
0.121964	0.234781
0.076682	0.155664
0.072853	0.094344
0.114977	0.200059
0.139156	0.221259
0.100533	0.291547
0.101208	0.155355
0.197013	0.274832
0.165327	0.310815
0.160368	0.331161
0.237181	0.936867
0.150145	0.297288
0.101101	0.187543
0.259904	1.520439
0.132401	0.299889
0.124471	0.266990
0.155009	0.872699
0.145155	0.298294
0.125610	0.190300
0.119308	0.168821
0.109537	0.122134
0.073504	0.126426
0.070232	0.086386
0.074028	0.175076
0.085028	0.285270
0.058610	0.089380
0.104781	0.141978
0.167692	1.119343
0.058246	0.139208
0.110480	0.151357
0.091957	0.207363
0.103537	0.264536
0.067845	0.153669
0.145602	0.360364
0.267189	1.840935
0.184978	0.484644
0.255904	0.550193
0.122046	0.422888
0.088124	0.116765
0.071667	0.113592
0.071593	0.120993
0.096427	0.226604
0.064197	0.128395
0.097920	0.324117
0.131808	0.463304
0.087050	0.198474
0.173236	0.542230
0.108731	0.342504
0.094611	0.188276
0.103532	0.191016
0.083748	0.150746
0.091066	0.237683
0.095650	0.244386
0.070484	0.205814
0.070087	0.143328
0.120908	0.738750
0.085865	0.148116
0.205818	1.077457
0.095092	0.157852
0.185897	0.678526
0.124049	0.351058
0.139360	0.488458
0.080965	0.144927
0.161985	0.340979
0.280798	1.290266
0.126679	0.169750
0.116459	0.142081
0.135198	0.341375
0.079022	0.101543
0.179519	0.369810
0.117674	0.363612
0.072601	0.090389
0.248681	0.722418
0.234186	0.468372
0.150372	0.234580
0.190142	0.304227
0.158692	0.388796
0.140886	0.314176
0.127685	0.208765
0.159498	0.257590
0.183547	0.369848
0.110086	0.188798
0.099216	0.161722
0.102236	0.279105
0.102595	0.466296
0.112786	0.268995
0.063302	0.172182
0.107924	0.218546
0.133215	0.371005
0.113315	0.125780
0.083373	0.231361
0.120911	0.373616
0.099977	0.169961
0.076385	0.097773
0.117562	0.149892
0.101713	0.141890
0.102596	0.194420
0.132101	0.502645
0.114024	0.174457
0.120232	0.111815
0.115417	0.192747
0.249817	0.355989
0.199005	0.263682
0.137807	0.245296
0.239477	1.083635
0.286971	0.430456
0.143203	0.143203
0.132344	0.136314
0.192880	0.408906
0.179313	0.302142
0.095262	0.150038
0.058440	0.117757
0.169728	0.644119
0.200529	0.256677
0.113915	0.130433
0.139192	0.091171
0.158517	0.343981
0.135251	0.127136
0.105436	0.151301
0.153003	0.247865
0.132174	0.518123
0.067849	0.120092
0.090177	0.114074
0.115025	0.186916
0.090852	0.128556
0.190195	0.380390
0.077715	0.097532
0.125551	0.290022
0.102391	0.198126
0.278595	0.540474
0.301244	0.753110
0.119859	0.096486
0.292081	0.514063
0.185446	0.207699
0.152378	0.338279
0.134754	0.240535
0.156299	0.307910
0.232166	0.241453
0.106524	0.160319
0.147631	0.239900
0.168017	0.261267
0.110793	0.139046
0.167139	0.125354
0.087002	0.105707
0.251125	0.716962
0.159544	0.331055
0.185578	0.292285
0.150951	0.726830
0.109854	0.222454
0.099921	0.176860
0.073491	0.119790
0.130986	0.108064
0.143662	0.124268
0.182876	0.363923
0.121821	0.193696
0.135870	0.281931
0.112547	0.433304
0.092556	0.103200
0.067972	0.113174
0.108063	0.698626
0.056721	0.102664
0.113362	0.276603
0.134652	0.602568
0.056599	0.102727
0.063248	0.151164
0.123126	0.116970
0.264405	0.556572
0.245552	1.454896
0.309952	0.485075
0.276808	0.424901
0.266717	0.169365
0.131560	0.099986
0.179119	0.094933
0.202334	0.233696
0.232532	0.660391
0.143274	0.146140
0.172146	0.292649
0.232558	0.296511
0.155291	0.328440
0.120441	0.176446
0.146653	0.084325
0.186262	0.124795
0.148107	0.206610
0.162425	0.297238
0.213300	0.347679
0.213114	0.370818
0.157745	0.123830
0.201289	0.164051
0.146605	0.128280
0.132403	0.127107
0.247471	0.466484
0.243183	0.432866
0.112803	0.214325
0.136812	0.102609
0.101648	0.087925
0.127015	0.128920
0.162201	0.331702
0.128085	0.122321
0.117543	0.148692
0.147266	0.233417
0.119192	0.169849
0.232539	0.480193
0.107494	0.152103
0.152001	0.222681
0.172305	0.268796
0.209674	0.571361
0.197284	0.636241
0.139968	0.107775
0.213858	0.454449
0.116106	0.143972
0.125552	0.168867
0.170460	0.175574
0.115176	0.211349
0.088325	0.098924
0.124224	0.288200
0.212655	0.410424
0.079163	0.101725
0.283216	0.531029
0.265013	0.738060
0.253354	0.353429
0.123801	0.100898
0.334431	0.668862
0.179959	0.135869
0.216261	0.415220
0.127771	0.118827
0.273009	0.711187
0.169107	0.153042
0.160194	0.106529
0.274520	0.516097
0.189246	0.179783
0.250601	0.454841
0.313750	0.618087
0.291823	0.437735
0.213192	0.368822
0.202337	0.205372
0.136305	0.110407
0.230871	0.274737
0.136961	0.102036
0.218250	0.325193
0.246483	0.288386
0.119144	0.131058
0.325714	0.402257
0.236609	0.334802
0.136447	0.105064
0.212985	0.346100
0.195494	0.247299
0.236720	0.221334
0.364544	0.329912
0.284476	0.436670
0.338817	0.743704
0.331795	0.356680
0.194359	0.208935
0.302840	0.375522
0.111038	0.089941
0.197529	0.460243
0.172500	0.570111
0.121155	0.135694
0.309784	0.587041
0.176965	0.181390
0.230300	0.416844
0.278355	0.908830
0.322067	1.035447
0.196942	0.345634
0.113828	0.124641
0.231620	0.669382
0.097687	0.190001
0.100933	0.121119
0.134148	0.420555
0.142628	0.665359
0.083823	0.184410
0.083239	0.186873
0.096744	0.312966
0.156652	0.376748
0.120437	0.196914
0.083687	0.130134
0.109346	0.192996
0.096970	0.143515
0.204710	1.171965
0.098480	0.152151
0.060255	0.115087
0.075935	0.214136
0.086321	0.148472
0.132357	0.923855
0.059250	0.093022
0.040594	0.089104
0.060142	0.116676
0.119863	0.620888
0.156750	0.689702
0.095696	0.199526
0.067766	0.114524
0.130911	0.480445
0.088814	0.142103
0.140180	0.280361
0.159089	0.547267
0.083710	0.097940
0.162458	0.284302
0.133670	0.282043
0.177293	0.391817
0.130742	0.122244
0.140740	0.204777
0.116146	0.096982
0.100431	0.169226
0.161312	0.646053
0.130873	0.301008
0.116074	0.242014
0.063067	0.150730
0.164447	0.363428
0.189392	0.595639
0.072026	0.158457
0.061216	0.106516
0.089676	0.224191
0.057864	0.124407
0.078344	0.174706
0.123527	0.269907
0.188555	0.345998
0.201265	0.551466
0.106999	0.142308
0.155326	0.368123
0.160050	0.313697
0.114120	0.118114
0.184379	0.377976
0.133069	0.130408
0.132397	0.241625
0.138985	0.214731
0.112599	0.132867
0.249978	0.802431
0.111794	0.116266
0.145092	0.251734
0.145644	0.418725
0.164501	0.397269
0.113585	0.310654
0.167614	0.279916
0.228862	0.414241
0.203179	0.479503
0.109842	0.170255
0.102653	0.154492
0.117424	0.214887
0.151074	0.241719
0.218742	0.393736
0.223763	1.127767
0.172127	0.559414
0.096128	0.109586
0.170145	0.378573
0.176202	0.402622
0.158489	0.238527
0.203021	0.570488
0.106715	0.201157
0.095499	0.113644
0.119119	0.201906
0.096819	0.125865
0.093816	0.123368
0.138878	0.175681
0.096535	0.152042
0.140239	0.180207
0.170259	0.359246
0.154437	0.314279
0.086582	0.100003
0.108430	0.194632
0.101172	0.208921
0.142710	0.267582
0.100332	0.136953
0.243701	0.766441
0.155035	0.224800
0.157140	0.423492
0.188251	0.404739
0.217855	0.515226
0.113493	0.379634
0.078474	0.158909
0.160352	0.869908
0.112736	0.374848
0.089821	0.183684
0.194778	0.402216
0.109944	0.179759
0.166404	0.436810
0.149017	0.518579
0.068926	0.115107
0.139429	0.250972
0.116821	0.311329
0.081139	0.157410
0.078882	0.094658
0.097608	0.136163
0.125836	0.265514
0.081876	0.146148
0.169946	0.412119
0.093307	0.215072
0.154141	0.437759
0.121219	0.227892
0.156097	0.367607
0.107192	0.316216
0.104607	0.220720
0.106812	0.204011
0.082980	0.198321
0.065523	0.144479
0.136826	0.230551
0.117149	0.260071
0.140190	0.424775
0.160768	0.239545
0.136854	0.237441
0.171320	0.691277
0.090712	0.138336
0.138126	0.223074
0.134139	0.393027
0.094609	0.204355
0.078415	0.199175
0.107917	0.159178
0.118619	0.125143
0.086515	0.123284
0.183993	0.275989
0.097354	0.113417
0.145445	0.237802
0.087213	0.107273
0.101296	0.160048
0.100935	0.148374
0.120799	0.223478
0.162909	0.436595
0.109075	0.241055
0.118555	0.151158
0.066893	0.109705
0.163880	0.221238
0.108212	0.285140
0.288782	0.558793
0.172213	0.541609
0.120600	0.182709
0.126422	0.137800
0.215635	0.139085
0.109181	0.204168
0.158614	0.515496
0.273366	0.567234
0.145424	0.184689
0.164648	0.341644
0.155943	0.248730
0.120707	0.213048
0.148220	0.182311
0.107349	0.158877
0.143867	0.181992
0.104235	0.112574
0.158986	0.314792
0.234980	0.326623
0.087104	0.108445
0.094916	0.102035
0.113731	0.104633
0.110244	0.126229
0.119319	0.184944
0.148228	0.259398
0.192148	0.338181
0.181546	0.152499
0.164471	0.252464
0.224467	0.245791
0.200425	0.898906
0.127388	0.110190
0.118248	0.094008
0.230227	0.528372
0.256649	1.161338
0.141421	0.166877
0.149597	0.151093
0.181100	0.612118
0.121247	0.229763
0.088412	0.092833
0.117294	0.236933
0.112814	0.093636
0.152039	0.297237
0.158651	0.264154
0.207885	0.504122
0.128196	0.284595
0.174272	0.169044
0.201999	0.331279
0.146945	0.188090
0.210120	0.451758
0.234079	0.457624
0.217894	0.167778
0.150016	0.288031
0.232490	1.165937
0.152510	0.247066
0.134130	0.179063
0.094001	0.103401
0.107053	0.165931
0.158258	0.189118
0.159850	0.336484
0.096528	0.114385
0.165101	0.328551
0.082145	0.109664
0.092320	0.387284
0.088678	0.164497
0.101049	0.185930
0.102462	0.108609
0.216620	0.305434
0.107895	0.110593
0.193287	0.673604
0.291451	0.400746
0.183373	1.432144
0.080967	0.082181
0.116882	0.127986
0.187824	0.379404
0.117712	0.231893
0.139750	0.222901
0.141374	0.353434
0.157917	0.385316
0.128738	0.127451
0.167428	0.361645
0.113863	0.240821
0.169763	0.326794
0.147881	0.252137
0.201918	1.111560
0.198623	0.368446
0.109581	0.104102
0.263653	1.033520
0.089916	0.098907
0.110002	0.141352
0.174420	0.334887
0.181080	0.440025
0.196707	0.380628
0.112115	0.147992
0.078556	0.121370
0.125334	0.293281
0.190315	0.667055
0.100691	0.154056
0.073266	0.180601
0.082939	0.275771
0.056956	0.139258
0.086387	0.291988
0.093651	0.155460
0.077721	0.144950
0.091320	0.152961
0.104599	0.265681
0.084417	0.128736
0.101602	0.228095
0.214568	0.789612
0.211170	1.240625
0.090069	0.117090
0.123222	0.264311
0.206814	1.119899
0.078030	0.093246
0.069888	0.123701
0.079603	0.247566
0.079662	0.102763
0.176713	0.691833
0.177064	0.409018
0.158028	0.597348
0.144990	0.554587
0.140688	0.245500
0.063925	0.088856
0.129064	0.276197
0.066127	0.097537
0.087030	0.195383
0.088542	0.254558
0.109308	0.298958
0.229812	1.335209
0.132883	0.450473
0.071332	0.098439
0.050668	0.089935
0.051435	0.084097
0.133847	0.598966
0.062621	0.112717
0.088012	0.172504
0.099323	0.126636
0.144036	0.263586
0.106482	0.252361
0.142379	0.620062
0.173070	0.414502
0.080707	0.168273
0.114605	0.272186
0.060479	0.122469
0.113925	0.223294
0.076334	0.159157
0.096721	0.163459
0.134387	0.335967
0.103571	0.180213
0.202479	0.732973
0.146727	0.358747
0.198821	0.952352
0.104357	0.166971
0.154763	0.314168
0.083526	0.114849
0.093975	0.204865
0.072993	0.084672
0.153571	0.383928
0.111507	0.156668
0.252720	0.542084
0.151975	0.263676
0.082686	0.110386
0.101666	0.138266
0.102048	0.196442
0.112687	0.214669
0.133317	0.293965
0.084997	0.112196
0.106870	0.211603
0.088140	0.163940
0.121764	0.197257
0.131016	0.220761
0.124626	0.266076
0.198623	0.810383
0.142473	0.244341
0.126408	0.225639
0.137171	0.328524
0.100402	0.210843
0.116146	0.181769
0.102670	0.123718
0.087046	0.129263
0.198370	0.555437
0.148320	0.401204
0.153099	0.428677
0.161564	0.278699
0.113703	0.201255
0.110409	0.115929
0.135653	0.383219
0.146558	0.343679
0.122025	0.315435
0.090374	0.140983
0.099175	0.293559
0.092057	0.111849
0.148146	0.254071
0.253638	0.469229
0.119128	0.150697
0.174753	0.330283
0.238252	0.343083
0.211979	0.195020
0.256832	0.192624
0.188730	0.210434
0.133625	0.155005
0.106679	0.212292
0.195372	0.593930
0.066175	0.096615
0.109294	0.191811
0.067015	0.101863
0.079248	0.164440
0.074845	0.132475
0.102923	0.144607
0.147097	0.270659
0.102123	0.230287
0.139757	0.672928
0.209809	0.423813
0.245101	1.252464
0.097438	0.116438
0.088618	0.131597
0.257000	0.994591
0.125866	0.110133
0.125772	0.132689
0.188200	0.237132
0.095430	0.156029
0.200314	0.296465
0.193087	0.822551
0.256909	0.764303
0.077876	0.131221
0.111758	0.286660
0.088044	0.122821
0.059747	0.098582
0.057015	0.135411
0.069104	0.120241
0.122808	0.319914
0.120587	0.268305
0.077564	0.216793
0.104398	0.212972
0.125800	0.403191
0.092069	0.196568
0.069602	0.131548
0.106553	0.224293
0.179295	0.681319
0.123208	0.349910
0.091566	0.089735
0.071380	0.150968
0.106886	0.384791
0.116368	0.185025
0.124244	0.191336
0.093756	0.171573
0.100519	0.156809
0.214594	0.887347
0.104378	0.258858
0.057699	0.109628
0.092252	0.230629
0.137484	0.294903
0.123401	0.233845
0.129765	0.243309
0.090125	0.214047
0.093958	0.129662
0.099262	0.432782
0.102540	0.199440
0.066440	0.118928
0.110043	0.218985
0.085747	0.181784
0.123735	0.399046
0.135715	0.300608
0.102085	0.175586
0.091929	0.210977
0.129262	0.219746
0.139326	0.214562
0.082575	0.119733
0.145347	0.152614
0.180257	0.286609
0.141176	0.282352
0.128906	0.216562
0.170807	0.381753
0.112120	0.113801
0.118212	0.212190
0.126239	0.352206
0.092971	0.092506
0.088466	0.104832
0.169068	0.419288
0.132010	0.318805
0.146196	0.225142
0.150573	0.219837
0.181036	0.201856
0.231306	0.346959
0.139217	0.400250
0.174398	0.195326
0.152860	0.441765
0.119486	0.098576
0.215814	0.874047
0.180947	0.307611
0.156026	0.317513
0.133092	0.227588
0.163287	0.173084
0.164043	0.268211
0.194409	0.245927
0.199313	0.410584
0.187202	0.224643
0.110003	0.122104
0.136325	0.222891
0.143161	0.242658
0.159626	0.296106
0.116634	0.214607
0.130376	0.247714
0.113316	0.155810
0.120691	0.203968
0.154267	0.285393
0.222615	0.289399
0.272594	0.745544
0.172273	0.206728
0.150692	0.171789
0.171863	0.385833
0.222972	0.637700
0.148706	0.140527
0.172484	0.169035
0.148082	0.156967
0.271399	0.890188
0.131324	0.138547
0.134010	0.170193
0.151299	0.239052
0.206215	0.237147
0.159691	0.245125
0.162549	0.242198
0.219491	0.365453
0.214956	0.370799
0.114732	0.100964
0.171776	0.297172
0.222561	0.448461
0.122449	0.153673
0.206586	0.638350
0.162541	0.288511
0.136657	0.265798
0.201901	0.972152
0.180400	0.509630
0.148840	0.491916
0.164366	0.184912
0.222290	0.367891
0.185658	0.188443
0.301963	1.176146
0.150316	0.356999
0.129678	0.138107
0.111842	0.177828
0.144947	0.168863
0.136110	0.331429
0.106594	0.171617
0.187198	0.341636
0.192621	0.314935
0.138615	0.293171
0.120251	0.238098
0.294414	1.039281
0.186408	0.367224
0.283084	1.626315
0.113368	0.136609
0.193158	0.244345
0.214515	0.334643
0.194438	0.289713
0.112918	0.412717
0.103954	0.184518
0.065661	0.089955
0.115662	0.118554
0.138111	0.211310
0.134764	0.181931
0.111549	0.156727
0.197676	0.824307
0.156230	0.266372
0.115593	0.170500
0.083222	0.136484
0.146915	0.136631
0.097584	0.148816
0.075013	0.108769
0.129628	0.239811
0.130218	0.587934
0.100999	0.092919
0.101216	0.132593
0.110627	0.185301
0.110731	0.181599
0.091940	0.181582
0.128684	0.398278
0.119898	0.255983
0.164438	0.718592
0.105223	0.231490
0.070672	0.089047
0.110756	0.240340
0.142236	0.262426
0.074589	0.134260
0.226744	1.007877
0.087933	0.235221
0.067229	0.161686
0.079637	0.099944
0.071926	0.097820
0.077368	0.100579
0.109912	0.348423
0.114583	0.242343
0.072062	0.102327
0.102866	0.162528
0.090374	0.217349
0.168050	0.336100
0.106389	0.155328
0.127897	0.182253
0.175767	0.542241
0.085666	0.137494
0.107435	0.142352
0.087793	0.125544
0.194025	0.846921
0.073397	0.119270
0.173964	0.846334
0.091339	0.176742
0.062704	0.114748
0.097231	0.148763
0.078587	0.151280
0.105729	0.270139
0.104889	0.227609
0.067016	0.131017
0.077016	0.107822
0.088625	0.171489
0.129027	0.413530
0.138261	0.186652
0.109165	0.234159
0.093334	0.518470
0.135599	0.245434
0.090332	0.107044
0.126239	0.261945
0.088200	0.095696
0.138165	0.241098
0.132567	0.450065
0.138626	0.191304
0.127530	0.215526
0.126685	0.148855
0.136019	0.116976
0.164540	0.385024
0.169427	0.172816
0.211634	0.297346
0.147102	0.295674
0.127753	0.171828
0.106991	0.119830
0.171768	0.210416
0.136846	0.108792
0.205057	0.528023
0.098721	0.131793
0.107730	0.146512
0.126742	0.179974
0.117880	0.215130
0.091633	0.119123
0.109051	0.171756
0.107677	0.188973
0.096905	0.167645
0.109486	0.169156
0.081687	0.119263
0.145824	0.293835
0.095325	0.193509
0.088367	0.108250
0.194253	0.729419
0.136078	0.215003
0.095597	0.197408
0.194804	0.528893
0.153546	0.199610
0.151886	0.118471
0.164372	0.227656
0.164085	0.278124
0.121752	0.102272
0.109199	0.134314
0.195181	0.288868
0.135246	0.223832
0.148567	0.183480
0.110354	0.117527
0.166962	0.285505
0.100511	0.141720
0.183818	0.350173
0.255102	0.284439
0.099146	0.161112
0.170660	0.395931
0.160706	1.489745
0.205101	0.397896
0.083043	0.114184
0.150863	0.324355
0.182706	0.254875
0.089983	0.086833
0.107188	0.107724
0.110123	0.112876
0.183536	0.494628
0.086710	0.128764
0.097141	0.238966
0.076136	0.178919
0.203074	1.553517
0.125814	0.324600
0.081478	0.130365
0.085987	0.125971
0.106882	0.108485
0.201746	0.339942
0.137431	0.237756
0.099317	0.094848
0.151510	0.346201
0.177914	0.384294
0.130446	0.205453
0.134881	0.314274
0.097545	0.259471
0.099911	0.257771
0.135960	0.353495
0.102422	0.236595
0.125723	0.153382
0.154677	0.234336
0.169581	0.377317
0.126670	0.199505
0.146047	0.219070
0.135117	0.239833
0.089036	0.108178
0.097036	0.165931
0.085140	0.094080
0.174192	0.464223
0.151399	0.775922
0.098246	0.180281
0.109139	0.158798
0.077311	0.126791
0.082892	0.117292
0.106076	0.199423
0.096195	0.222210
0.084214	0.102320
0.122191	0.132578
0.082824	0.114711
0.071051	0.142101
0.114120	0.194574
0.230172	1.364923
0.155090	0.493185
0.092840	0.141581
0.166142	0.366342
0.190910	0.404730
0.112800	0.247596
0.103777	0.092881
0.261305	0.776076
0.187138	0.192752
0.122510	0.131698
0.140653	0.137840
0.163781	0.308726
0.098770	0.099758
0.193664	0.292433
0.158244	0.306202
0.170393	0.182320
0.162141	0.294287
0.104488	0.129042
0.132569	0.295629
0.105597	0.088702
0.117126	0.182131
0.102843	0.089474
0.134284	0.197398
0.140401	0.155143
0.148244	0.208282
0.180059	0.412334
0.211172	0.723264
0.113965	0.092312
0.156394	0.210350
0.091903	0.165886
0.086252	0.082370
0.139343	0.214588
0.155455	0.132137
0.150632	0.163435
0.188333	0.275908
0.198367	0.302510
0.150265	0.238170
0.191019	0.691488
0.187813	0.444178
0.131912	0.227548
0.139926	0.155318
0.148818	0.285731
0.175282	0.376857
0.073616	0.099382
0.080816	0.089301
0.083270	0.276040
0.084775	0.093253
0.169274	0.351243
0.147984	0.247133
0.101133	0.259913
0.106763	0.176159
0.143452	0.202984
0.271345	1.557522
0.072639	0.091889
0.131512	0.301162
0.120962	0.254021
0.090267	0.159773
0.144525	0.212452
0.111757	0.265982
0.103553	0.221086
0.135433	0.291182
0.072444	0.161913
0.101724	0.184120
0.065308	0.121800
0.122779	0.403328
0.150472	0.431856
0.092116	0.279571
0.087991	0.151785
0.082312	0.141577
0.088684	0.154311
0.136868	0.171770
0.119389	0.382046
0.104625	0.276732
0.130982	0.384431
0.113749	0.209299
0.130968	0.417787
0.107121	0.256555
0.051295	0.103872
0.121521	0.170737
0.075859	0.119857
0.141399	0.472272
0.085508	0.123131
0.105214	0.136251
0.101978	0.132571
0.204943	0.485716
0.183020	0.214134
0.198955	0.469535
0.193453	0.497173
0.260561	0.897633
0.135832	0.102553
0.188177	0.388586
0.184383	0.230479
0.260058	0.724261
0.102675	0.127317
0.113789	0.108668
0.200467	0.507181
0.270184	1.403606
0.097685	0.131387
0.137888	0.259229
0.174351	0.271987
0.180578	1.188206
0.082752	0.137782
0.094874	0.103413
0.103659	0.182958
0.136537	0.202075
0.138020	0.225663
0.173066	0.265656
0.172692	0.176146
0.130067	0.154780
0.089802	0.098333
0.115049	0.320987
0.066353	0.119103
0.165438	0.455781
0.152792	0.427055
0.166700	0.589285
0.113741	0.157531
0.100205	0.117240
0.150965	0.329104
0.096491	0.149078
0.071358	0.099188
0.042234	0.080033
0.081626	0.125704
0.128768	0.200878
0.123857	0.140578
0.208360	0.679252
0.115037	0.107560
0.118402	0.309029
0.085874	0.147703
0.115142	0.302248
0.125284	0.192310
0.145612	0.147069
0.110785	0.170055
0.138567	0.389373
0.190081	0.485658
0.125061	0.204474
0.078556	0.093089
0.116461	0.104233
0.159561	0.177910
0.165707	0.267617
0.107491	0.133826
0.134998	0.265945
0.131373	0.233188
0.089202	0.099907
0.190198	0.231091
0.206142	0.407130
0.149185	0.298369
0.122940	0.119866
0.102477	0.137832
0.077612	0.101283
0.193222	0.583531
0.168010	0.418345
0.108404	0.145804
0.159682	0.460682
0.115470	0.170318
0.183485	0.421098
0.140353	0.282812
0.164787	0.182913
0.106041	0.082182
0.142390	0.141678
0.120635	0.160445
0.110795	0.194999
0.073828	0.105205
0.071102	0.147537
0.128343	0.187380
0.151846	0.629403
0.072697	0.111226
0.118154	0.195545
0.080102	0.215875
0.153868	0.502378
0.105932	0.456036
0.054751	0.253224
0.075666	0.138847
0.065334	0.102575
0.079385	0.199256
0.053626	0.092772
0.074902	0.201862
0.126440	0.357193
0.077573	0.158248
0.057958	0.094181
0.067827	0.108863
0.086982	0.118296
0.082774	0.159755
0.098949	0.289920
0.103122	0.258835
0.064231	0.105660
0.111707	0.277034
0.069421	0.159321
0.058879	0.089497
0.155569	0.654168
0.046081	0.106448
0.073149	0.201891
0.066165	0.218345
0.055254	0.104430
0.080932	0.133942
0.084833	0.127249
0.149448	0.549221
0.137454	0.294838
0.117635	0.197039
0.120106	0.165146
0.093044	0.159105
0.109120	0.200782
0.214813	2.179276
0.100879	0.167459
0.123889	0.230434
0.148434	0.267924
0.138220	0.522473
0.206393	0.282758
0.096954	0.135251
0.100992	0.167646
0.073346	0.122854
0.131721	0.300324
0.076903	0.138811
0.105386	0.189695
0.163527	0.300071
0.105382	0.197065
0.074347	0.089588
0.085979	0.340907
0.055314	0.104544
0.095123	0.148868
0.130061	0.145018
0.153736	0.990060
0.078171	0.097714
0.141785	0.255922
0.146198	0.456868
0.122968	0.343696
0.104828	0.162484
0.109117	0.187682
0.099835	0.228123
0.108534	0.285446
0.145463	0.559304
0.077335	0.093188
0.092375	0.139486
0.106893	0.187597
0.049304	0.082831
0.081144	0.161476
0.120981	0.350241
0.076690	0.116186
0.091544	0.189038
0.121800	0.275877
0.077691	0.115372
0.122402	0.327424
0.097622	0.121540
0.146337	0.424378
0.091316	0.132409
0.096288	0.234460
0.105004	0.194783
0.121577	0.387832
0.164749	0.196875
0.119592	0.438304
0.256202	1.525684
0.177858	0.344156
0.136720	0.337015
0.133882	0.204170
0.140752	0.116824
0.150776	0.240487
0.119605	0.258347
0.094242	0.125812
0.224118	0.499783
0.210593	0.277983
0.118673	0.121640
0.134976	0.118778
0.231537	0.307944
0.261693	0.323190
0.145327	0.164946
0.104781	0.246234
0.135089	0.105369
0.266815	0.352196
0.153505	0.095173
0.188083	0.404378
0.185049	0.206330
0.137426	0.224692
0.189210	0.413424
0.207001	0.361216
0.141486	0.210106
0.188725	0.384056
0.321927	0.366996
0.224558	0.224558
0.290352	0.611192
0.250085	0.258838
0.166360	0.168023
0.376374	0.572089
0.244849	0.367273
0.269402	0.370428
0.159252	0.171992
0.110757	0.121279
0.262724	0.466336
0.280194	0.140097
0.148790	0.101177
0.240319	0.285979
0.208403	0.190688
0.297883	1.428349
0.138590	0.234217
0.172256	0.438392
0.147663	0.244383
0.115398	0.138478
0.122378	0.201924
0.225029	0.554696
0.220591	0.227209
0.185499	0.218889
0.109600	0.093160
0.134865	0.167232
0.146666	0.233933
0.171352	0.158500
0.111615	0.142867
0.143003	0.199490
0.133458	0.160149
0.173105	0.292547
0.209082	0.303170
0.138122	0.205802
0.215169	0.619688
0.108143	0.130312
0.155117	0.368402
0.124486	0.154362
0.215647	0.288968
0.192826	0.155225
0.195329	0.142590
0.218228	1.123872
0.100270	0.183494
0.214101	0.659432
0.125115	0.291517
0.142209	0.461469
0.107569	0.104342
0.160549	0.234402
0.250524	0.460964
0.178840	0.285250
