Velocity(m/s)	Chord(mm)
0.045336	0.081151
0.080146	0.162295
0.054661	0.089917
0.135607	0.161372
0.062517	0.080960
0.078321	0.093594
0.121450	0.226504
0.077429	0.136663
0.123718	0.262901
0.092919	0.150065
0.109237	0.220112
0.103040	0.136528
0.069553	0.098070
0.263628	0.452121
0.275017	0.709545
0.086656	0.115686
0.188504	0.980223
0.058501	0.102670
0.112166	0.168249
0.088819	0.226045
0.101648	0.180426
0.092182	0.123524
0.140443	0.395348
0.123456	0.233332
0.223692	0.513373
0.118355	0.302396
0.116477	0.182286
0.146636	0.200158
0.108157	0.177919
0.120998	0.283135
0.154873	0.444486
0.180802	0.169050
0.216816	0.561554
0.165076	0.349137
0.112117	0.145192
0.177736	0.236388
0.132776	0.379076
0.107917	0.128421
0.164270	0.142915
0.211132	0.212187
0.124188	0.187523
0.092240	0.137899
0.166518	0.478740
0.117735	0.278443
0.159146	0.245085
0.136742	0.155886
0.140300	0.190106
0.179991	0.463478
0.103024	0.099933
0.152069	0.299577
0.112638	0.201058
0.158112	0.577901
0.157436	0.120439
0.099097	0.141214
0.102469	0.121938
0.155471	0.309387
0.125365	0.210614
0.172997	0.237007
0.271022	0.582697
0.208543	0.210629
0.164141	0.401324
0.126201	0.165324
0.194333	1.217493
0.133621	0.325368
0.142206	0.268769
0.127802	0.193620
0.137306	0.341891
0.174367	0.544896
0.100771	0.181387
0.114372	0.238465
0.099954	0.142435
0.080877	0.103118
0.214034	0.203332
0.143581	0.245524
0.169212	0.334194
0.106608	0.137524
0.108803	0.140899
0.106393	0.110117
0.108142	0.145992
0.114604	0.258432
0.090203	0.339162
0.050122	0.141596
0.066489	0.171543
0.071416	0.248172
0.087821	0.181349
0.182231	0.634164
0.117892	0.206901
0.185145	0.407320
0.088969	0.145464
0.133865	0.323284
0.072533	0.130559
0.133045	0.284716
0.092072	0.130742
0.108454	0.156174
0.111993	0.152871
0.142470	0.166690
0.082142	0.143748
0.079406	0.123873
0.087430	0.165680
0.105939	0.207640
0.141344	0.716617
0.153080	0.239570
0.131266	0.447618
0.102136	0.220614
0.140204	0.321769
0.147276	0.151695
0.115183	0.118638
0.256769	0.413398
0.128081	0.108228
0.145191	0.327407
0.125311	0.152252
0.123672	0.255383
0.201024	0.214091
0.140971	0.162821
0.205105	0.156905
0.144928	0.339855
0.160264	0.602593
0.177149	0.263952
0.190959	0.598657
0.232487	0.239462
0.152968	0.214920
0.090100	0.076585
0.150921	0.313161
0.194986	0.219359
0.087181	0.070181
0.167216	0.394629
0.122039	0.292284
0.110277	0.192984
0.100402	0.274096
0.093731	0.193554
0.157909	0.427934
0.171534	0.657834
0.149656	0.211763
0.152474	0.289701
0.130485	0.214648
0.096546	0.125992
0.137945	0.233127
0.155647	0.423361
0.176478	0.736796
0.069077	0.098780
0.103558	0.231452
0.091556	0.133214
0.179982	0.538145
0.163607	0.336213
0.117415	0.268880
0.142282	0.367798
0.185572	0.630944
0.182454	0.258173
0.130897	0.202890
0.068371	0.116230
0.112596	0.166642
0.077908	0.114135
0.095132	0.146504
0.136073	0.327255
0.121211	0.241210
0.184253	0.896390
0.145090	0.149442
0.110433	0.097181
0.163529	0.306617
0.173052	0.227563
0.108207	0.373316
0.062193	0.111015
0.069292	0.176694
0.065364	0.081052
0.087779	0.345848
0.158492	0.546796
0.202728	0.188537
0.142706	0.154836
0.194081	0.279476
0.112169	0.114412
0.229710	0.410032
0.151037	0.284704
0.119492	0.133831
0.223789	1.148038
0.218417	0.191115
0.103921	0.129381
0.224673	0.608865
0.193847	0.308217
0.141902	0.235557
0.156706	0.604885
0.117661	0.196495
0.208597	0.825003
0.159680	0.256286
0.169074	0.218951
0.106737	0.158504
0.193705	0.387409
0.094568	0.202848
0.096893	0.245139
0.103213	0.137790
0.125722	0.920914
0.058901	0.099837
0.099658	0.260606
0.077933	0.139501
0.135623	0.326172
0.130720	0.218955
0.117160	0.173982
0.071847	0.139743
0.128483	0.153538
0.081003	0.183473
0.082090	0.175262
0.056804	0.138602
0.062732	0.101312
0.105818	0.160314
0.100119	0.304863
0.075051	0.179372
0.121350	0.133485
0.102388	0.311772
0.126620	0.393154
0.078782	0.189472
0.101105	0.327074
0.085128	0.163872
0.162561	0.394209
0.056620	0.232141
0.144274	0.230839
0.194486	1.547133
0.155608	0.195288
0.066948	0.122849
0.069950	0.113668
0.074528	0.129679
0.105962	0.313647
0.092099	0.297481
0.123423	0.272148
0.143122	0.356373
0.081042	0.094414
0.147525	0.184406
0.241087	1.266912
0.196276	1.501510
0.113889	0.155458
0.105681	0.135272
0.196789	0.813721
0.117382	0.117969
0.133955	0.164094
0.110280	0.213943
0.135796	0.351713
0.242682	0.310633
0.122013	0.222063
0.169008	0.221400
0.180343	0.315600
0.127984	0.184297
0.116337	0.292007
0.080841	0.103881
0.112817	0.129739
0.071082	0.079257
0.085599	0.101435
0.090198	0.102375
0.136418	0.286479
0.139176	0.183017
0.135339	0.160377
0.105638	0.256172
0.225582	0.697049
0.183588	0.348817
0.106348	0.102626
0.119115	0.225723
0.111185	0.122303
0.133467	0.176844
0.159478	0.151504
0.209222	0.363000
0.192603	0.290831
0.155170	0.141205
0.223878	0.249624
0.222101	0.287621
0.136474	0.165816
0.186558	0.295695
0.099865	0.099366
0.098292	0.177909
0.087665	0.111773
0.096026	0.110430
0.144852	0.870558
0.075406	0.093880
0.159750	0.465671
0.135046	0.289674
0.136914	0.214271
0.144344	0.142901
0.099339	0.229473
0.109408	0.170676
0.175331	1.580611
0.043427	0.186519
0.095254	0.220989
0.084243	0.130998
0.101673	0.251133
0.110017	0.330602
0.118436	0.171139
0.104793	0.244168
0.186699	0.507822
0.084447	0.158760
0.066604	0.121552
0.130362	0.205320
0.069836	0.160622
0.083532	0.244332
0.058858	0.099175
0.102291	0.155482
0.120037	0.204064
0.099511	0.152750
0.085877	0.142126
0.110825	0.304215
0.102989	0.183836
0.167300	0.291939
0.192376	0.186605
0.147832	0.218052
0.111965	0.132118
0.138824	0.257519
0.222329	0.262348
0.157044	0.215151
0.122064	0.171500
0.112736	0.133028
0.176864	0.294479
0.208648	0.208648
0.110938	0.141446
0.124964	0.161204
0.124743	0.149067
0.125737	0.142712
0.120978	0.179652
0.121869	0.583144
0.114320	0.141185
0.146999	0.260924
0.219089	1.169936
0.072353	0.139280
0.056182	0.113488
0.121200	0.278760
0.145030	0.527184
0.115296	1.315529
0.061768	0.245526
0.154154	0.506395
0.073346	0.117353
0.139984	0.177080
0.205081	0.945424
0.190170	0.957507
0.118553	0.272672
0.112639	0.186418
0.111070	0.137172
0.084515	0.132689
0.149483	0.263837
0.100258	0.409053
0.072129	0.096292
0.175447	0.328085
0.101723	0.098162
0.122348	0.125407
0.162350	0.139621
0.135860	0.136539
0.259755	0.374047
0.249339	1.090857
0.153690	0.238988
0.153597	0.195068
0.112461	0.171503
0.326283	0.965797
0.249428	0.742048
0.179605	0.160747
0.160215	0.265157
0.228326	0.399571
0.182367	0.438593
0.130895	0.120424
0.201069	0.684642
0.116104	0.146871
0.098916	0.105346
0.182449	0.125890
0.201286	0.577690
0.245430	0.454045
0.173995	0.660312
0.099562	0.146357
0.188261	0.308748
0.158021	0.153280
0.131070	0.150730
0.265729	0.807815
0.131076	0.144839
0.171473	0.192050
0.223535	0.200064
0.174503	0.183228
0.177145	0.530550
0.147013	0.246982
0.108033	0.185276
0.174588	0.269739
0.146703	0.275068
0.117574	0.175186
0.107803	0.173562
0.102387	0.122864
0.141393	0.217745
0.114892	0.119488
0.229794	0.782448
0.082085	0.143239
0.129993	0.171591
0.073216	0.104699
0.177857	0.640285
0.124990	0.205608
0.167242	0.220760
0.066093	0.113679
0.091072	0.183966
0.096482	0.130251
0.275088	1.071470
0.116752	0.408632
0.074036	0.188792
0.076785	0.152803
0.123547	0.180996
0.272553	0.190787
0.235508	0.615853
0.166530	0.250628
0.091992	0.095671
0.304904	0.814095
0.313105	0.330326
0.274091	0.408396
0.166292	0.274381
0.240279	0.243883
0.251897	0.153657
0.186925	0.185056
0.121168	0.092694
0.172148	0.247893
0.155936	0.463910
0.175839	0.289255
0.138911	0.163914
0.138027	0.140097
0.221112	0.329458
0.143337	0.115387
0.123043	0.126734
0.144822	0.203474
0.133412	0.341536
0.149203	0.442386
0.092597	0.122228
0.147211	0.377596
0.183155	0.554958
0.247991	0.238072
0.150722	0.154490
0.176443	0.272605
0.218265	0.485639
0.260272	0.413833
0.107657	0.140492
0.152604	0.173206
0.099882	0.123854
0.053915	0.078446
0.121415	0.295039
0.215553	0.288841
0.110610	0.150430
0.157013	0.496948
0.185141	0.246237
0.131610	0.128978
0.183963	0.385403
0.193730	0.203417
0.134013	0.174216
0.084151	0.099719
0.111525	0.162827
0.158618	0.479028
0.163821	0.541428
0.115021	0.185759
0.139681	0.298917
0.128814	0.251831
0.213290	0.384989
0.188811	0.233182
0.148203	0.186736
0.140831	0.214062
0.164789	0.154078
0.132003	0.250145
0.192558	0.430368
0.117308	0.119654
0.109856	0.113152
0.265519	0.171259
0.223720	0.852374
0.158819	0.182642
0.135072	0.307289
0.135987	0.268575
0.162081	0.238260
0.240320	0.336448
0.238985	0.161315
0.208663	0.261872
0.311137	0.555379
0.183639	0.390232
0.168454	0.480936
0.225709	0.226838
0.195247	0.246011
0.103213	0.120759
0.176443	0.248785
0.139950	0.527610
0.147068	0.324285
0.148947	0.663559
0.151820	0.167001
0.143426	0.228764
0.212452	0.253880
0.134592	0.156127
0.099994	0.126992
0.106103	0.231305
0.168000	0.377161
0.099733	0.282245
0.183406	0.430088
0.082783	0.144042
0.129638	0.241775
0.198634	1.575164
0.182459	0.358532
0.118057	0.257955
0.100019	0.258548
0.173581	0.646590
0.156562	0.180046
0.090405	0.137868
0.130073	0.154136
0.131026	0.162472
0.068407	0.089613
0.226682	0.265218
0.130367	0.310926
0.165823	0.282729
0.115500	0.176716
0.088307	0.118773
0.077145	0.152748
0.069780	0.134675
0.120131	0.169985
0.066976	0.118548
0.083495	0.128164
0.078286	0.164400
0.095898	0.239746
0.069889	0.151659
0.108980	0.178182
0.105133	0.206587
0.065911	0.150606
0.159688	0.263486
0.160873	0.133525
0.117962	0.165147
0.078404	0.093693
0.177894	0.306867
0.216952	0.276614
0.166590	0.156595
0.268461	0.348999
0.276578	0.219880
0.252262	0.287579
0.280628	0.390073
0.196564	0.605416
0.090914	0.222286
0.264213	1.496766
0.085757	0.101194
0.161101	0.447055
0.174494	0.188453
0.088045	0.135590
0.111337	0.144738
0.165392	0.190201
0.138997	0.166101
0.093544	0.102431
0.115283	0.170619
0.139198	0.691118
0.151739	0.213193
0.103314	0.162203
0.171356	0.166215
0.162734	0.202604
0.068073	0.098025
0.106353	0.124965
0.104548	0.249870
0.089816	0.112270
0.106332	0.230740
0.080285	0.140098
0.131588	0.427003
0.121448	0.279329
0.093136	0.170905
0.082359	0.104596
0.098519	0.136449
0.084132	0.135032
0.104220	0.213131
0.076264	0.170068
0.115915	0.209806
0.055738	0.142133
0.109437	0.195891
0.116462	0.263786
0.108540	0.283290
0.153802	0.384506
0.080211	0.204938
0.100297	0.200594
0.084878	0.146415
0.170480	0.451773
0.174236	0.244801
0.092861	0.169471
0.077763	0.122476
0.075098	0.179485
0.161238	0.348273
0.114656	0.374924
0.101739	0.173465
0.109292	0.155741
0.102181	0.217135
0.147014	0.810048
0.102725	0.297390
0.073144	0.122882
0.128995	1.121611
0.206945	1.578991
0.111506	0.363509
0.126611	0.703955
0.167029	0.181227
0.156828	0.236810
0.078375	0.118346
0.205583	0.293983
0.160295	0.151479
0.208455	0.181356
0.160798	0.192958
0.100568	0.106602
0.133624	0.251882
0.070331	0.102331
0.149117	0.225912
0.149529	0.166725
0.081238	0.153945
0.127616	0.148034
0.138096	0.282406
0.124369	0.263662
0.179757	0.391871
0.140591	0.303676
0.058777	0.091104
0.241102	1.292304
0.149173	0.173041
0.228621	0.617277
0.203491	0.388668
0.135403	0.333092
0.115047	0.225492
0.186542	0.425315
0.254484	1.203710
0.128095	0.202391
0.165385	0.180269
0.187058	0.182381
0.172825	0.203933
0.140532	0.179178
0.231863	0.456771
0.195629	0.283662
0.218172	0.832327
0.096038	0.136855
0.158306	0.229543
0.153732	0.415845
0.162934	0.351937
0.095346	0.215959
0.081104	0.180456
0.050956	0.096816
0.133877	0.224914
0.109661	0.406292
0.144679	0.342889
0.089120	0.200074
0.064646	0.154827
0.164523	0.367708
0.080595	0.130967
0.089710	0.233247
0.127738	0.376188
0.140633	0.642694
0.086992	0.189642
0.048869	0.111910
0.056935	0.147746
0.088660	0.158257
0.127730	0.215225
0.129366	0.265201
0.113670	0.281902
0.098611	0.323937
0.164731	0.552671
0.148467	0.288025
0.077172	0.184827
0.074144	0.168677
0.100879	0.180069
0.082032	0.137814
0.152172	0.181846
0.100152	0.086131
0.075347	0.128090
0.123467	0.448186
0.096185	0.218820
0.090221	0.388403
0.109889	0.444499
0.105935	0.314096
0.088391	0.296553
0.071511	0.173413
0.119156	0.221034
0.138399	0.505849
0.060110	0.103991
0.111777	0.162077
0.103858	0.150595
0.095602	0.399138
0.127807	1.122144
0.059007	0.099722
0.124355	0.197102
0.102020	0.175474
0.116620	0.283386
0.084451	0.103031
0.158836	0.202515
0.220375	0.422019
0.152430	0.253796
0.144167	0.199671
0.110586	0.215089
0.181879	0.386494
0.209545	0.222118
0.211043	1.518457
0.120686	0.230511
0.084151	0.139270
0.180444	0.818312
0.079451	0.190285
0.121748	0.245930
0.205074	1.870273
0.065571	0.126552
0.058218	0.219480
0.035824	0.157625
0.101489	0.180650
0.082594	0.385300
0.159264	0.218988
0.082043	0.239157
0.073071	0.156007
0.099013	0.213868
0.123181	0.250674
0.140641	0.274250
0.105418	0.249840
0.099768	0.266879
0.171242	0.229464
0.296556	1.601401
0.123029	0.261437
0.121537	0.159213
0.092496	0.095271
0.152610	0.374659
0.110723	0.215910
0.150473	0.215177
0.165279	0.307418
0.106108	0.131574
0.124537	0.226035
0.081716	0.107865
0.206855	0.195478
0.176122	0.169958
0.214640	0.228592
0.152461	0.405546
0.083672	0.106682
0.138383	0.267079
0.139257	0.390617
0.113124	0.250569
0.133596	0.215757
0.118671	0.233189
0.144772	0.272895
0.056836	0.164256
0.107555	0.184994
0.054557	0.083472
0.122456	0.251647
0.105880	0.175762
0.087902	0.178441
0.120281	0.389110
0.147995	0.458045
0.111684	0.627106
0.108390	0.100261
0.098655	0.200270
0.139766	0.197769
0.071000	0.111470
0.083930	0.218637
0.067776	0.185367
0.091335	0.258934
0.119632	0.236871
0.051672	0.097401
0.231071	0.828390
0.146319	0.163145
0.261746	0.421411
0.150913	0.233161
0.280875	0.598263
0.142838	0.196402
0.188719	0.160411
0.112959	0.134986
0.173066	0.199891
0.214908	0.392208
0.200441	0.179394
0.092625	0.243604
0.149868	0.161108
0.077781	0.179674
0.123993	0.233106
0.115169	0.133020
0.140071	0.266135
0.080413	0.285867
0.094352	0.150491
0.068232	0.134759
0.084793	0.132701
0.160031	0.160831
0.162073	0.250403
0.169692	0.314779
0.161848	0.722653
0.095430	0.184181
0.085838	0.184551
0.130132	0.428136
0.073472	0.115719
0.111508	0.211307
0.079523	0.154671
0.051028	0.098229
0.074513	0.184792
0.121960	0.143302
0.098960	0.163778
0.102553	0.177929
0.103484	0.147465
0.060295	0.107627
0.113155	0.195192
0.069373	0.084635
0.105308	0.263270
0.102304	0.239903
0.110800	0.178942
0.124299	0.169047
0.157774	0.188540
0.164784	0.272718
0.098455	0.123561
0.103095	0.301038
0.130495	0.214011
0.057029	0.099230
0.102056	0.357707
0.096371	0.191778
0.080692	0.136369
0.063714	0.136984
0.107623	0.202331
0.046091	0.175605
0.130780	0.421766
0.133131	0.123146
0.062853	0.239469
0.136577	0.335981
0.083948	0.274930
0.063861	0.158375
0.099017	0.176250
0.063710	0.225853
0.099446	0.350546
0.184514	0.619043
0.070665	0.100697
0.124741	0.276302
0.109119	0.331178
0.133344	0.840734
0.091871	0.366107
0.191878	0.678290
0.088489	0.395987
0.110945	0.263494
0.075583	0.211633
0.086168	0.169750
0.249660	1.273266
0.112161	0.159269
0.284282	1.567817
0.307352	0.731499
0.163116	0.221838
0.212750	0.373377
0.204436	0.287232
0.210586	0.276920
0.166970	0.189511
0.259859	0.676933
0.201471	0.252846
0.155572	0.182797
0.189820	0.346422
0.274107	0.259031
0.164141	0.245391
0.137833	0.139211
0.133131	0.157095
0.196039	0.268573
0.207128	0.209199
0.182634	0.340612
0.225782	0.583646
0.116888	0.199295
0.160458	0.169283
0.078345	0.111250
0.108886	0.178029
0.214228	0.179951
0.181608	0.315089
0.182136	0.203993
0.183359	0.196194
0.187419	0.336417
0.132939	0.179468
0.103210	0.197131
0.149488	0.275806
0.095888	0.174995
0.202477	1.388991
0.090101	0.241471
0.086123	0.300140
0.151892	0.270368
0.119660	0.339236
0.076864	0.115680
0.134888	0.285289
0.133891	0.333389
0.173942	0.218297
0.122184	0.306683
0.199871	0.482688
0.110543	0.270276
0.096192	0.136111
0.137098	0.217300
0.145139	0.195937
0.157557	0.239487
0.145411	0.157771
0.171184	0.299571
0.164807	0.315605
0.104378	0.144042
0.190131	0.145450
0.189750	0.243829
0.139095	0.118231
0.093030	0.123729
0.123483	0.312412
0.112119	0.153042
0.151934	0.186119
0.171764	0.195811
0.201162	0.189092
0.227195	0.345336
0.202087	0.318287
0.150347	0.160119
0.155168	0.508176
0.076547	0.195195
0.252594	0.684530
0.218478	0.344103
0.152413	0.352074
0.092006	0.229095
0.135779	0.356420
0.082971	0.192493
0.140036	0.560843
0.168061	0.334442
0.156440	0.266730
0.237872	0.311612
0.215393	0.154006
0.185628	0.942991
0.106761	0.347507
0.067765	0.114185
0.117683	0.475439
0.124816	0.190968
0.180747	0.259372
0.075034	0.102422
0.143259	0.179791
0.190164	0.211082
0.229787	0.329745
0.247264	0.749209
0.158723	0.105551
0.225619	0.252694
0.087187	0.114650
0.147426	0.335394
0.156505	0.723836
0.097590	0.182005
0.092582	0.095360
0.097128	0.134037
0.156241	0.298419
0.349839	1.404602
0.081468	0.114463
0.122238	0.250587
0.143913	0.163342
0.064623	0.093056
0.111931	0.214908
0.174584	0.159745
0.149617	0.329905
0.177068	0.269144
0.119562	0.338959
0.145081	0.367054
0.098862	0.147798
0.108002	0.102602
0.226110	0.471439
0.149052	0.550003
0.106361	0.205277
0.097521	0.142869
0.166886	0.251164
0.146813	0.159292
0.144878	0.357124
0.096904	0.107563
0.140213	0.259393
0.154837	0.158708
0.152702	0.536747
0.121100	0.234329
0.146734	0.253117
0.114034	0.204691
0.155257	0.344670
0.131946	0.277746
0.155915	0.406159
0.153216	0.177731
0.121052	0.166447
0.214809	0.302880
0.169752	0.157021
0.260518	0.858405
0.169982	0.144485
0.338466	0.935859
0.145821	0.171340
0.117630	0.116454
0.141162	0.152455
0.147971	0.503100
0.189881	0.626606
0.132570	0.206809
0.157251	0.276761
0.151071	0.098952
0.184281	0.187966
0.288486	0.375032
0.170950	0.149581
0.157490	0.143316
0.233922	0.723989
0.110146	0.078754
0.196867	0.229350
0.103732	0.091284
0.227157	0.185133
0.237094	0.181377
0.106237	0.097738
0.330096	1.001843
0.140067	0.099448
0.227315	0.412577
0.158988	0.233712
0.218581	0.280877
0.237592	0.307682
0.165136	0.141192
0.123432	0.177125
0.113436	0.189438
0.077647	0.084247
0.162013	0.174164
0.303508	0.434016
0.131829	0.094917
0.223141	0.185207
0.159553	0.252892
0.215353	0.236889
0.135619	0.153928
0.284263	0.500303
0.139475	0.244779
0.159066	0.134411
0.239306	0.253664
0.186476	0.743106
0.186311	0.203079
0.165341	0.308361
0.224928	0.273288
0.117426	0.198449
0.223740	0.621996
0.201885	0.226111
0.123988	0.135147
0.103672	0.108856
0.169499	0.271198
0.164617	0.260095
0.121249	0.107305
0.138754	0.223394
0.128938	0.131516
0.126585	0.141142
0.233929	0.724011
0.187094	0.247899
0.168288	0.242335
0.197976	0.254399
0.301287	0.329909
0.174617	0.360585
0.205814	0.205814
0.324681	0.504879
0.350084	1.342570
0.198894	0.182983
0.211370	0.362500
0.182973	0.146378
0.192691	0.572292
0.151206	0.147426
0.111406	0.095809
0.221296	0.234574
0.177028	0.252264
0.100320	0.123896
0.177358	0.354716
0.083483	0.185750
0.189402	0.393008
0.174310	0.283254
0.162425	0.185165
0.142148	0.499651
0.066194	0.198581
0.109066	0.263395
0.189862	0.354093
0.098749	0.117018
0.124367	0.149240
0.136943	0.162963
0.132564	0.233975
0.055659	0.134415
0.186169	1.360895
0.137012	0.250047
0.209245	0.664352
0.069918	0.150325
0.099009	0.161385
0.059547	0.152441
0.135659	0.154651
0.119388	0.145654
0.112988	0.327664
0.101945	0.154446
0.095272	0.217696
0.089221	0.153460
0.142678	0.313891
0.158129	0.234030
0.080579	0.143028
0.143732	0.242906
0.126757	0.235768
0.116267	0.310434
0.093658	0.145170
0.117932	0.223482
0.080099	0.122152
0.080554	0.098276
0.110992	0.265825
0.154367	0.187556
0.086779	0.112379
0.190678	0.352755
0.072265	0.109843
0.177329	0.265994
0.091480	0.399770
0.121291	0.579770
0.132787	0.162664
0.099456	0.176038
0.103167	0.166614
0.069309	0.108815
0.090035	0.182770
0.076504	0.149947
0.110439	0.138601
0.169710	0.225714
0.128320	0.184781
0.134393	0.138425
0.062118	0.093177
0.071022	0.110794
0.168471	0.991453
0.186759	1.011302
0.085442	0.219158
0.045632	0.119556
0.059171	0.184911
0.049473	0.097215
0.094551	0.242525
0.064203	0.113960
0.085495	0.223570
0.092948	0.135239
0.078048	0.181852
0.167381	0.441049
0.090923	0.206396
0.053038	0.101832
0.172849	0.462372
0.161028	0.352652
0.163169	0.208856
0.183946	0.329263
0.091335	0.124216
0.070844	0.184902
0.155362	0.178666
0.122624	0.155732
0.164455	0.453074
0.199113	0.264820
0.102558	0.240498
0.186720	0.194189
0.069784	0.137475
0.184238	0.467044
0.190070	0.213829
0.197401	0.318803
0.138029	0.359565
0.109908	0.204429
0.086571	0.154529
0.034655	0.081267
0.090147	0.245199
0.134444	0.640628
0.076420	0.141377
0.141587	0.160701
0.098399	0.233205
0.111594	0.239928
0.072554	0.157442
0.143772	0.469414
0.115450	0.466420
0.123234	0.152811
0.066808	0.094533
0.166466	1.260146
0.182457	0.813760
0.118649	0.146531
0.141743	0.150247
0.128361	0.268917
0.139342	0.779618
0.157443	0.496732
0.096435	0.197692
0.170115	0.456760
0.139768	0.287224
0.118933	0.207538
0.107401	0.207285
0.201076	0.430304
0.155834	0.198689
0.169097	0.169943
0.167142	0.206421
0.166084	0.385316
0.114688	0.132465
0.152606	0.256379
0.113246	0.204410
0.119996	0.167995
0.162212	0.648847
0.179426	0.759870
0.316710	1.369770
0.143113	0.288372
0.158648	0.175306
0.167484	0.370976
0.173922	0.204359
0.086278	0.151850
0.144911	0.249972
0.096385	0.139758
0.075618	0.111915
0.084167	0.165808
0.087945	0.234375
0.090324	0.200067
0.036234	0.115769
0.107644	0.120561
0.090057	0.129232
0.230804	0.496230
0.170553	0.120240
0.109175	0.085156
0.182797	0.227582
0.125380	0.142307
0.098487	0.262962
0.183729	0.238848
0.101957	0.190660
0.071521	0.118367
0.119385	0.131324
0.059223	0.085280
0.067147	0.183646
0.068104	0.095005
0.062922	0.119866
0.116527	0.223732
0.073315	0.205649
0.089350	0.186295
0.179192	0.392431
0.118966	0.342622
0.088892	0.146672
0.074876	0.110442
0.178083	0.207467
0.095109	0.243480
0.143315	0.319593
0.171636	0.255737
0.093429	0.210683
0.094411	0.126983
0.109624	0.298726
0.061439	0.113047
0.067870	0.178160
0.066187	0.151898
0.101862	0.185897
0.144918	0.221724
0.049311	0.116373
0.076601	0.181161
0.111475	0.419702
0.050214	0.426819
0.130537	0.255200
0.281669	0.594321
0.190364	0.541585
0.173039	0.169578
0.120570	0.179649
0.124119	0.214726
0.143385	0.160591
0.058979	0.090828
0.125934	0.232349
0.112070	0.197804
0.272344	0.590987
0.211636	0.161902
0.099765	0.148650
0.143675	0.506456
0.067631	0.085892
0.139216	0.319502
0.121855	0.206544
0.157665	0.364207
0.161164	0.200649
0.129360	0.345390
0.098976	0.114317
0.092177	0.093559
0.104634	0.139163
0.154508	0.213994
0.096112	0.100918
0.219118	0.324295
0.193959	0.145469
0.212260	0.331125
0.269067	0.168167
0.249600	0.255839
0.288086	0.628027
0.213927	0.125148
0.208744	0.198307
0.232794	0.306124
0.152923	0.097106
0.328031	0.234542
0.217544	0.133790
0.181972	0.167414
0.263503	0.463765
0.134247	0.130219
0.181935	0.524883
0.219470	0.312745
0.231451	0.355278
0.270381	0.200082
0.131748	0.138994
0.180815	0.280263
0.223212	0.186382
0.165878	0.229741
0.245708	1.229767
0.170079	0.158174
0.116686	0.171528
0.156590	0.637320
0.097400	0.163633
0.231311	0.536641
0.325424	1.130849
0.127945	0.145218
0.320498	0.442287
0.316984	1.065065
0.138334	0.134184
0.143988	0.123830
0.118933	0.117744
0.250061	0.235057
0.186049	0.139537
0.138336	0.206812
0.227616	0.401742
0.107979	0.102580
0.287502	0.375190
0.126077	0.099601
0.139741	0.099914
0.256386	0.312791
0.151238	0.167874
0.234666	0.212373
0.122205	0.137481
0.123739	0.183753
0.209060	0.357492
0.109950	0.169323
0.095412	0.102568
0.175272	0.181406
0.143786	0.152413
0.245270	0.322531
0.201576	0.314459
0.137780	0.259716
0.099960	0.239405
0.078877	0.119498
0.096001	0.239043
0.218864	0.894059
0.165071	0.460547
0.097653	0.195305
0.132868	0.146154
0.204681	0.212868
0.192589	0.249402
0.127276	0.122185
0.177415	0.193382
0.186398	0.366272
0.209865	0.693605
0.119250	0.232538
0.186908	0.517736
0.135060	0.195838
0.149428	0.257763
0.123481	0.221649
0.140617	0.288265
0.211542	0.426257
0.121230	0.172146
0.274057	0.953719
0.086266	0.191080
0.104393	0.309002
0.082211	0.163600
0.234577	0.692002
0.149773	0.386415
0.188630	0.577208
0.257578	0.859023
0.171459	0.354064
0.114941	0.247123
0.133726	0.260766
0.170944	0.176072
0.107083	0.104406
0.154224	0.141115
0.241520	1.257113
0.192645	0.206130
0.072610	0.110004
0.124816	0.308921
0.101374	0.175377
0.143567	0.310105
0.142623	0.214647
0.140800	0.346367
0.124941	0.135561
0.094317	0.136760
0.164190	0.541005
0.234880	0.380506
0.065220	0.123591
0.096151	0.137496
0.234877	0.194948
0.143522	0.228200
0.211326	0.506126
0.147239	0.231901
0.130427	0.131079
0.140472	0.207899
0.201906	0.182725
0.208838	0.335185
0.207276	0.558609
0.183285	0.249267
0.228099	0.315918
0.155235	0.532455
0.176984	0.357508
0.156793	0.798075
0.097980	0.126394
0.069651	0.089849
0.116161	0.336867
0.138892	0.177782
0.230738	1.326743
0.070771	0.081741
0.153560	0.134365
0.127250	0.162244
0.205210	0.211366
0.171238	0.321927
0.152505	0.205882
0.153357	0.522181
0.081263	0.143835
0.101454	0.157761
0.077415	0.118833
0.121053	0.216684
0.063497	0.094293
0.131462	0.201794
0.078394	0.162668
0.143592	0.183080
0.075096	0.101380
0.102110	0.338495
0.057633	0.086162
0.110662	0.236264
0.176549	0.249817
0.195045	0.298419
0.154930	0.253311
0.120325	0.194325
0.083788	0.199416
0.095743	0.143615
0.156217	0.415538
0.091252	0.159235
0.096528	0.297305
0.097562	0.254637
0.141623	0.193316
0.197474	0.140206
0.207237	0.247648
0.159710	0.095826
0.147013	0.472647
0.104686	0.164881
0.102860	0.237607
0.109203	0.202025
0.104358	0.200890
0.121086	0.287580
0.111305	0.209809
0.174688	0.362478
0.136037	0.268673
0.157898	0.446063
0.154586	0.767521
0.173813	0.185980
0.125152	0.219642
0.128147	0.408789
0.220304	1.196251
0.188601	0.749689
0.152963	0.313573
0.129313	0.235351
0.074300	0.179434
0.103375	0.246032
0.093105	0.154554
0.108730	0.189191
0.146782	0.984911
0.077781	0.201453
0.090385	0.152750
0.040236	0.101394
0.135979	0.280796
0.132719	0.195096
0.073245	0.226328
0.070658	0.235645
0.141407	0.213525
0.074823	0.089040
0.061778	0.138692
0.138285	0.185993
0.069272	0.095248
0.076771	0.153542
0.103683	0.249358
0.105484	0.160336
0.099712	0.290162
0.102450	0.375481
0.079056	0.317410
0.171843	0.426170
0.178090	0.320563
0.084273	0.115875
0.112051	0.178161
0.136292	0.175816
0.132699	0.426627
0.063868	0.126458
0.098914	0.147382
0.071133	0.280620
0.131456	0.274086
0.102772	0.127438
0.138021	0.178047
0.102002	0.217264
0.158945	0.576177
0.132080	0.551434
0.065420	0.093878
0.086205	0.159911
0.087176	0.140789
0.129440	0.233639
0.149083	0.319038
0.154760	0.194997
0.146485	0.145753
0.118370	0.194126
0.058850	0.087687
0.079848	0.135342
0.129849	0.203863
0.087082	0.306964
0.118270	0.163804
0.072424	0.115154
0.114699	0.193268
0.082860	0.125533
0.148896	0.218878
0.089791	0.191255
0.196638	0.447353
0.140025	0.340260
0.138239	0.228786
0.117765	0.352118
0.182620	0.258407
0.164300	0.328600
0.101740	0.193306
0.083134	0.099346
0.092980	0.125058
0.099439	0.213793
0.141830	0.136866
0.063250	0.101517
0.166183	0.363941
0.260726	0.982936
0.121461	0.254461
0.230736	1.086765
0.128492	0.447795
0.202316	0.402609
0.114007	0.359121
0.111504	0.333955
0.090847	0.281172
0.152191	0.359932
0.109651	0.183665
0.139845	0.248225
0.166788	0.838108
0.136003	0.192444
0.136914	0.473036
0.114919	0.194788
0.122622	0.165539
0.099554	0.135891
0.108017	0.393180
0.112074	0.284667
0.111977	0.174125
0.127301	0.215775
0.094721	0.181864
0.144862	0.329562
0.147806	0.196581
0.095492	0.128914
0.127518	0.201479
0.173948	0.295712
0.096792	0.099696
0.097681	0.184129
0.062816	0.138509
0.101133	0.126416
0.077260	0.082668
0.125558	0.187709
0.096855	0.118163
0.130729	0.219624
0.174801	0.247344
0.136431	0.281731
0.112507	0.166511
0.113223	0.180024
0.120326	0.307432
0.088225	0.097047
0.117017	0.338766
0.202198	0.404396
0.114584	0.182761
0.141219	0.309975
0.159287	0.187162
0.221937	0.954331
0.165724	0.276759
0.162316	0.431761
0.132801	0.292825
0.125791	0.169189
0.141978	0.401797
0.095013	0.360101
0.054489	0.192892
0.095714	0.169414
0.036856	0.173590
0.048984	0.199856
0.101106	0.259841
0.155437	0.451543
0.124326	0.412141
0.110222	0.171947
0.161883	0.518836
0.089758	0.200609
0.111324	0.130806
0.162784	0.539630
0.193114	1.285177
0.053819	0.125398
0.062225	0.214055
0.066597	0.210447
0.074681	0.140773
0.068183	0.129207
0.131949	0.316019
0.136041	0.274122
0.142627	0.201104
0.129878	0.225988
0.110735	0.177729
0.072417	0.132161
0.191055	0.951454
0.173306	0.130846
0.141777	0.185728
0.138177	0.253554
0.123848	0.146760
0.107460	0.220831
0.107074	0.312655
0.146182	0.186382
0.242272	0.413074
0.142788	0.174201
0.249480	1.185032
0.167057	0.187939
0.158508	0.224289
0.184052	0.171169
0.170584	0.408550
0.158557	0.200574
0.077042	0.154854
0.117742	0.250202
0.100114	0.164687
0.152964	0.260803
0.092317	0.275565
0.094584	0.281388
0.091090	0.132992
0.170255	0.202604
0.146187	0.475838
0.138209	0.225971
0.094172	0.189286
0.113777	0.199109
0.146380	0.278121
0.169215	0.281742
0.335704	0.800653
0.276038	0.568638
0.226295	0.285132
0.133260	0.102610
0.241539	0.353854
0.196312	0.212999
0.167407	0.264504
0.183088	0.681087
0.251967	0.323778
0.166848	0.366231
0.264284	1.124529
0.272936	0.524037
0.168338	0.313109
0.135839	0.311751
0.137707	0.438596
0.082893	0.158739
0.082644	0.126858
0.165999	0.402547
0.167391	0.498824
0.088301	0.139956
0.058966	0.095820
0.157868	0.281005
0.061914	0.090704
0.107994	0.176570
0.080464	0.227311
0.120546	0.155504
0.089197	0.241277
0.091158	0.295807
0.051126	0.148265
0.124415	0.291754
0.109763	0.134459
0.106083	0.143212
0.180955	0.317575
0.247867	0.879930
0.085354	0.203143
0.158596	0.199830
0.134010	0.186943
0.126902	0.281723
0.148904	0.524887
0.183540	0.504735
0.172424	0.348297
0.106461	0.216648
0.071295	0.157918
0.143937	0.120907
0.211982	1.345029
0.101504	0.200978
0.152288	0.258128
0.086618	0.336511
0.118245	0.386663
0.119321	0.217761
0.064509	0.109665
0.066745	0.181546
0.105433	0.235643
0.082338	0.168382
0.074624	0.267528
0.095103	0.501666
0.092048	0.240245
0.153695	0.174444
0.154893	0.415113
0.126101	0.157627
0.162999	0.249389
0.179544	0.274703
0.171565	0.439205
0.086616	0.164571
0.102515	0.182477
0.133705	0.274096
0.136245	0.413505
0.190525	0.471549
0.105921	0.131342
0.145654	0.305873
0.140245	0.124818
0.212507	2.689273
0.177005	0.527474
0.174646	0.829569
0.112121	0.299924
0.108589	0.361058
0.106823	0.151689
0.097227	0.184731
0.139497	0.355019
0.111178	0.222355
0.130392	0.284255
0.088842	0.151476
0.110260	0.249739
0.115756	0.254084
0.144808	0.283824
0.218363	1.146407
0.153271	0.276654
0.121841	0.329580
0.157932	0.377457
0.093447	0.123818
0.121273	0.279534
0.202281	1.289541
0.175543	0.402872
0.080601	0.193846
0.114826	0.319790
0.090734	0.217307
0.079854	0.149726
0.053972	0.087435
0.127824	0.311251
0.110090	0.563112
0.093683	0.173314
0.058390	0.084666
0.069359	0.134903
0.066109	0.097181
0.062500	0.099999
0.120740	0.280116
0.118806	0.967672
0.063413	0.145533
0.114801	0.215253
0.086060	0.347251
0.129777	0.133670
0.125099	0.296485
0.083424	0.213984
0.134814	0.170540
0.105422	0.140739
0.188374	0.269375
0.121649	0.247557
0.153440	0.241668
0.182229	0.219587
0.140102	0.329239
0.121079	0.173748
0.136467	0.357545
0.159498	0.164283
0.117240	0.178205
0.122583	0.156294
0.147653	0.205238
0.116117	0.129470
0.069213	0.106242
0.143435	0.348546
0.113321	0.304267
0.134837	0.299339
0.134124	0.171679
0.129192	0.166011
0.087919	0.122648
0.137259	0.141377
0.085202	0.140584
0.081938	0.239259
0.124441	0.261327
0.163771	0.191612
0.166439	0.233015
0.091227	0.191577
0.103917	0.128857
0.085354	0.173696
0.145536	0.198656
0.068120	0.077998
0.104006	0.157570
0.110792	0.211613
0.194606	0.862106
0.147340	0.305730
0.088648	0.173750
0.133617	0.152992
0.132243	0.274404
0.124078	0.146412
0.176371	0.361560
0.187935	0.287540
0.214984	1.187787
0.178161	0.417788
0.165059	0.289678
0.172488	0.306166
0.084734	0.092784
0.164297	0.520820
0.203671	1.032614
0.114858	0.191812
0.074990	0.102362
0.093563	0.114147
0.082079	0.294664
0.095495	0.097405
0.149732	0.248554
0.170798	0.263029
0.123544	0.134045
0.135840	0.311753
0.112661	0.175751
0.232391	0.151054
0.188019	0.191779
0.187073	0.303058
0.121131	0.133850
0.101028	0.119213
0.120548	0.095835
0.115681	0.113368
0.170318	0.316791
0.199029	0.198034
0.136237	0.188008
0.171285	0.095063
0.341815	1.315989
0.143099	0.238975
0.256153	0.943923
0.138920	0.178512
0.125218	0.247931
0.189589	0.543172
0.096327	0.106923
0.174998	0.258122
0.115933	0.125208
0.159891	0.139904
0.129670	0.219790
0.115092	0.162855
0.135521	0.307633
0.160078	0.306550
0.160307	0.327829
0.108073	0.118340
0.229476	0.306350
0.149538	0.411979
0.145888	0.248739
0.147096	0.572939
0.159220	0.486418
0.096550	0.165583
0.115039	0.295650
0.114462	0.376579
0.116180	0.127217
0.212780	0.576633
0.101765	0.272729
0.081130	0.102223
0.103313	0.182347
0.150730	0.186151
0.088101	0.215406
0.119108	0.147098
0.083730	0.102570
0.057501	0.085964
0.104664	0.141820
0.153963	0.444952
0.109840	0.254828
0.090886	0.114971
0.097092	0.169426
0.069371	0.107872
0.131936	0.278385
0.150056	0.300112
0.128253	0.132101
0.106406	0.317623
0.151249	0.305524
0.147751	0.229753
0.180331	0.849361
0.157890	0.164205
0.105567	0.135126
0.177905	0.278421
0.145436	0.226153
0.158517	0.298804
0.203514	0.335798
0.142990	0.265247
0.116019	0.094556
0.262242	0.152101
0.122334	0.098479
0.157766	0.352608
0.239890	0.604522
0.151900	0.566587
0.131318	0.191725
0.213784	0.184923
0.183714	0.239747
0.325620	0.371207
0.293353	0.356424
0.248578	0.177734
0.335815	0.255219
0.195528	0.168154
0.194968	0.200817
0.274193	0.146693
0.316573	0.329236
0.188101	0.199387
0.170238	0.128529
0.206433	0.423188
0.148519	0.149262
0.132185	0.099139
0.154529	0.148347
0.173068	0.311523
0.203920	0.220234
0.209326	1.036163
0.222103	0.324271
0.150637	0.170973
0.210299	0.231329
0.173234	0.217409
0.172541	0.169953
0.132401	0.168812
0.177056	0.223091
0.239200	0.261924
0.137519	0.185651
0.120313	0.231602
0.104210	0.107336
0.122736	0.109849
0.188156	0.483561
0.195382	0.262788
0.151099	0.220604
0.206008	0.189527
0.114166	0.081629
0.236888	0.403894
0.219377	0.334550
0.131151	0.103609
0.204060	0.284664
0.216794	0.799970
0.147818	0.106429
0.098508	0.104911
0.130865	0.172087
0.159410	0.222376
0.193309	0.262900
0.165425	0.207608
0.205333	0.351120
0.118913	0.139128
0.245790	0.956121
0.150840	0.131231
0.192008	0.188168
0.281980	0.390542
0.113621	0.121574
0.110422	0.141892
0.260306	0.489376
0.137261	0.201774
0.162058	0.388128
0.168713	0.296091
0.292218	0.225008
0.262955	0.874327
0.083959	0.091936
0.113411	0.142898
0.102576	0.101550
0.156049	0.225491
0.138758	0.200505
0.219657	0.319602
0.211015	0.305971
0.241813	0.808864
0.178719	0.249312
0.179589	0.238853
0.186789	0.339023
0.131437	0.224099
0.213630	0.358898
0.186972	0.303829
0.205125	0.318969
0.217155	0.247557
0.098802	0.106706
0.142844	0.162128
0.171561	0.268493
0.118717	0.128808
0.211388	0.762052
0.152658	0.232803
0.189674	0.294943
0.115179	0.241300
0.123563	0.278635
0.201594	0.677355
0.119279	0.142538
0.156652	0.459774
0.182955	0.137216
0.193485	0.192517
0.145843	0.183033
0.159956	0.279923
0.171045	0.435309
0.222442	0.995427
0.115079	0.300356
0.145451	0.143269
0.188327	0.337105
0.142955	0.287339
0.244830	0.295021
0.323663	0.390014
0.142420	0.188707
0.143210	0.167556
0.200364	0.178324
0.124937	0.133683
0.212973	0.153341
0.137958	0.273157
0.192568	0.153091
0.248218	0.166306
0.191339	0.496524
0.254022	0.213378
0.289332	0.332732
0.232040	0.560376
0.138879	0.147212
0.105809	0.080944
0.243094	0.352486
0.237779	0.219945
0.231064	0.162900
0.213198	0.202538
0.399146	0.808271
0.235419	0.091813
0.336953	0.614939
0.233468	0.671221
0.259409	0.591452
0.185982	0.200861
0.190826	0.319633
0.181261	0.124164
0.270230	0.135115
0.167830	0.257619
0.218209	0.643717
0.156800	0.392000
0.173660	0.415049
0.169134	0.317973
0.144410	0.215893
0.098989	0.092060
0.148703	0.131602
0.077025	0.093586
0.152901	0.213297
0.134768	0.280991
0.098726	0.144634
0.157333	0.136880
0.209976	0.284517
0.197126	0.172486
0.120552	0.109100
0.113401	0.099793
0.142564	0.235230
0.165272	0.261955
0.139058	0.347645
0.154843	0.217555
0.162197	0.259515
0.230488	0.216659
0.106132	0.088620
0.115368	0.124597
0.155731	0.320806
0.158328	0.355447
0.067447	0.298789
0.167200	0.187264
0.151793	0.352159
0.127110	0.148083
0.126851	0.287317
0.167187	0.216507
0.133476	0.171517
0.121003	0.154884
0.156515	0.122864
0.301453	0.893808
0.153504	0.216441
0.225879	1.514517
0.092398	0.123351
0.196777	0.291230
0.155967	0.250328
0.213032	0.389848
0.093536	0.147319
0.121715	0.130844
0.189541	0.196175
0.098760	0.128881
0.178815	0.450614
0.096778	0.091939
0.095192	0.197523
0.165142	0.689469
0.114136	0.167209
0.215979	0.749446
0.176697	0.173163
0.133566	0.440100
0.113449	0.261500
0.134658	0.342032
0.104014	0.112856
0.151891	0.190623
0.132080	0.396901
0.152602	0.714943
0.102450	0.196192
0.090901	0.176803
0.209180	0.293899
0.155850	0.248581
0.171973	0.493562
0.162216	0.442850
0.098401	0.173678
0.122340	0.210424
0.129414	0.165003
0.146713	0.399793
0.109485	0.269881
0.086640	0.213568
0.127011	0.195596
0.109641	0.336597
0.104681	0.137133
0.102487	0.157829
0.110375	0.226269
0.220375	0.455075
0.112393	0.223662
0.133287	0.198598
0.092936	0.202601
0.131049	0.342693
0.106704	0.133914
0.088643	0.290306
0.075914	0.132471
0.112328	0.245437
0.145024	0.408966
0.072967	0.105072
0.081025	0.126398
0.089064	0.150072
0.358616	0.751300
0.192965	0.449609
0.162160	0.232699
0.123437	0.175898
0.200219	0.217238
0.207272	0.171000
0.120730	0.115297
0.232782	0.499318
0.129089	0.167170
0.196065	0.267629
0.310683	0.958458
0.240796	0.479183
0.189716	0.318723
0.317309	1.887987
0.172034	0.157411
0.187713	0.245904
0.138107	0.158823
0.154905	0.362478
0.123311	0.128244
0.155198	0.270045
0.093223	0.116529
0.157120	0.350377
0.145984	0.174450
0.114477	0.281042
0.184965	0.329238
0.108909	0.140493
0.168985	0.233200
0.221108	0.194575
0.226258	0.169693
0.327332	1.194761
0.170974	0.247913
0.096098	0.155198
0.191192	0.752340
0.182689	0.203698
0.124737	0.129727
0.183570	0.484626
0.167916	0.268666
0.171961	0.199475
0.156759	0.436573
0.089461	0.148953
0.130928	0.302443
0.084146	0.115700
0.165969	0.625704
0.082102	0.305418
0.144378	0.488720
0.181446	0.430026
0.075089	0.171203
0.141119	0.162287
0.153126	0.548192
0.083142	0.137184
0.140945	0.266386
0.145624	0.259939
0.204213	0.663691
0.169090	0.449780
0.155550	0.341433
0.219930	0.295806
0.187411	0.164922
0.125804	0.163545
0.173852	0.352919
0.139985	0.339464
0.134053	0.293576
0.131270	0.110923
0.087707	0.144717
0.060375	0.126485
0.120625	0.274423
0.083089	0.414198
0.131726	0.327998
0.104433	0.247507
0.114122	0.197430
0.124133	0.400327
0.063833	0.186711
0.148004	0.541693
0.087575	0.185220
0.077623	0.768860
0.093934	0.190685
0.056702	0.138637
0.109952	0.474993
0.089825	0.162135
0.088328	0.212429
0.074528	0.178495
0.172888	0.348369
0.094891	0.303650
0.115688	0.487623
0.081574	0.182319
0.099550	0.218014
0.076999	0.273345
0.095156	0.153677
0.068898	0.168799
0.054997	0.153992
0.148185	1.006177
0.086467	0.138780
0.116020	0.308612
0.067292	0.122135
0.146095	0.240326
0.141155	0.547682
0.121656	0.108882
0.107664	0.179260
0.105729	0.127403
0.094620	0.166059
0.181905	1.776304
0.104757	0.186991
0.097741	0.174956
0.113920	0.103097
0.203951	0.433395
0.146946	0.121965
0.188647	0.489539
0.177700	0.307421
0.347752	0.474682
0.148982	0.338933
0.219448	0.280893
0.205353	0.220755
0.131405	0.139947
0.078150	0.131683
0.102210	0.225373
0.150646	0.469264
0.084044	0.092448
0.093945	0.138569
0.085163	0.115396
0.107421	0.188524
0.145320	0.256489
0.116611	0.722988
0.101830	0.343167
0.112506	0.195760
0.073260	0.077289
0.105909	0.126031
0.179568	0.713783
0.149489	0.200316
0.171168	0.282428
0.074078	0.097782
0.070168	0.115076
0.097692	0.127489
0.087214	0.163091
0.104005	0.144566
0.141181	0.171535
0.142296	0.400564
0.085618	0.101886
0.075399	0.210363
0.066963	0.127564
0.078438	0.172955
0.089240	0.134752
0.113555	0.200424
0.099041	0.150542
0.148356	0.256655
0.082800	0.104742
0.133765	0.233421
0.111018	0.164862
0.095402	0.088247
0.121243	0.154584
0.168083	0.334485
0.126104	0.202397
0.118350	0.518964
0.116677	0.196600
0.123535	0.240276
0.068532	0.153854
0.099097	0.258644
0.079512	0.176119
0.086318	0.159257
0.136894	0.392886
0.121200	0.241188
0.028510	0.085529
0.084425	0.253698
0.097127	0.232134
0.090695	0.351897
0.091978	0.269956
0.077065	0.329451
0.068988	0.140390
0.136400	0.395560
0.156738	0.459241
0.142190	0.206175
0.064526	0.140667
0.120997	0.422883
0.079996	0.226787
0.114831	0.222198
0.098122	0.231567
0.051174	0.134587
0.094729	0.215034
0.058825	0.227653
0.098492	0.193045
0.179838	0.374962
0.102050	0.246450
0.146874	0.317249
0.150685	0.529656
0.165419	0.262189
0.138773	0.114487
0.171470	0.634437
0.177033	0.430190
0.155574	0.581070
0.105119	0.111952
0.183627	0.239633
0.227708	0.333592
0.181336	0.417980
0.177606	0.243321
0.143374	0.169899
0.139825	0.110462
0.169263	0.259818
0.151043	0.410081
0.131195	0.212536
0.077765	0.106926
0.149973	0.242955
0.101412	0.132343
0.087447	0.095317
0.145231	0.167016
0.069462	0.149344
0.181290	0.847529
0.093148	0.255690
0.104683	0.143939
0.103313	0.174598
0.112797	0.194575
0.105577	0.279779
0.100008	0.222018
0.140444	0.188898
0.051335	0.124745
0.078276	0.159683
0.144810	0.934748
0.057643	0.304931
0.061704	0.146239
0.108989	0.420152
0.129645	0.334484
0.041068	0.081725
0.081420	0.179531
0.190539	0.364882
0.157744	0.269742
0.130397	0.200812
0.091373	0.139345
0.081292	0.092673
0.175798	0.549367
0.086260	0.203573
0.120888	0.177706
0.073347	0.111488
0.113453	0.334686
0.072961	0.090107
0.164348	0.660678
0.150486	0.216700
0.070187	0.250567
0.072417	0.114057
0.165193	0.524487
0.239332	1.009980
0.084031	0.143272
0.118805	0.125933
0.079516	0.135575
0.060277	0.111210
0.083397	0.195565
0.087500	0.145249
0.168634	0.368465
0.104591	0.193493
0.079790	0.104126
0.119633	0.346935
0.288573	1.184594
0.087419	0.382895
0.045192	0.113658
0.107943	0.311416
0.103025	0.256533
0.114690	0.231673
0.062395	0.111686
0.065838	0.123776
0.118746	0.273710
0.103597	0.191654
0.127017	0.309288
0.076012	0.196491
0.131565	0.139459
0.136410	0.186881
0.060639	0.099751
0.131573	0.721678
0.105046	0.138660
0.149601	0.362783
0.112586	0.135667
0.125456	0.254675
0.145634	0.254132
0.168408	1.253795
0.129067	0.306535
0.081441	0.239844
0.158254	0.318881
0.103836	0.294893
0.078181	0.121962
0.108678	0.162473
0.104592	0.166824
0.101745	0.258941
0.125805	0.289351
0.060635	0.189788
0.109257	0.146404
0.050674	0.147462
0.064213	0.220572
0.028413	0.206707
0.080578	0.183315
0.043710	0.144024
0.094881	0.194980
0.149010	0.181047
0.279959	2.919968
0.265203	0.303657
0.192512	0.432189
0.289933	0.746576
0.337278	0.347397
0.139920	0.156710
0.245274	0.466020
0.067234	0.144216
0.136070	0.772880
0.103757	0.215295
0.105053	0.211157
0.170643	0.243167
0.090097	0.172987
0.110766	0.507310
0.105571	0.323576
0.115148	0.202086
0.081063	0.253728
0.052265	0.125175
0.089105	0.341273
0.145163	0.366537
0.206521	0.563804
0.152507	0.327890
0.147941	0.281088
0.087216	0.192311
0.127975	0.426798
0.073557	0.103715
0.091143	0.127145
0.189482	0.492653
0.148350	0.342688
0.179864	0.190656
0.131838	0.145681
0.148807	0.209817
0.153618	0.291106
0.129249	0.308258
0.235038	0.674559
0.173370	0.179438
0.120130	0.245666
0.118349	0.221312
0.134071	0.328473
0.324739	0.592649
0.140898	0.207825
0.137582	0.272412
0.170952	0.712868
0.156977	0.174245
0.126539	0.155643
0.097998	0.189136
0.091930	0.184779
0.130287	0.194127
0.238761	1.144860
0.127473	0.193121
0.109039	0.243702
0.078550	0.105256
0.096742	0.276200
0.204775	0.368595
0.106107	0.307711
0.169128	0.379693
0.156713	0.390216
0.098968	0.130142
0.106553	0.160363
0.110706	0.287836
0.117601	0.265189
0.084952	0.219600
0.069255	0.130892
0.088245	0.219731
0.066887	0.189289
0.074028	0.208759
0.116142	0.185247
0.081651	0.208619
0.063072	0.127406
0.125334	0.289521
0.094193	0.154948
0.127047	0.193111
0.129117	0.190448
0.148685	0.268376
0.135856	0.208539
0.103674	0.264369
0.134656	0.141389
0.107321	0.282792
0.108366	0.241655
0.165950	0.464660
0.115703	0.109340
0.097030	0.134872
0.092145	0.145128
0.105724	0.177616
0.082104	0.161744
0.118666	0.272931
0.079725	0.095271
0.162528	1.006858
0.160837	0.182551
0.095460	0.165623
0.076388	0.132533
0.131307	0.121459
0.176840	0.498689
0.151541	0.165180
0.091728	0.097690
0.128958	0.146368
0.099699	0.123128
0.148109	0.254748
0.148146	0.410365
0.204458	0.713557
0.141417	0.224146
0.164165	0.380863
0.135766	0.173102
0.076050	0.131946
0.245544	1.490450
0.075444	0.121843
0.111567	0.165120
0.118288	0.233618
0.119718	0.210105
0.074930	0.193319
0.133481	0.539932
0.073873	0.241566
0.090536	0.234034
0.147527	1.287176
0.086903	0.189449
0.087210	0.195786
0.063948	0.154436
0.080677	0.154093
0.120075	0.523526
0.049359	0.126114
0.027812	0.116948
0.031502	0.134827
0.121275	0.194646
0.148297	0.173507
0.114152	0.192347
0.088498	0.149120
0.110403	0.254478
0.116822	0.195092
0.087464	0.143004
0.117614	0.308148
0.144456	0.329361
0.179034	0.322262
0.083336	0.182923
0.142980	0.245211
0.164459	0.163636
0.140985	0.175527
0.094896	0.092050
0.091581	0.245436
0.065696	0.186904
0.107325	0.244164
0.103747	0.423290
0.072326	0.193832
0.064388	0.131673
0.052914	0.094451
0.109936	0.295728
0.122866	0.403614
0.107849	0.133193
0.150010	0.173262
0.082868	0.128446
0.122781	0.241879
0.105964	0.200802
0.063932	0.110283
0.077281	0.120558
0.113560	0.469571
0.093143	0.282689
0.089836	0.369228
0.041260	0.188765
0.115576	0.174520
0.099902	0.251254
0.118015	0.339293
0.098062	0.227504
0.200276	0.997376
0.161409	0.372855
0.093701	0.098386
0.125887	0.356890
0.155456	0.555757
0.145967	0.154725
0.168251	0.267520
0.087570	0.113841
0.136814	0.191540
0.098688	0.187013
0.124621	0.530887
0.088316	0.147047
0.120189	0.277035
0.109445	0.280727
0.074871	0.178193
0.137080	0.151474
0.089172	0.210000
0.052653	0.102674
0.121952	0.309758
0.067033	0.129374
0.073975	0.117251
0.092961	0.220318
0.127680	0.584775
0.068073	0.160312
0.111913	0.360360
0.145005	0.426316
0.163172	0.832995
0.117371	0.134977
0.123563	0.249597
0.116337	0.242562
0.115328	0.301007
0.100610	0.253035
0.081701	0.186278
0.138020	0.204270
0.079182	0.096602
0.092758	0.189226
0.121511	0.171938
0.121697	0.212361
0.171168	0.314094
0.135638	0.278057
0.093056	0.130743
0.209848	0.408155
0.187965	0.187026
0.232824	0.343416
0.122599	0.113404
0.127027	0.203878
0.127927	0.283359
0.157351	0.188035
0.076772	0.077924
0.091787	0.085821
0.173528	0.302806
0.145154	0.436914
0.121209	0.113936
0.125721	0.220641
0.120844	0.190934
0.206707	1.227841
0.078870	0.123825
0.148216	0.219360
0.155528	0.490692
0.168767	0.232054
0.154239	0.252181
0.225273	0.215136
0.181199	0.197507
0.118057	0.171182
0.247451	0.618626
0.117671	0.184155
0.179108	0.325080
0.176591	0.196899
0.188410	0.438994
0.155656	0.299637
0.131499	0.189359
0.167503	0.325793
0.118390	0.150355
0.173534	0.285464
0.256632	0.347736
0.152776	0.188679
0.162676	0.488841
0.177629	0.293977
0.137673	0.106697
0.246053	0.237441
0.164501	0.334759
0.233178	0.246003
0.221893	0.145340
0.216910	0.183289
0.247899	0.383004
0.125960	0.161859
0.242724	0.236655
0.241699	0.465270
0.281627	0.260505
0.225591	0.196264
0.147733	0.152165
0.273815	0.531201
0.268357	0.963403
0.168595	0.358264
0.221355	0.128386
0.148155	0.121487
0.113708	0.198989
0.144466	0.283154
0.078247	0.105242
0.158035	0.123267
0.123865	0.102808
0.127097	0.163955
0.191096	0.356394
0.128397	0.208004
0.153303	0.322703
0.106054	0.157490
0.068764	0.171910
0.093043	0.113978
0.109123	0.175687
0.100540	0.208620
0.126294	0.200176
0.192308	0.497115
0.096456	0.127323
0.107413	0.122988
0.132718	0.171870
0.288375	0.377772
0.193438	0.215683
0.150560	0.116684
0.231595	0.397185
0.153223	0.142498
0.206977	0.208011
0.100470	0.104489
0.144723	0.211296
0.141084	0.184115
0.180142	0.290930
0.232094	0.341178
0.172010	0.239094
0.226172	0.474960
0.105297	0.122144
0.135134	0.212161
0.143658	0.164488
0.174027	0.320209
0.190049	0.274620
0.131931	0.124015
0.162516	0.219397
0.127338	0.250220
0.085829	0.152776
0.157936	0.563042
0.186182	0.220626
0.120069	0.226931
0.095280	0.171980
0.106249	0.139717
0.104177	0.201582
0.118133	0.116952
0.232198	0.299535
0.169965	0.173364
0.206536	0.371765
0.286586	1.609181
0.138409	0.148098
0.273406	0.395072
0.299079	0.574232
0.209039	0.625027
0.219889	0.405694
0.183956	0.347677
0.194601	0.415474
0.167007	0.252181
0.115494	0.163423
0.154040	0.311161
0.232756	0.229264
0.202286	0.208355
0.115790	0.131422
0.231461	0.290483
0.108828	0.110461
0.199493	0.169569
0.223852	0.368236
0.200043	0.295064
0.227442	0.436689
0.281646	0.287279
0.264522	0.208973
0.096348	0.105983
0.152441	0.269058
0.185413	0.184486
0.223092	1.165655
0.236065	0.362359
0.094592	0.091755
0.142957	0.173693
0.101864	0.173678
0.155328	0.109506
0.094656	0.162334
0.176370	0.429460
0.151665	0.614242
0.092285	0.168882
0.086656	0.236571
0.064031	0.403714
0.119666	1.270853
0.078433	0.130199
0.099029	0.253020
0.096974	0.274436
0.061241	0.093393
0.124518	0.493715
0.080241	0.164896
0.083250	0.255578
0.171554	0.328527
0.145640	0.617513
0.174058	0.205388
0.182684	0.212827
0.170705	0.209114
0.125364	0.184285
0.148302	0.606553
0.210586	0.245332
0.134343	0.138374
0.120696	0.202770
0.064914	0.095749
0.112504	0.559710
0.104605	0.248438
0.133401	0.272805
0.083216	0.136474
0.101433	0.220109
0.064032	0.143753
0.122637	0.448852
0.086297	0.156630
0.089122	0.233946
0.046427	0.084730
0.096545	0.200330
0.059038	0.108039
0.095777	0.207836
0.102605	0.213931
0.079512	0.181685
0.235569	1.928129
0.127249	0.194692
0.120283	0.576755
0.100222	0.281623
0.132559	0.322782
0.085664	0.143915
0.182828	0.500035
0.183620	0.591256
0.117914	0.239366
0.088876	0.231523
0.182084	0.368719
0.261830	0.938660
0.258200	0.555130
0.113775	0.288420
0.176324	0.322673
0.234251	0.234251
0.074037	0.104022
0.106594	0.125248
0.141906	0.234144
0.139241	0.156646
0.177986	0.227823
0.216580	0.843577
0.095165	0.130376
0.118786	0.383083
0.159157	0.680396
0.069775	0.110594
0.088471	0.111916
0.192198	0.173939
0.172704	0.550925
0.146451	0.179402
0.114289	0.245722
0.142972	0.337415
0.127603	0.186300
0.058653	0.119359
0.085825	0.137319
0.129994	0.390631
0.079629	0.255212
0.048794	0.114665
0.079894	0.230493
0.069443	0.149302
0.083120	0.121355
0.109703	0.170588
0.087752	0.178138
0.097260	0.349648
0.093426	0.473202
0.079972	0.238718
0.081928	0.222024
0.086310	0.217932
0.076408	0.133331
0.099600	0.261451
0.111865	0.368595
0.097656	0.152832
0.155127	0.333523
0.091579	0.137827
0.195772	0.273102
0.180584	0.248303
0.078624	0.270861
0.138603	0.200975
0.142377	0.415740
0.064795	0.089417
0.151409	0.362625
0.103879	0.246193
0.136819	0.220279
0.187286	0.436375
0.093351	0.095685
0.191129	0.278093
0.176078	0.247389
0.214220	0.853666
0.127749	0.152021
0.226211	1.235113
0.149230	0.166391
0.119416	0.248982
0.064390	0.166771
0.118909	0.188470
0.132931	0.176799
0.099641	0.152949
0.222192	1.022085
0.201566	1.633689
0.121792	0.139452
0.114576	0.136346
0.117508	0.236192
0.137911	0.337881
0.061283	0.172205
0.108891	0.987642
0.066622	0.163224
0.137080	0.688828
0.096564	0.201337
0.078484	0.173842
0.189406	0.378813
0.169211	0.296965
0.121699	0.210540
0.182710	0.477787
0.107798	0.086238
0.128058	0.127418
0.149853	0.470540
0.138978	0.222365
0.083087	0.193592
0.149480	0.455913
0.082803	0.160638
0.098738	0.126384
0.049917	0.114560
0.070374	0.152008
0.101141	0.231107
0.106266	0.297545
0.077468	0.178564
0.141531	0.413270
0.061179	0.085650
0.122142	0.158784
0.052208	0.103371
0.074872	0.214133
0.147952	0.518570
0.123210	0.255661
0.146971	0.426951
0.102654	0.118052
0.150051	0.235580
0.084060	0.123148
0.117410	0.200184
0.126537	0.293567
0.138299	0.245481
0.189609	0.242700
0.081917	0.132295
0.111747	0.155888
0.078991	0.166275
0.123591	0.392401
0.066326	0.455993
0.106750	0.306905
0.110227	0.158727
0.093436	0.194815
0.092926	0.133348
0.142250	0.268853
0.182926	0.705181
0.071986	0.116258
0.091452	0.128490
0.135086	0.297864
0.100365	0.142017
0.154410	0.183748
0.177088	0.186828
0.078316	0.187566
0.166404	0.222981
0.171345	0.185053
0.128579	0.223727
0.159873	0.241409
0.166030	0.147766
0.087557	0.182557
0.098326	0.178462
0.118592	0.179667
0.090305	0.212218
0.080526	0.197692
0.090118	0.177081
0.111392	0.182126
0.069029	0.134261
0.112674	0.195490
0.077647	0.131224
0.154957	0.298292
0.080573	0.244137
0.101323	0.311063
0.061750	0.216433
0.124718	0.202667
0.081188	0.127466
0.107413	0.317407
0.125286	0.323237
0.116205	0.280634
0.108079	0.300461
0.144498	0.624953
0.093692	0.144286
0.100390	0.156107
0.151113	0.206269
0.163590	0.543937
0.143656	0.276538
0.235919	0.437629
0.106078	0.111912
0.128217	0.450683
0.149761	0.377399
0.125893	0.157367
0.151060	0.154837
0.105379	0.147530
0.191335	0.333880
0.120545	0.242898
0.166899	0.131850
0.126053	0.239501
0.159383	0.497276
0.116516	0.332652
0.129637	0.176307
0.113397	0.229629
0.136309	0.208553
0.123012	0.321062
0.110328	0.348635
0.078499	0.119711
0.070455	0.135626
0.108820	0.178464
0.086569	0.213393
0.095265	0.294370
0.106947	0.234215
0.103594	0.179218
0.127483	0.391373
0.086354	0.265107
0.109233	0.359921
0.092380	0.096075
0.141741	0.151663
0.172163	1.172430
0.201881	0.235192
0.170403	0.171255
0.143717	0.411032
0.099603	0.181278
0.217769	0.297254
0.119393	0.238786
0.134721	0.251254
0.182827	0.817236
0.103405	0.210430
0.095535	0.105566
0.092159	0.125797
0.111016	0.169300
0.068177	0.166011
0.084454	0.215357
0.086753	0.160059
0.122334	0.292379
0.085895	0.197989
0.122694	0.261339
0.190476	0.341905
0.115711	0.137118
0.254685	1.722942
0.089766	0.128814
0.144146	0.218381
0.102674	0.208429
0.118940	0.147486
0.141501	0.190318
0.121943	0.242666
0.165993	0.449011
0.111858	0.214208
0.215643	0.256616
0.119188	0.310485
0.092961	0.191964
0.201895	0.151422
0.165155	0.889360
0.127001	0.167006
0.162251	0.361009
0.152134	0.199296
0.073609	0.128079
0.141539	0.147201
0.169589	0.136519
0.107805	0.136373
0.120475	0.224686
0.119651	0.133411
0.123809	0.212952
0.105662	0.306947
0.139050	0.123059
0.123893	0.201945
0.132070	0.135371
0.076405	0.108113
0.154612	0.400445
0.089896	0.103380
0.258987	0.371646
0.220715	0.292447
0.105875	0.109580
0.066417	0.095641
0.077729	0.168673
0.167726	0.289327
0.148745	0.391198
0.147332	0.176062
0.259715	1.066129
0.204753	0.401317
0.083424	0.213149
0.223212	0.964276
0.111145	0.293422
0.135248	0.357730
0.200249	1.056311
0.095027	0.404340
0.130715	0.339860
0.112810	0.257770
0.102782	0.168049
0.126409	0.390604
0.159981	0.790307
0.128005	0.445457
0.073685	0.142581
0.135448	0.287828
0.185511	0.836654
0.068097	0.132109
0.098444	0.160463
0.229267	1.745869
0.117426	0.585369
0.087440	0.249642
0.076532	0.149237
0.100713	0.371127
0.102369	0.317854
0.117884	0.218085
0.146863	0.309147
0.111027	0.363612
0.148735	0.869357
0.059561	0.173024
0.054063	0.151646
0.077802	0.161440
0.049087	0.081729
0.130452	0.264166
0.113404	0.278407
0.104384	0.297495
0.074998	0.194620
0.152777	0.392638
0.114906	0.167188
0.073976	0.145362
0.103835	0.196768
0.109524	0.363621
0.050482	0.109545
0.082811	0.240980
0.096978	0.162923
0.092586	0.323125
0.202084	0.241490
0.082975	0.101230
0.250538	0.316931
0.182554	0.216326
0.170861	0.185384
0.217019	0.314678
0.215591	0.220981
0.131653	0.096107
0.258175	0.654473
0.201063	0.315668
0.250338	0.384268
0.175354	0.142037
0.121776	0.167443
0.145545	0.256887
0.226862	0.301726
0.244576	0.386430
0.245417	0.331313
0.259236	0.465328
0.181437	0.293021
0.238693	0.158731
0.265791	0.208646
0.180368	0.312036
0.160682	0.145417
0.167885	0.176279
0.196612	0.195629
0.208152	1.100083
0.176937	0.179591
0.122367	0.153571
0.155245	0.298847
0.222666	0.552211
0.168888	0.199288
0.141992	0.215119
0.130253	0.086618
0.116274	0.123250
0.180053	0.182754
0.147795	0.328105
0.132444	0.135093
0.103580	0.085972
0.070877	0.086115
0.222525	0.745458
0.149184	0.332680
0.133165	0.171117
0.189609	0.245544
0.158178	0.205632
0.135263	0.218449
0.188950	1.455857
0.068860	0.111209
0.096633	0.193266
0.100139	0.168233
0.141607	0.420572
0.070571	0.139730
0.077036	0.153303
0.054360	0.091325
0.127102	1.530948
0.100765	0.403565
0.053297	0.085008
0.189346	0.452537
0.092678	0.174697
0.088275	0.158896
0.137932	0.426899
0.118792	0.141362
0.172637	0.757877
0.081536	0.089690
0.117901	0.391430
0.144612	2.392610
0.192544	0.332138
0.088345	0.188617
0.163859	0.478469
0.129336	0.402234
0.068919	0.110959
0.086412	0.194859
0.129233	0.429053
0.067413	0.246393
0.089434	0.207488
0.094306	0.194742
0.095454	0.123135
0.095747	0.111545
0.056308	0.128946
0.079959	0.157519
0.058288	0.108999
0.074004	0.112116
0.080021	0.237661
0.124607	0.173204
0.137474	0.485284
0.078747	0.140563
0.100729	0.170735
0.088961	0.239305
0.093167	0.208229
0.126627	0.165882
0.155451	0.559624
0.135311	0.290918
0.081301	0.158130
0.101289	0.191943
0.091590	0.140133
0.086756	0.213419
0.097444	0.207556
0.110055	0.235518
0.128115	0.150535
0.076583	0.130957
0.066407	0.104260
0.080390	0.163996
0.107259	0.362535
0.156967	0.737744
0.109438	0.243499
0.081616	0.182004
0.074086	0.307456
0.047282	0.221754
0.124194	0.178218
0.134353	0.286171
0.090221	0.199388
0.049094	0.096224
0.069197	0.167111
0.084314	0.184648
0.063227	0.134674
0.121656	0.187958
0.222668	0.639057
0.187891	0.219832
0.166000	0.392590
0.184566	0.230708
0.104112	0.106714
0.175027	0.169776
0.146816	0.331070
0.183896	0.148037
0.125178	0.100768
0.201319	0.217425
0.122135	0.118471
0.197536	0.188647
0.139821	0.435544
0.052936	0.133664
0.098510	0.182244
0.125085	0.247043
0.152057	0.512433
0.127900	0.283298
0.165981	0.178430
0.156571	0.234073
0.088583	0.203297
0.202578	0.396039
0.098148	0.166851
0.203530	0.193354
0.162119	0.214807
0.148610	0.451032
0.172290	0.172290
0.176920	0.247687
0.180056	0.226870
0.149425	0.170344
0.134046	0.142759
0.279017	0.513392
0.223234	0.479952
0.095632	0.134841
0.118086	0.190118
0.199616	0.353321
0.103795	0.276614
0.118938	0.350868
0.088792	0.170036
0.127006	0.174633
0.142199	0.344832
0.098491	0.101446
0.081015	0.156765
0.063883	0.098061
0.164865	0.485528
0.122879	0.101375
0.127817	0.210258
0.110708	0.373638
0.120157	0.163413
0.106712	0.140327
0.146337	0.408281
0.125348	0.223747
0.115196	0.229240
0.125602	0.212895
0.171817	0.317862
0.132806	0.237723
0.153015	0.283843
0.137631	0.244983
0.189369	0.162858
0.290062	1.137042
0.139510	0.129047
0.183169	0.255521
0.227484	0.162651
0.123435	0.115412
0.221399	0.209222
0.230832	0.271228
0.181271	0.374325
0.084481	0.085325
0.126892	0.146560
0.140059	0.221293
0.131869	0.160221
0.114412	0.243125
0.147398	0.257209
0.112003	0.140564
0.130222	0.232447
0.090722	0.125651
0.132144	0.142055
0.159363	0.187251
0.167493	0.337499
0.184462	0.173395
0.246788	0.283806
0.176580	0.207482
0.271545	0.506431
0.192180	0.613055
0.183157	0.407525
0.150682	1.649964
0.112407	0.537870
0.118066	0.201893
0.099727	0.215409
0.088416	0.335982
0.097389	0.173840
0.146146	0.208989
0.060190	0.113759
0.110984	0.218084
0.048099	0.108944
0.195229	0.465620
0.130933	0.183961
0.290088	0.359709
0.097811	0.121774
0.199654	0.232597
0.089880	0.151447
0.122484	0.285388
0.124132	0.143372
0.151590	0.169023
0.121532	0.161029
0.156001	0.479703
0.078383	0.181849
0.103439	0.326351
0.109123	0.156045
0.140831	0.285182
0.095795	0.189194
0.174970	0.210839
0.124334	0.168473
0.040745	0.102270
0.062989	0.150858
0.069799	0.147975
0.067880	0.178863
0.125919	0.950691
0.072568	0.277210
0.083423	0.124300
0.142855	0.251425
0.159504	0.843776
0.171824	0.279214
0.227164	0.765542
0.119665	0.169326
0.149635	0.296277
0.142676	0.190473
0.232294	0.586541
0.058987	0.134786
0.089933	0.260356
0.105729	0.126347
0.129043	0.204533
0.161757	0.578281
0.120961	0.205633
0.177929	0.298921
0.214457	0.273433
0.110764	0.163930
0.140163	0.154180
0.117533	0.243881
0.095518	0.196767
0.116299	0.358202
0.129492	0.499193
0.121079	0.260319
0.101530	0.346216
0.087558	0.245162
0.083658	0.268542
0.111729	0.203346
0.103164	0.227993
0.116603	0.235539
0.141952	0.168214
0.104551	0.271833
0.098211	0.216065
0.072443	0.139090
0.094892	0.157046
0.078652	0.141966
0.134083	0.176990
0.082432	0.225040
0.163878	0.408055
0.073278	0.123107
0.090696	0.229915
0.149047	0.272755
0.064615	0.113399
0.108949	0.149260
0.069936	0.099310
0.112130	0.186136
0.078576	0.256945
0.233592	1.832531
0.087776	0.176431
0.118209	0.191498
0.140059	0.788534
0.074038	0.209527
0.068519	0.121279
0.069910	0.117099
0.186509	0.177183
0.130113	0.292103
0.169680	0.265549
0.113929	0.117347
0.213147	0.195030
0.142869	0.190015
0.076713	0.103562
0.130302	0.246922
0.159310	0.361634
0.095445	0.225251
0.067268	0.107292
0.070766	0.106856
0.168554	0.230077
0.148729	0.443214
0.212563	0.225317
0.191476	0.249876
0.291447	0.683442
0.210297	0.174547
0.140999	0.424407
0.245820	0.696900
0.158991	0.238487
0.227438	0.429857
0.107672	0.166892
0.150390	0.355671
0.119141	0.208496
0.140682	0.311611
0.135884	0.175290
0.184395	0.261841
0.089032	0.236825
0.152774	0.310896
0.130451	0.207417
0.063650	0.119344
0.044796	0.140882
0.080580	0.174054
0.066766	0.144215
0.124651	0.419450
0.138824	0.165201
0.069596	0.140931
0.139840	0.264997
0.108828	0.236157
0.173925	0.310456
0.102009	0.159134
0.086528	0.130224
0.094096	0.117619
0.135744	0.221263
0.170836	0.199878
0.070815	0.093122
0.102646	0.143705
0.091722	0.116945
0.116448	0.282969
0.103526	0.198769
0.087641	0.202452
0.088554	0.455168
0.056151	0.114549
0.106604	0.193487
0.090835	0.418750
0.147375	0.392016
0.096105	0.223924
0.126028	0.245755
0.144594	0.244364
0.183348	0.509709
0.225872	0.300410
0.111278	0.173594
0.217665	0.262286
0.121605	0.142278
0.191954	0.237064
0.230894	0.776958
0.118158	0.150652
0.110599	0.192995
0.162113	0.336385
0.139255	0.321679
0.126236	0.398905
0.108164	0.218491
0.121811	0.282602
0.111559	0.220887
0.087433	0.142079
0.109757	0.284269
0.144598	0.146767
0.175306	0.290131
0.094022	0.152315
0.082253	0.144766
0.072228	0.117371
0.227983	0.354513
0.181179	0.910426
0.249102	0.983953
0.128926	0.201125
0.138263	0.307635
0.109955	0.178127
0.145118	0.922950
0.134761	0.194729
0.090241	0.295090
0.177673	0.381997
0.158574	0.149852
0.197287	0.249568
0.114213	0.178172
0.113978	0.254741
0.090851	0.116744
0.128761	0.281986
0.135954	0.332407
0.069287	0.101851
0.093688	0.251084
0.082760	0.139451
0.075586	0.221844
0.136903	0.134165
0.198225	0.200207
0.105212	0.132567
0.195918	0.212571
0.123352	0.114718
0.106144	0.098183
0.153202	0.215249
0.172696	0.338484
0.285831	1.020417
0.185043	0.147109
0.148073	0.131045
0.097156	0.126302
0.116868	0.140826
0.133766	0.349798
0.141099	0.148154
0.100390	0.165644
0.105780	0.129580
0.074961	0.118814
0.080777	0.132071
0.100392	0.133020
0.154492	0.205474
0.150296	0.197639
0.142186	0.233897
0.072143	0.122643
0.079787	0.101729
0.207410	0.422078
0.256057	0.148513
0.290371	0.602519
0.191075	0.380240
0.232707	0.259469
0.318499	0.813766
0.111957	0.146664
0.128163	0.160204
0.249993	0.539984
0.291134	1.222761
0.133631	0.185079
0.294798	1.683296
0.189747	0.305493
0.140447	0.374291
0.112631	0.169510
0.130261	0.186924
0.134890	0.200312
0.120146	0.121348
0.066734	0.114448
0.156995	0.219794
0.140053	0.151957
0.150814	0.193796
0.140032	0.210049
0.118399	0.300141
0.271573	1.429834
0.094022	0.115176
0.132169	0.574274
0.091353	0.159412
0.085060	0.151406
0.208057	0.616888
0.220499	0.256881
0.201212	0.529189
0.128759	0.191207
0.125274	0.326965
0.125895	0.163664
0.131753	0.271411
0.154675	0.231239
0.086424	0.180193
0.043985	0.093469
0.094154	0.182189
0.088816	0.275775
0.083846	0.122415
0.057450	0.120933
0.192907	1.422692
0.183291	0.541624
0.144534	0.364948
0.117855	0.213907
0.090550	0.215508
0.169890	0.266727
0.134160	0.227401
0.146237	0.177677
0.183189	0.351723
0.152659	0.186244
0.177810	0.268494
0.088965	0.106313
0.197957	0.236559
0.144297	0.391044
0.105348	0.307090
0.194059	0.748099
0.137118	0.328398
0.112994	0.180226
0.089527	0.132052
0.075435	0.140686
0.146732	0.197355
0.126138	0.416254
0.087964	0.199679
0.069500	0.098690
0.147557	0.542273
0.101721	0.132237
0.079037	0.190084
0.150945	0.734349
0.115993	0.238366
0.139679	0.449068
0.121800	0.231420
0.154927	0.285840
0.204317	0.445411
0.194919	0.160808
0.147155	0.300196
0.165413	0.159624
0.120126	0.267880
0.079357	0.133716
0.159718	1.016605
0.172721	0.302261
0.094225	0.144635
0.125835	0.144710
0.081989	0.098797
0.083623	0.123761
0.082270	0.130810
0.044599	0.135358
0.143806	1.080705
0.038912	0.096890
0.043986	0.168468
0.127865	0.806186
0.062494	0.384338
0.061063	0.107471
0.065208	0.118026
0.091261	0.151950
0.066317	0.109754
0.076002	0.142884
0.075129	0.234777
0.123269	0.148539
0.113101	0.108011
0.081615	0.110180
0.106049	0.132031
0.132168	0.238563
0.130120	0.316192
0.088212	0.282277
0.113147	0.160669
0.131685	0.476700
0.093945	0.224999
0.098151	0.689512
0.042996	0.117808
0.074955	0.131546
0.120695	1.121860
0.056166	0.111209
0.080237	0.251143
0.093317	0.122712
0.164832	0.331313
0.164927	0.228424
0.160196	0.182623
0.135199	0.235246
0.116791	0.175771
0.163595	0.323917
0.147026	0.147761
0.119444	0.257998
0.093672	0.177977
0.153435	0.240893
0.151733	0.279189
0.219957	0.370628
0.166858	0.364586
0.147636	0.181593
0.156078	0.159980
0.213543	0.326721
0.073084	0.116934
0.130679	0.179030
0.233574	0.315325
0.197639	0.219379
0.114678	0.108370
0.151920	0.272696
0.169368	0.176143
0.146650	0.241239
0.225420	0.211895
0.199213	0.357588
0.179354	0.584695
0.167874	0.697516
0.137856	0.168184
0.177869	0.273029
0.203446	0.663235
0.103450	0.157244
0.165807	0.480010
0.077427	0.116140
0.117104	0.266412
0.088428	0.102135
0.136072	0.167369
0.167562	0.397123
0.139191	0.357720
0.083082	0.133763
0.073122	0.095790
0.146444	0.173537
0.080626	0.149158
0.084203	0.306497
0.144016	0.432769
0.153946	1.506364
0.088450	0.222894
0.168601	1.004019
0.073729	0.217869
0.114932	0.294227
0.107896	0.217950
0.064444	0.104399
0.069985	0.126322
0.094010	0.264167
0.134783	0.228457
0.051427	0.099767
0.100331	0.231764
0.111801	0.127453
0.099366	0.135138
0.143529	0.116258
0.171337	0.194467
0.076004	0.098425
0.082009	0.201332
0.075510	0.212561
0.067993	0.151624
0.097915	0.291788
0.081233	0.264007
0.039221	0.152176
0.073353	0.144872
0.072123	0.219255
0.061139	0.120750
0.052481	0.097877
0.180874	0.499213
0.162571	0.191021
0.097800	0.143276
0.277232	1.006352
0.159146	0.268161
0.181140	0.297975
0.200835	0.765179
0.231715	0.302388
0.094665	0.147677
0.184060	0.584390
0.136116	0.172187
0.203379	0.197277
0.146678	0.402630
0.160214	0.229908
0.145025	0.255245
0.219970	0.224369
0.203757	0.398345
0.107765	0.140633
0.170108	0.203279
0.128344	0.256688
0.130478	0.153311
0.162076	0.410051
0.166203	0.443763
0.125918	0.314795
0.207211	0.639247
0.136398	0.261203
0.092954	0.125488
0.104868	0.202919
0.104238	0.180853
0.157200	0.279815
0.104767	0.187533
0.134812	0.151664
0.174707	0.252451
0.170346	0.248706
0.191530	0.326558
0.198355	1.394436
0.088169	0.100071
0.170152	0.440693
0.186519	0.731155
0.129526	0.290785
0.123993	0.316183
0.116647	0.202965
0.145775	0.532080
0.162199	0.229512
0.084905	0.180424
0.082073	0.158400
0.176531	0.407786
0.151264	0.221602
0.097493	0.219847
0.078471	0.147526
0.130804	0.463045
0.089500	0.238966
0.135185	0.317684
0.152709	0.897165
0.161026	0.255226
0.155122	0.178390
0.166288	0.362508
0.057186	0.096930
0.099863	0.220198
0.123176	0.189076
0.110566	0.284708
0.148901	0.209206
0.169776	0.398973
0.165747	0.541994
0.117176	0.153500
0.101233	0.157417
0.128814	0.240238
0.209231	1.064988
0.195170	0.149305
0.134581	0.127852
0.164373	0.363265
0.313935	0.648275
0.128052	0.118448
0.113460	0.132181
0.179030	0.426092
0.088040	0.129418
0.145881	0.410654
0.183803	0.412638
0.167201	0.484883
0.078321	0.116307
0.167937	0.307325
0.152551	0.561389
0.131404	0.157685
0.090740	0.123407
0.102309	0.145278
0.085602	0.194316
0.098562	0.137494
0.069531	0.108120
0.171268	0.894877
0.099363	0.264802
0.046756	0.109409
0.060614	0.151535
0.059091	0.231638
0.041916	0.155509
0.095671	0.320976
0.114313	0.446965
0.072147	0.119042
0.206408	1.315848
0.084727	0.154202
0.101412	0.121187
0.183736	0.171793
0.161710	0.338782
0.188235	0.245647
0.154502	0.378530
0.310490	0.639609
0.099774	0.110749
0.155954	0.196502
0.193291	0.268675
0.146995	0.199914
0.152827	0.197910
0.140004	0.256208
0.190821	0.410265
0.149277	0.231379
0.130027	0.208044
0.183905	0.292409
0.099420	0.096934
0.104451	0.194279
0.168376	0.200367
0.138231	0.113349
0.161846	0.558369
0.103689	0.106282
0.095398	0.127356
0.097023	0.093627
0.252784	0.667351
0.120280	0.166587
0.219920	0.337577
0.138930	0.259104
0.128697	0.175671
0.138373	0.111390
0.130275	0.324384
0.174666	0.212219
0.143006	0.264561
0.137955	0.146232
0.198079	0.647718
0.220438	0.148796
0.218590	0.434993
0.126482	0.173280
0.153454	0.189516
0.090625	0.104672
0.093104	0.149432
0.253021	0.294769
0.159221	0.148872
0.131290	0.271114
0.130465	0.289631
0.172854	0.305088
0.194237	0.761407
0.139689	0.145277
0.098440	0.109760
0.207534	0.508458
0.225920	0.492507
0.117719	0.181876
0.077807	0.126825
0.136676	0.174262
0.122547	0.249996
0.227222	0.982733
0.118062	0.129868
0.265667	1.397408
0.095430	0.139804
0.103775	0.128162
0.224824	0.464261
0.095739	0.202967
0.124966	0.294919
0.205822	0.294325
0.111412	0.202212
0.172205	0.134320
0.223873	0.922358
0.101153	0.242261
0.094331	0.105651
0.098759	0.257760
0.138147	0.345368
0.149198	0.175308
0.222007	0.676013
0.092241	0.135134
0.077123	0.128025
0.152615	0.249525
0.124408	0.360162
0.211656	0.521731
0.123701	0.239361
0.132565	0.129914
0.098439	0.152089
0.109490	0.146169
0.093110	0.212291
0.149839	0.253977
0.148396	0.207755
0.222527	0.279271
0.104065	0.229984
0.135094	0.203992
0.154248	0.254509
0.107072	0.147224
0.164966	0.184762
0.075697	0.118466
0.111955	0.138824
0.264729	0.391798
0.178786	0.278012
0.172997	0.297556
0.170289	0.664127
0.151444	0.133271
0.106048	0.132030
0.137002	0.208243
0.123390	0.109817
0.120093	0.172934
0.176189	0.179712
0.158592	0.294982
0.145351	0.148258
0.138938	0.120181
0.144323	0.382455
0.137933	0.364144
0.101152	0.130486
0.118352	0.279310
0.096191	0.156791
0.171382	0.320485
0.146094	0.202340
0.136377	0.389356
0.147754	0.401890
0.144760	0.370586
0.064824	0.173403
0.105910	0.233531
0.129443	0.267300
0.102172	0.130269
0.074803	0.122677
0.104011	0.215823
0.095705	0.438330
0.072197	0.188073
0.078624	0.108501
0.122240	0.246924
0.087129	0.096713
0.114984	0.293208
0.058514	0.142188
0.059192	0.097076
0.080015	0.165230
0.101370	0.153576
0.109154	0.287075
0.104416	0.182205
0.131777	0.958019
0.110689	0.170461
0.108125	0.241660
0.171020	0.263370
0.151586	0.414589
0.113706	0.202397
0.173987	0.383642
0.115749	0.162049
0.098797	0.096821
0.093087	0.214567
0.064791	0.109497
0.178989	0.122607
0.135841	0.196969
0.118704	0.275393
0.223906	0.536254
0.108612	0.165634
0.153395	0.275343
0.108535	0.155205
0.128005	0.183687
0.131569	0.191433
0.103523	0.132510
0.189061	0.367723
0.145487	0.167310
0.150052	0.160556
0.110232	0.124011
0.220656	0.226172
0.230010	0.485322
0.115655	0.128955
0.143468	0.134142
0.089026	0.121521
0.089853	0.133431
0.115102	0.237686
0.143307	0.226425
0.134944	0.139667
0.152318	0.292450
0.174334	0.414915
0.128931	0.286872
0.162563	0.173129
0.219907	0.341956
0.159748	0.546337
0.163306	0.337226
0.205146	0.264639
0.196206	0.222694
0.381165	0.303026
0.183924	0.123229
0.189057	0.199456
0.334336	0.847541
0.326971	0.670291
0.145844	0.196160
0.259203	0.405652
0.243135	0.333095
0.170716	0.124623
0.312188	0.519792
0.218039	0.319427
0.278620	1.167420
0.193459	0.237955
0.191236	0.160638
0.110289	0.128486
0.108806	0.174089
0.142472	0.139623
0.148395	0.227045
0.159527	0.335804
0.151571	0.462290
0.301798	0.434589
0.304029	0.290347
0.325800	0.555488
0.122926	0.250768
0.181185	0.203833
0.161257	0.387822
0.207384	0.303817
0.179690	0.211136
0.213504	0.319189
0.229651	0.292805
0.312675	0.381464
0.278854	0.216111
0.279947	0.359732
0.316787	0.283524
0.200262	0.146192
0.288152	0.161365
0.224222	0.188346
0.251842	0.685011
0.252615	0.701008
0.208472	0.434664
0.129082	0.227829
0.149287	0.263492
0.166520	0.132383
0.214251	0.196040
0.223238	0.296906
0.104034	0.121720
0.226906	0.427718
0.258107	0.188418
0.255499	0.141802
0.202175	0.174881
0.215383	0.274614
0.222668	0.636830
0.235276	0.239982
0.283376	0.725442
0.242416	0.579374
0.200689	0.314078
0.272025	1.449893
0.367069	1.103044
0.257793	0.494962
0.203664	0.487776
0.199060	0.133370
0.132015	0.123434
0.130766	0.222302
0.111244	0.138499
0.174571	0.212104
0.130625	0.318073
0.230635	1.943097
0.102755	0.202941
0.082708	0.149288
0.122563	0.345014
0.090477	0.152001
0.174734	0.228902
0.080250	0.237940
0.084753	0.219934
0.049396	0.106202
0.127886	0.182877
0.080389	0.196551
0.075732	0.120793
0.063407	0.097964
0.121523	0.254591
0.073082	0.206822
0.057030	0.102083
0.101178	0.148732
0.114224	0.324397
0.125814	0.199415
0.106114	0.708314
0.066195	0.595423
0.080926	0.109250
0.094023	0.102015
0.056162	0.139282
0.102554	0.125629
0.081052	0.207494
0.072415	0.204211
0.077216	0.142078
0.098755	0.193067
0.104293	0.278984
0.072983	0.105095
0.105119	0.180279
0.110122	0.183354
0.130813	0.304795
0.137328	0.425716
0.116661	0.931542
0.056035	0.091057
0.120088	0.368069
0.060435	0.133864
0.070462	0.206805
0.090911	0.279097
0.091732	0.542596
0.070911	0.202097
0.076051	0.124343
0.075427	0.196109
0.142255	0.310828
0.105872	0.269973
0.089226	0.268569
0.087082	0.166327
0.097366	0.414294
0.078431	0.190588
0.117077	0.292691
0.245628	1.385343
0.073871	0.131490
0.076093	0.100442
0.148896	0.431800
0.104478	0.182837
0.144739	0.310464
0.209335	0.483564
0.099950	0.192405
0.069004	0.154223
0.088173	0.197948
0.095436	0.154606
0.152250	0.198686
0.174504	0.345519
0.103819	0.147424
0.104510	0.188641
0.133086	0.125766
0.092225	0.182605
0.075515	0.218238
0.065749	0.162729
0.117104	0.156333
0.052987	0.147304
0.137295	0.413945
0.205408	0.496060
0.191069	0.810133
0.156429	0.287047
0.115844	0.188247
0.235509	0.700640
0.126669	0.167203
0.153118	0.275613
0.169162	0.349319
0.246329	0.459403
0.170321	0.174580
0.194564	0.341460
0.085032	0.119896
0.152312	0.120326
0.241652	0.341937
0.307088	0.425316
0.185909	0.186839
0.221366	0.453799
0.233216	0.450108
0.138748	0.179678
0.214062	0.325374
0.201781	0.156380
0.184303	0.360311
0.300945	0.267841
0.196790	0.232213
0.241649	0.223525
0.172610	0.235613
0.183710	0.136864
0.266567	0.390520
0.138389	0.165375
0.271155	0.191165
0.179870	0.212247
0.267192	1.353328
0.191821	0.398029
0.119492	0.300523
0.168431	0.256015
0.128290	0.104557
0.179802	0.231045
0.139208	0.194891
0.143551	0.112688
0.174076	0.248059
0.263934	0.323319
0.180970	0.147491
0.248051	0.229447
0.161796	0.355952
0.113095	0.109137
0.288973	0.210950
0.103983	0.131019
0.119010	0.095803
0.128908	0.222365
0.105126	0.141395
0.122462	0.165323
0.091082	0.099279
0.147952	0.233764
0.233608	0.314202
0.119113	0.239417
0.099798	0.129238
0.200126	1.211763
0.132407	0.135055
0.142310	0.328025
0.189966	0.230809
0.120635	0.187587
0.124793	0.234611
0.133867	0.279113
0.077631	0.100532
0.123147	0.357742
0.110255	0.165933
0.058299	0.104646
0.080592	0.177705
0.104776	0.477780
0.047205	0.237675
0.174857	0.371571
0.067040	0.082795
0.140830	0.302080
0.158016	0.216481
0.178558	0.827615
0.143787	0.203458
0.196437	0.293673
0.125065	0.190724
0.179813	0.198693
0.179385	0.393749
0.148509	0.147024
0.176046	0.344169
0.140838	0.226045
0.207543	0.190940
0.219110	0.429455
0.080183	0.147938
0.179636	0.280232
0.180043	0.328579
0.110733	0.102428
0.108805	0.178440
0.249496	0.335572
0.101246	0.134151
0.115553	0.172175
0.110687	0.162710
0.109544	0.212515
0.108257	0.195404
0.056947	0.088269
0.123469	0.100627
0.087713	0.156567
0.082230	0.155004
0.143303	0.614052
0.144076	0.285271
0.094569	0.112537
0.107840	0.138574
0.106707	0.275304
0.112893	0.142810
0.148637	0.318083
0.114365	0.187558
0.163333	0.359333
0.120335	0.143800
0.158434	0.224184
0.143112	0.221823
0.170354	0.360299
0.127626	0.244404
0.110504	0.151390
0.159060	0.238590
0.176328	0.196606
0.176758	0.527622
0.161581	0.213287
0.237229	0.264511
0.196361	0.307304
0.210274	0.190298
0.197482	0.235991
0.275914	0.423528
0.353359	0.298588
0.201373	0.225538
0.184710	0.289072
0.236553	0.251929
0.106471	0.106471
0.243680	0.472739
0.192015	0.214097
0.239907	0.639352
0.145528	0.297606
0.111146	0.336217
0.115375	0.123451
0.166632	0.169965
0.156663	0.974441
0.132345	0.112494
0.163867	0.473576
0.125642	0.212963
0.154571	0.183939
0.110350	0.332704
0.092265	0.204829
0.150218	0.188524
0.085105	0.157444
0.109330	0.174928
0.107240	0.143166
0.192646	0.372770
0.256930	0.565247
0.145988	0.358401
0.159377	0.318754
0.108669	0.133663
0.230541	0.259358
0.194491	0.284929
0.106527	0.145941
0.128475	0.472788
0.154158	0.193468
0.117956	0.140957
0.127126	0.596857
0.122976	0.182004
0.103642	0.149762
0.165472	0.260618
0.103552	0.245418
0.111854	0.166662
0.093830	0.259910
0.078352	0.202541
0.138855	0.246467
0.085217	0.098851
0.140204	0.137400
0.204947	0.736784
0.115408	0.180613
0.241634	0.519513
0.094180	0.172820
0.181875	0.375572
0.098361	0.189836
0.118703	0.159656
0.149725	0.417732
0.126259	0.217796
0.119272	0.186660
0.101264	0.112404
0.094826	0.129911
0.140804	0.197126
0.105150	0.196105
0.167544	0.196864
0.181369	0.249382
0.149153	0.255052
0.085377	0.219845
0.084959	0.105774
0.147571	0.222095
0.141564	0.165629
0.167490	0.443010
0.146166	0.288677
0.162341	0.362832
0.178137	0.470281
0.231984	0.245903
0.238034	0.754569
0.205867	0.308801
0.237172	0.219384
0.143751	0.120032
0.209188	0.508327
0.084783	0.085631
0.101620	0.152430
0.169079	0.297579
0.178103	0.506702
0.220317	0.400976
0.146818	0.300976
0.152098	0.435001
0.200470	0.227534
0.379982	2.350190
0.114668	0.235642
0.070445	0.159558
0.056456	0.111502
0.077529	0.154283
0.075460	0.121114
0.151105	0.629351
0.059550	0.090515
0.065950	0.144430
0.100760	0.449392
0.171979	0.285486
0.099081	0.164474
0.102815	0.134174
0.130159	0.211508
0.124703	0.238806
0.113513	0.206595
0.120677	0.155070
0.097444	0.178810
0.078015	0.121703
0.153308	0.504384
0.187722	0.391400
0.116637	0.211697
0.077325	0.179394
0.106478	0.142681
0.104541	0.366938
0.095108	0.165012
0.055313	0.187786
0.089824	0.187282
0.079054	0.135973
0.094999	0.467393
0.095206	0.194696
0.068803	0.119028
0.091368	0.384661
0.092471	0.294982
0.143889	0.379868
0.128618	0.171705
0.137111	0.213208
0.140875	0.192999
0.116951	0.206418
0.105117	0.158201
0.133034	0.139686
0.087708	0.165768
0.132198	0.251838
0.091568	0.135520
0.087459	0.166173
0.116322	0.133771
0.060381	0.097818
0.069059	0.192328
0.234092	1.962864
0.089903	0.188346
0.178881	0.139527
0.127456	0.163782
0.130875	0.225760
0.094695	0.251414
0.050741	0.104780
0.190888	0.879041
0.156053	0.247345
0.092613	0.178744
0.110793	0.137383
0.108391	0.160419
0.221965	0.633710
0.313289	0.780090
0.145603	0.172540
0.170018	0.144515
0.159226	0.184702
0.128762	0.240140
0.113962	0.124788
0.159951	0.429470
0.152793	0.305587
0.158527	0.321018
0.098165	0.138413
0.097827	0.133044
0.162123	0.813048
0.158753	0.362751
0.188025	1.051058
0.134101	0.180366
0.113350	0.230101
0.095317	0.097223
0.128799	0.142967
0.157687	0.126150
0.182102	0.121098
0.337922	0.388611
0.362661	0.460579
0.245149	0.259858
0.241803	0.240594
0.097854	0.090026
0.224850	0.165265
0.232116	1.772208
0.125685	0.107461
0.220250	0.312755
0.163955	0.163955
0.231757	0.574757
0.131116	0.202575
0.090687	0.141018
0.138417	0.126652
0.088176	0.123446
0.072713	0.193780
0.145980	0.168607
0.129702	0.111544
0.144158	0.361838
0.162086	0.277977
0.161155	0.142622
0.188261	0.255094
0.114546	0.133446
0.137368	0.168962
0.107249	0.158192
0.200314	0.404635
0.161268	0.252384
0.111394	0.133116
0.122018	0.148252
0.104973	0.140663
0.156889	0.160027
0.169107	0.354280
0.109270	0.106538
0.203748	0.424815
0.204175	0.180695
0.249979	0.386217
0.133098	0.123116
0.224845	0.227094
0.207078	0.247458
0.240698	0.332163
0.390719	0.967030
0.211138	0.232251
0.131314	0.107021
0.163976	0.167256
0.181582	0.177950
0.235560	0.831527
0.188936	0.204051
0.283470	1.041753
0.250733	0.394905
0.186690	0.381782
0.192821	0.357682
0.155036	0.173640
0.126909	0.179576
0.155791	0.352868
0.169262	0.412998
0.211700	0.857385
0.194892	0.231922
0.091862	0.093239
0.115659	0.209343
