Velocity(m/s)	Chord(mm)
0.141284	0.170247
0.232883	0.383092
0.161587	0.290856
0.106716	0.118988
0.117012	0.186049
0.143584	0.228298
0.130263	0.166086
0.280121	1.046253
0.101353	0.135307
0.161251	0.295089
0.127741	0.282307
0.151914	0.401053
0.084073	0.128211
0.185570	0.618877
0.108977	0.226128
0.087205	0.097234
0.183697	0.816533
0.179430	1.331374
0.041883	0.130047
0.150199	0.297394
0.140656	0.122370
0.183363	0.275044
0.166597	0.204082
0.141540	0.145786
0.128802	0.166799
0.209712	0.762302
0.142270	0.192776
0.150580	0.167897
0.130046	0.248388
0.103920	0.156919
0.152306	0.275674
0.209403	0.739194
0.222350	0.327966
0.088582	0.146160
0.093604	0.091264
0.210116	0.531594
0.225422	0.347150
0.182912	0.235956
0.229983	0.304728
0.362748	1.189812
0.157934	0.149247
0.185023	0.653130
0.117180	0.161123
0.108754	0.124523
0.210073	0.531484
0.140492	0.241646
0.211921	0.324238
0.156308	0.232899
0.199616	0.355317
0.202106	0.342570
0.185894	0.279771
0.085727	0.098586
0.121076	0.137421
0.206299	0.428071
0.204033	0.166287
0.110538	0.107222
0.087459	0.107574
0.212143	0.447623
0.139811	0.132821
0.227391	0.417262
0.248822	0.791255
0.130242	0.123079
0.127098	0.129004
0.141355	0.212032
0.155133	0.308715
0.163951	0.188543
0.125001	0.213126
0.262853	0.542791
0.246252	0.467878
0.138242	0.165199
0.238455	0.277800
0.188289	0.299379
0.103270	0.100689
0.269774	0.662294
0.094433	0.117569
0.193016	0.280839
0.103514	0.168727
0.210208	0.335281
0.219672	0.325115
0.176787	0.139662
0.118904	0.101069
0.189944	0.359945
0.210591	0.727593
0.109556	0.115581
0.198386	0.394787
0.107905	0.128408
0.137557	0.188453
0.152287	0.359397
0.093063	0.106557
0.150298	0.274294
0.142875	0.494347
0.123547	0.118605
0.256253	1.249234
0.256949	1.453046
0.182669	0.761728
0.159116	0.397789
0.153725	0.294383
0.161357	0.262204
0.237084	0.325990
0.210383	0.281913
0.123410	0.102430
0.320280	0.445189
0.191427	0.236412
0.152335	0.095209
0.139175	0.141262
0.201629	0.139124
0.151216	0.168606
0.187127	0.418229
0.102908	0.120402
0.199752	0.376533
0.170155	0.421134
0.121498	0.122105
0.246495	0.264983
0.196271	0.128557
0.273006	0.488681
0.193719	0.169504
0.179504	0.183094
0.329714	1.262805
0.150136	0.114854
0.171007	0.168442
0.252001	0.303661
0.184594	0.119986
0.124718	0.124718
0.215918	0.331435
0.182502	0.179764
0.152626	0.173993
0.182610	0.338741
0.180334	0.447229
0.141587	0.170612
0.135448	0.187596
0.265943	0.534544
0.198690	0.409301
0.126649	0.147546
0.077589	0.102417
0.158305	0.373599
0.248366	0.430915
0.259547	0.478864
0.162900	0.219914
0.180845	0.178132
0.245068	0.352898
0.129031	0.121934
0.154037	0.102435
0.150547	0.111405
0.210652	0.203280
0.255189	0.674974
0.175269	0.338269
0.133718	0.141741
0.086738	0.117964
0.177010	0.635466
0.092888	0.166269
0.140775	0.380796
0.059985	0.101375
0.098912	0.214639
0.077789	0.163746
0.172785	0.283367
0.057874	0.087680
0.082548	0.140332
0.171664	0.255779
0.274619	0.440764
0.201357	0.267805
0.159335	0.233426
0.127098	0.168404
0.152884	0.229326
0.107952	0.154911
0.213868	0.496174
0.137268	0.107756
0.158465	0.200458
0.159306	0.317018
0.117741	0.139524
0.237226	0.314325
0.222173	0.295490
0.222963	0.303230
0.203329	0.358875
0.118807	0.107521
0.179155	0.246338
0.164047	0.246891
0.160888	0.321775
0.122738	0.194539
0.167763	0.368241
0.142874	0.453625
0.205139	1.504695
0.103270	0.176592
0.119133	0.331189
0.113454	0.263213
0.123775	0.187519
0.089904	0.118674
0.085978	0.118220
0.228331	0.336788
0.141270	0.115135
0.215096	0.251662
0.153370	0.165640
0.168438	0.134751
0.154194	0.355417
0.143905	0.301480
0.153106	0.199038
0.134765	0.171152
0.159703	0.191643
0.125664	0.184098
0.109742	0.355015
0.144835	0.228116
0.140282	0.155012
0.092538	0.102717
0.143898	0.202177
0.152175	0.233589
0.214455	1.104445
0.232050	1.137044
0.174278	0.220461
0.198572	0.367359
0.193010	0.364789
0.218856	0.879799
0.112763	0.109944
0.133049	0.131718
0.094468	0.095885
0.281228	0.752284
0.191370	0.440151
0.172863	0.409686
0.075251	0.095946
0.082027	0.247311
0.119224	0.090014
0.116516	0.267403
0.149071	0.208699
0.257191	0.435939
0.189400	0.240538
0.229983	0.502513
0.148727	0.177728
0.290822	0.532203
0.188483	0.171520
0.223884	0.221645
0.178096	0.386468
0.254359	0.602830
0.155028	0.432529
0.242643	1.516519
0.139196	0.099525
0.315833	0.262142
0.241783	0.423121
0.312930	0.251908
0.427736	0.271613
0.297561	0.302024
0.243172	0.347736
0.240518	0.893523
0.131555	0.174310
0.237960	0.723399
0.185355	0.358663
0.292110	0.359295
0.166399	0.137279
0.102931	0.104475
0.137426	0.199955
0.132194	0.231339
0.180566	0.297031
0.133651	0.215177
0.085643	0.132319
0.170962	0.261571
0.189130	0.311119
0.131925	0.197888
0.080351	0.092002
0.142038	0.118602
0.127651	0.168499
0.098733	0.134771
0.240439	0.773012
0.146994	0.374099
0.089085	0.118038
0.091065	0.163917
0.069079	0.109490
0.083134	0.192872
0.159807	0.315619
0.139806	1.063226
0.074020	0.140268
0.142753	0.361164
0.126312	0.171153
0.173878	1.144116
0.136127	0.487335
0.261889	1.520266
0.124591	0.237345
0.214125	0.572784
0.182525	0.444448
0.143207	0.147503
0.267540	0.535079
0.119275	0.217081
0.183254	0.328942
0.117934	0.115575
0.265264	0.273222
0.168304	0.138009
0.267538	0.362515
0.289120	0.584022
0.227106	0.239597
0.320265	1.002428
0.355495	1.734813
0.220009	0.226610
0.139509	0.138812
0.108703	0.101094
0.262970	0.407603
0.251167	0.301401
0.331433	0.662867
0.380184	0.849711
0.398111	0.607119
0.279438	0.371652
0.205090	0.340450
0.379158	2.036079
0.202223	0.280078
0.257053	1.066769
0.193973	0.450018
0.141300	0.119398
0.096879	0.113348
0.218209	0.262942
0.277374	0.495112
0.301758	0.837377
0.200982	0.248213
0.328100	0.401922
0.268820	1.491953
0.264567	0.448440
0.127864	0.131700
0.128120	0.181290
0.241868	0.211635
0.222078	0.404181
0.202048	0.219222
0.197939	0.365197
0.170746	0.412353
0.246541	0.282289
0.309830	0.807108
0.177363	0.138343
0.323658	0.522708
0.307134	0.660338
0.186653	0.146522
0.168475	0.246816
0.230040	0.531393
0.125588	0.120564
0.224194	0.274637
0.141521	0.139398
0.163142	0.146013
0.173003	0.282859
0.216275	0.407678
0.118089	0.266291
0.085861	0.197050
0.115723	0.273685
0.075422	0.141039
0.108964	0.280583
0.092124	0.116537
0.093336	0.183405
0.086384	0.179248
0.070221	0.128505
0.081244	0.166957
0.152693	0.222168
0.150622	0.322331
0.086739	0.174780
0.095227	0.152363
0.086078	0.101141
0.172442	0.356093
0.078060	0.176805
0.075655	0.113483
0.171218	0.743085
0.085909	0.146045
0.291637	1.857729
0.077968	0.115782
0.184741	0.339000
0.186262	0.404188
0.119000	0.141610
0.158990	0.188403
0.135213	0.173073
0.079435	0.104059
0.156092	0.166238
0.228158	0.383305
0.158870	0.294705
0.197531	0.385185
0.158348	0.212978
0.235996	0.320954
0.290160	3.595082
0.137242	0.165377
0.103958	0.110716
0.090989	0.100543
0.111011	0.124332
0.203088	0.341188
0.169391	0.166003
0.287543	0.713106
0.137993	0.195949
0.441939	2.326810
0.384662	0.821253
0.355006	0.697587
0.251949	0.190222
0.200150	0.161121
0.157360	0.273806
0.252485	0.578191
0.201644	0.275245
0.241839	0.860949
0.141172	0.107996
0.108558	0.134069
0.112332	0.099414
0.164604	0.260898
0.142442	0.163809
0.180660	0.508558
0.127225	0.179387
0.092437	0.125714
0.237545	0.624743
0.136200	0.212472
0.169311	0.355553
0.165493	0.259824
0.290798	0.997437
0.152689	0.254990
0.117978	0.108540
0.091601	0.107173
0.118170	0.223933
0.125314	0.123434
0.286210	1.622812
0.168816	0.439765
0.128657	0.280471
0.149881	0.221825
0.103881	0.165170
0.134716	0.287619
0.244152	0.968062
0.171977	0.234748
0.101545	0.102560
0.145287	0.170712
0.140779	0.230174
0.206012	0.659237
0.151721	0.194962
0.167504	0.252094
0.201254	0.225405
0.121358	0.153518
0.170084	0.297647
0.154949	0.338563
0.102216	0.164057
0.139878	0.110503
0.230532	0.476048
0.169560	0.476463
0.141358	0.195074
0.144561	0.197326
0.172176	0.456266
0.213274	0.548115
0.191820	0.311707
0.199666	0.283526
0.218269	0.305576
0.160626	0.218451
0.140522	0.307743
0.163188	0.367990
0.100270	0.132857
0.132351	0.212424
0.092331	0.150038
0.080443	0.098140
0.129549	0.239665
0.094767	0.142150
0.125881	0.255538
0.132262	0.251298
0.124619	0.151412
0.082176	0.176267
0.051083	0.089907
0.147760	0.524549
0.063337	0.180511
0.059078	0.088322
0.072604	0.139399
0.064604	0.096906
0.056374	0.084843
0.105023	0.190092
0.095412	0.118788
0.131096	0.267437
0.093566	0.262921
0.163469	0.541082
0.070473	0.134251
0.055242	0.118218
0.168790	0.632962
0.106950	0.158821
0.220457	1.036147
0.107764	0.134166
0.091279	0.138288
0.068364	0.091266
0.151687	0.383008
0.150186	0.310134
0.114055	0.120899
0.192309	0.469235
0.102546	0.104084
0.138607	0.135835
0.121355	0.134098
0.102583	0.105147
0.181251	0.315377
0.120121	0.171774
0.130687	0.218248
0.220430	0.466209
0.202959	0.756021
0.118605	0.154780
0.132942	0.238631
0.082511	0.094888
0.145363	0.192607
0.144994	0.303762
0.225236	0.404299
0.196085	0.408837
0.121556	0.168355
0.209066	0.343913
0.119323	0.231486
0.163630	0.345260
0.191720	0.767837
0.113140	0.187812
0.082796	0.110947
0.088387	0.142304
0.068413	0.124170
0.140449	0.237360
0.101749	0.161782
0.116328	0.160533
0.138356	0.194391
0.169379	0.691066
0.172114	0.609285
0.172605	0.522130
0.090279	0.166565
0.120556	0.135023
0.116048	0.223972
0.136324	0.216755
0.180386	0.406771
0.095440	0.142205
0.125042	0.276969
0.096869	0.214565
0.077436	0.101441
0.192523	2.090801
0.111473	0.228519
0.085139	0.107701
0.148882	0.253100
0.113386	0.170079
0.170256	0.191539
0.130824	0.160913
0.095741	0.123985
0.131145	0.293108
0.138603	0.213449
0.146064	0.208142
0.132837	0.284936
0.182195	0.239587
0.135711	0.382706
0.283764	1.400375
0.146607	0.224309
0.136522	0.137887
0.149055	0.252649
0.101073	0.112696
0.150390	0.372214
0.149560	0.302111
0.143274	0.205598
0.156186	0.463091
0.129303	0.206239
0.229735	0.234330
0.309894	1.654834
0.134330	0.223659
0.173356	0.203693
0.186590	0.383442
0.131811	0.195739
0.072196	0.095299
0.079647	0.115488
0.080940	0.118173
0.107283	0.173262
0.091823	0.121665
0.111379	0.193799
0.117097	0.218386
0.100876	0.173507
0.115954	0.223212
0.167848	0.146867
0.192408	0.335752
0.123473	0.116682
0.139526	0.371837
0.108643	0.121137
0.153638	0.291913
0.145981	0.325537
0.070601	0.139084
0.061108	0.082496
0.084697	0.182947
0.125151	0.362312
0.114850	0.203284
0.109062	0.173953
0.136823	0.610231
0.249127	1.164667
0.072662	0.142780
0.052447	0.092307
0.097146	0.240922
0.073713	0.135263
0.089959	0.128642
0.169738	0.224903
0.171300	0.404268
0.261620	0.371501
0.209625	0.203336
0.215953	0.222431
0.271581	0.258002
0.111417	0.106961
0.135325	0.195545
0.105101	0.171840
0.085633	0.111751
0.112146	0.194012
0.232381	1.074764
0.175868	0.342064
0.128142	0.261410
0.084949	0.104487
0.101292	0.146367
0.106102	0.197350
0.135522	0.622046
0.165962	0.446438
0.113128	0.307143
0.104483	0.143664
0.179487	0.364359
0.072366	0.100227
0.122646	0.250197
0.132250	0.235405
0.102881	0.169754
0.143734	0.109957
0.219608	0.624783
0.085714	0.103285
0.096972	0.126064
0.148959	0.150448
0.230935	0.307144
0.226341	0.955161
0.140679	0.168815
0.133509	0.251665
0.148165	0.185947
0.176040	0.343279
0.300583	1.665229
0.107396	0.103637
0.068678	0.090999
0.227509	0.757605
0.253491	0.553878
0.188771	0.331294
0.145874	0.158274
0.181885	0.227356
0.135260	0.098064
0.167302	0.298635
0.158849	0.279574
0.129364	0.221859
0.125820	0.205716
0.115872	0.183078
0.227563	0.806709
0.109750	0.274374
0.170657	0.456508
0.092812	0.180520
0.065939	0.160233
0.072330	0.180101
0.084884	0.237252
0.068424	0.150192
0.139239	0.407970
0.115046	0.253102
0.189000	0.961068
0.133694	0.218590
0.154180	0.245147
0.073514	0.101081
0.154615	0.539607
0.054636	0.127302
0.112144	0.412690
0.052196	0.097867
0.140430	0.292796
0.101435	0.209464
0.063916	0.112811
0.099302	0.119163
0.103162	0.282665
0.098957	0.284996
0.112877	0.382652
0.085526	0.233486
0.070265	0.181986
0.101849	0.231196
0.201841	0.460197
0.180410	0.376155
0.076362	0.103089
0.080979	0.221882
0.120006	0.276613
0.201429	0.619394
0.177669	0.406862
0.143448	0.256772
0.169968	0.210761
0.199237	0.606678
0.097727	0.131932
0.109830	0.136738
0.184204	0.688004
0.105262	0.158945
0.116872	0.316138
0.127934	0.484871
0.094370	0.228847
0.112435	0.233303
0.084357	0.125270
0.107094	0.260237
0.264139	1.859537
0.103967	0.207935
0.178576	0.675908
0.128144	0.419670
0.080444	0.110611
0.222107	0.305398
0.199453	0.442786
0.212653	0.149920
0.251344	0.566781
0.201599	0.285262
0.267084	0.446030
0.165068	0.248428
0.203525	0.354133
0.258097	0.557490
0.291184	0.368348
0.208699	0.195133
0.136585	0.144781
0.106490	0.177307
0.166334	0.329342
0.138739	0.278866
0.107672	0.190041
0.224604	0.548033
0.167202	0.126238
0.147035	0.252899
0.197076	0.325176
0.353467	0.809440
0.119731	0.110152
0.248116	0.578109
0.170731	0.153658
0.160862	0.279096
0.213711	0.532140
0.219441	0.215053
0.204669	0.230252
0.174575	0.265354
0.121357	0.175361
0.238118	0.482190
0.193572	0.210026
0.282925	0.441363
0.275830	0.546143
0.151038	0.169162
0.283987	1.141627
0.148293	0.231337
0.170850	0.153765
0.169640	0.298567
0.108844	0.109388
0.109481	0.133567
0.132480	0.290793
0.162731	0.388926
0.148969	0.293469
0.109280	0.148621
0.157011	0.244938
0.120916	0.207976
0.141414	0.163333
0.265800	2.122412
0.267770	0.771179
0.131443	0.224768
0.186954	0.364559
0.195668	0.482322
0.110183	0.254524
0.131177	0.254484
0.071658	0.102112
0.089206	0.099465
0.125719	0.134519
0.214570	0.691990
0.214713	0.636625
0.104739	0.102120
0.178474	0.195429
0.253011	0.568010
0.247713	0.390148
0.213331	0.322130
0.107634	0.171676
0.215866	0.560173
0.192898	0.662604
0.120635	0.216539
0.080966	0.102827
0.177598	0.313461
0.168830	0.252401
0.191429	0.260343
0.182944	0.322896
0.116241	0.108104
0.165634	0.216152
0.195336	0.218776
0.097620	0.114215
0.187414	0.268002
0.151646	0.294193
0.239821	0.532403
0.086492	0.101196
0.166337	0.232040
0.175534	0.322983
0.148863	0.413095
0.185935	0.299355
0.196385	0.407500
0.217871	0.442278
0.135557	0.190457
0.151894	0.296953
0.102078	0.155158
0.105923	0.118634
0.151256	0.349402
0.122600	0.424194
0.120013	0.236425
0.119559	0.253464
0.203445	0.454699
0.116036	0.143304
0.113581	0.109038
0.098450	0.096973
0.177711	0.380302
0.169027	0.195226
0.142664	0.171197
0.207080	0.515629
0.127567	0.127567
0.136709	0.235822
0.183168	0.391979
0.201420	0.334358
0.224852	0.571124
0.168951	0.195983
0.173514	0.385200
0.188248	0.416968
0.158372	0.215385
0.171968	0.289766
0.131313	0.294798
0.170852	0.357935
0.184861	0.319809
0.088706	0.106448
0.097421	0.125186
0.147848	0.243210
0.135501	0.276423
0.126838	0.128107
0.170556	0.212342
0.237278	0.619295
0.188277	0.215577
0.174280	0.270134
0.183518	0.258761
0.156458	0.417742
0.133833	0.210787
0.156589	0.444711
0.089448	0.272370
0.136220	0.153247
0.134435	0.204341
0.147781	0.271178
0.140015	0.240827
0.081834	0.101474
0.157203	0.259385
0.205477	0.455132
0.087252	0.099467
0.139998	0.241496
0.151678	0.332174
0.207822	0.442661
0.192633	0.314956
0.200461	0.375865
0.217947	0.502367
0.347091	1.318945
0.108881	0.171487
0.300540	1.619908
0.172767	0.271244
0.175538	0.373019
0.194209	0.357344
0.079440	0.115188
0.145877	0.199852
0.215649	0.371995
0.203600	0.330850
0.081806	0.103484
0.128851	0.194565
0.210944	0.375480
0.151955	0.283396
0.128953	0.177311
0.128602	0.100309
0.188501	0.346843
0.177301	0.323574
0.087342	0.096513
0.167210	0.270044
0.127983	0.130543
0.091749	0.107346
0.151938	0.151178
0.092948	0.123621
0.184800	0.213444
0.155188	0.325895
0.119946	0.205108
0.103274	0.134256
0.086675	0.153414
0.088644	0.083768
0.128535	0.157455
0.153485	0.216414
0.107230	0.154948
0.141341	0.172436
0.119640	0.243467
0.102544	0.105108
0.099296	0.117170
0.151759	0.274684
0.120760	0.174499
0.099448	0.159117
0.169916	0.615946
0.157646	0.287704
0.115043	0.159910
0.076632	0.120313
0.104497	0.153611
0.108950	0.191753
0.098315	0.230548
0.097294	0.164427
0.085761	0.144936
0.127195	0.228315
0.135357	0.106932
0.163253	0.186108
0.115035	0.249627
0.071613	0.097035
0.076299	0.097281
0.153266	0.405388
0.216697	0.873288
0.262107	1.338057
0.174888	0.297310
0.130523	0.104418
0.228277	0.582106
0.124509	0.146298
0.108670	0.213537
0.135409	0.290452
0.211465	0.757044
0.129618	0.218406
0.108241	0.114736
0.156209	0.274928
0.121193	0.159369
0.142136	0.158482
0.101115	0.133472
0.108152	0.119508
0.107032	0.152521
0.145332	0.225992
0.150382	0.133840
0.191411	0.474700
0.271699	1.885593
0.110875	0.102560
0.150973	0.139650
0.191388	0.200957
0.102163	0.133323
0.235412	0.863961
0.175524	0.111457
0.229896	0.800040
0.147480	0.214584
0.145113	0.115365
0.116368	0.157679
0.205101	0.379437
0.254579	1.182519
0.209509	0.391782
0.272927	0.554041
0.182034	0.217530
0.158443	0.189339
0.198130	0.320970
0.227426	0.407093
0.137081	0.176834
0.224053	0.565733
0.263318	0.366012
0.171562	0.167273
0.204333	0.271763
0.309920	0.906516
0.182258	0.390944
0.125075	0.236391
0.110618	0.143250
0.121697	0.115612
0.128622	0.270107
0.119494	0.211504
0.097784	0.122230
0.176296	0.331436
0.161282	0.196765
0.197240	0.802768
0.165259	0.365222
0.178382	0.347845
0.143697	0.182495
0.196817	0.219451
0.247371	0.494742
0.194621	0.206298
0.179965	0.189863
0.227527	0.279858
0.202778	0.489708
0.176854	0.339559
0.230577	0.427721
0.086008	0.095899
0.174495	0.235568
0.204672	0.429812
0.227487	0.824639
0.284221	2.293661
0.137543	0.317725
0.145334	0.196928
0.153832	0.309202
0.205774	0.457847
0.191878	0.909503
0.081588	0.100761
0.192349	0.474141
0.085537	0.267731
0.080456	0.553936
0.070806	0.162855
0.141363	0.246679
0.145129	0.275745
0.113908	0.181113
0.091003	0.141964
0.127915	0.265424
0.136947	0.159544
0.082203	0.120838
0.101853	0.156853
0.205714	0.724113
0.164115	0.169039
0.136496	0.271628
0.113877	0.170246
0.119378	0.280538
0.191544	0.570801
0.076624	0.090416
0.087622	0.140633
0.188847	0.440013
0.110616	0.129974
0.144712	0.425454
0.152734	0.207718
0.153386	0.248486
0.070098	0.122320
0.094921	0.117228
0.161697	0.405860
0.129847	0.273328
0.205199	0.845420
0.163060	0.331827
0.241963	1.345316
0.140839	0.297875
0.120518	0.178366
0.203307	0.235836
0.108259	0.178628
0.198812	0.689879
0.314008	1.089609
0.147787	0.251237
0.161042	0.592634
0.085913	0.159369
0.165213	0.370903
0.103938	0.134600
0.169152	0.259648
0.104275	0.099582
0.169797	0.859171
0.206343	0.337371
0.117761	0.113050
0.091923	0.134668
0.289981	1.895024
0.145102	0.350422
0.130796	0.302138
0.084303	0.114231
0.128090	0.283720
0.112946	0.133277
0.162204	0.615563
0.079117	0.084655
0.125700	0.257686
0.126639	0.278606
0.134113	0.254143
0.076187	0.088377
0.083948	0.172932
0.078827	0.111145
0.069736	0.103209
0.087359	0.187821
0.076218	0.131857
0.142638	0.442892
0.157947	0.462784
0.147241	0.474852
0.100456	0.174292
0.093393	0.106001
0.101013	0.126266
0.129965	0.191048
0.145508	0.323029
0.141940	0.432208
0.053135	0.095909
0.136334	0.139743
0.122361	0.184765
0.158369	0.667527
0.073393	0.096879
0.075289	0.130626
0.098071	0.169172
0.182925	0.470117
0.196105	1.074655
0.168587	0.249509
0.155757	0.269460
0.169221	0.335057
0.116848	0.200979
0.165764	0.394518
0.088781	0.113195
0.113262	0.135349
0.123685	0.223252
0.186320	0.707084
0.098522	0.223645
0.169364	0.657133
0.074635	0.104116
0.055698	0.106940
0.137672	0.429538
0.159180	0.786349
0.101198	0.215046
0.081243	0.338783
0.145730	0.885307
0.091649	0.107687
0.243638	1.204788
0.275060	0.848560
0.153556	0.165840
0.170053	0.140294
0.114640	0.205205
0.111840	0.125820
0.196577	0.352855
0.166771	0.316031
0.135905	0.151535
0.155149	0.297885
0.162306	0.192332
0.161931	0.361106
0.114408	0.241401
0.124121	0.237072
0.115520	0.260498
0.089140	0.201010
0.076452	0.139907
0.131431	0.573698
0.080184	0.109852
0.087005	0.154870
0.172350	0.587713
0.107394	0.111153
0.092686	0.097320
0.183803	0.454913
0.088733	0.129106
0.168502	0.331949
0.118374	0.190582
0.176345	0.205442
0.179076	0.229217
0.237716	0.667982
0.215169	0.537924
0.220900	0.883599
0.158242	0.243692
0.112494	0.114181
0.235997	0.260776
0.106205	0.252768
0.179404	0.754394
0.047909	0.105878
0.092543	0.146680
0.159895	0.294207
0.128860	0.212618
0.079692	0.186480
0.179292	0.463469
0.085337	0.097711
0.099321	0.227941
0.079489	0.099361
0.136960	0.509493
0.140342	0.325592
0.071475	0.124010
0.141615	0.196136
0.091519	0.184869
0.091556	0.098422
0.170524	0.229355
0.177367	0.245654
0.144099	0.248571
0.088597	0.190483
0.076442	0.141036
0.100152	0.230850
0.163266	0.687352
0.083326	0.247061
0.116543	0.462093
0.056846	0.098060
0.063243	0.103718
0.119894	0.263767
0.099529	0.293113
0.269311	1.790915
0.148748	0.508716
0.197844	0.956577
0.135650	0.293003
0.066029	0.103995
0.111600	0.345403
0.091194	0.182389
0.215249	0.396059
0.165110	0.278211
0.155149	0.290128
0.263141	0.989412
0.169941	0.190334
0.133105	0.229607
0.076126	0.124085
0.186330	0.245956
0.207617	0.481672
0.194256	0.359374
0.119480	0.188778
0.194006	0.426813
0.123861	0.155445
0.191407	0.489044
0.184906	0.427133
0.156237	0.276540
0.104890	0.168872
0.122327	0.187160
0.098508	0.194060
0.120782	0.335775
0.060102	0.110588
0.163916	0.302425
0.161567	0.419265
0.059069	0.115775
0.086826	0.156286
0.072798	0.173623
0.103204	0.241498
0.069786	0.151435
0.096615	0.285013
0.112555	0.251560
0.105237	0.287298
0.095144	0.354888
0.052851	0.100417
0.083954	0.181341
0.153404	0.144199
0.154400	0.282552
0.124422	0.221471
0.096749	0.139802
0.108662	0.157017
0.083056	0.144102
0.112763	0.187750
0.077546	0.112441
0.156327	0.289986
0.170422	0.339139
0.163988	0.545259
0.166845	0.167679
0.139809	0.318764
0.123328	0.132578
0.159908	0.272644
0.163569	0.267436
0.144367	0.114772
0.152930	0.102463
0.241369	2.816779
0.158711	0.391222
0.119144	0.255563
0.111609	0.117748
0.092891	0.104502
0.101782	0.198983
0.150431	0.446027
0.078260	0.199171
0.129169	0.180836
0.106555	0.192332
0.206092	0.493591
0.158031	0.353198
0.151109	0.407993
0.112707	0.200055
0.115617	0.171691
0.089626	0.113825
0.100052	0.255132
0.100033	0.198066
0.133240	0.283135
0.085593	0.161343
0.097000	0.166839
0.118308	0.196392
0.098157	0.156560
0.171252	0.137858
0.207833	0.231734
0.225650	0.393760
0.255034	0.355772
0.117179	0.128311
0.144879	0.271647
0.091275	0.168858
0.218631	0.766301
0.094516	0.090735
0.111039	0.308689
0.171297	0.334886
0.254468	1.731657
0.289206	0.987639
0.252105	0.484042
0.159948	0.192738
0.205452	0.141762
0.202959	0.361266
0.139827	0.169890
0.142227	0.168540
0.146575	0.224992
0.175196	0.266298
0.118084	0.170632
0.191019	0.275067
0.089180	0.152497
0.094482	0.137471
0.073615	0.093859
0.199416	0.676019
0.068574	0.114518
0.131533	0.225580
0.231905	0.861527
0.167719	0.382398
0.084653	0.082960
0.227793	2.318929
0.215537	0.677865
0.153445	0.280805
0.265275	1.062427
0.119693	0.131662
0.112223	0.241280
0.123468	0.261135
0.116271	0.199406
0.151060	0.319493
0.271182	1.080660
0.100066	0.116077
0.198600	0.368402
0.113509	0.136211
0.258329	0.689739
0.091172	0.193741
0.144765	0.141146
0.121432	0.158469
0.221085	0.468700
0.189685	0.456193
0.130402	0.158438
0.129034	0.183228
0.162561	0.201575
0.156312	0.230560
0.108273	0.257689
0.119557	0.219388
0.139248	0.264572
0.117425	0.258922
0.111208	0.167367
0.110124	0.139307
0.106441	0.211817
0.124774	0.245181
0.077940	0.105219
0.104969	0.149056
0.147352	0.181243
0.083635	0.093671
0.152275	0.269527
0.185894	1.071682
0.116553	0.187068
0.132671	0.167165
0.165715	0.349660
0.147610	0.185250
0.115259	0.117564
0.168436	0.314975
0.137157	0.146758
0.139790	0.207588
0.190075	0.266105
0.164043	0.174706
0.219394	1.025665
0.143224	0.224146
0.093321	0.156313
0.118636	0.131686
0.254829	0.615412
0.188953	0.431757
0.223832	0.547270
0.237590	0.533389
0.063112	0.102557
0.141668	0.563131
0.124274	0.232393
0.124141	0.379872
0.088398	0.128177
0.147449	0.362723
0.119597	0.284043
0.135282	0.238097
0.120826	0.207820
0.201305	0.576739
0.128451	0.223504
0.079032	0.116572
0.121210	0.236965
0.112776	0.299420
0.118150	0.314278
0.107768	0.193983
0.134138	0.299799
0.080942	0.123031
0.069137	0.139310
0.073958	0.167885
0.108396	0.731670
0.069088	0.101214
0.087207	0.167002
0.062344	0.107232
0.142288	0.268212
0.076710	0.242404
0.072768	0.150993
0.143148	0.906127
0.099723	0.185984
0.085745	0.249517
0.137463	0.395205
0.088130	0.080639
0.106613	0.319840
0.103876	0.236836
0.085662	0.208159
0.113473	0.169642
0.216146	0.873229
0.100782	0.324519
0.071177	0.217800
0.096272	0.134299
0.092375	0.157037
0.105224	0.250433
0.131607	0.227021
0.105925	0.218206
0.147092	0.203723
0.139010	0.356562
0.156132	0.726796
0.175754	0.906888
0.176209	0.767389
0.119746	0.143695
0.138403	0.170236
0.210647	0.475008
0.142224	0.157157
0.195472	0.379216
0.124148	0.163875
0.203158	0.388031
0.098269	0.111536
0.185737	0.742018
0.114710	0.212786
0.157648	0.168684
0.190951	0.155625
0.168719	0.226083
0.295724	1.279005
0.292684	1.039027
0.234853	0.418038
0.174464	0.116891
0.325208	0.570741
0.193781	0.163745
0.164567	0.325843
0.251665	1.195409
0.147095	0.264771
0.208736	0.384075
0.145749	0.235384
0.193654	0.212052
0.171095	0.338769
0.134874	0.190846
0.133588	0.168989
0.094711	0.125492
0.153264	0.239092
0.128424	0.369860
0.119468	0.289709
0.067301	0.140995
0.063214	0.120106
0.126402	0.250275
0.089026	0.129977
0.148134	0.462178
0.056564	0.099553
0.115409	0.237743
0.182970	0.362280
0.100822	0.149216
0.139082	0.171766
0.203409	0.704812
0.077131	0.124953
0.069464	0.141359
0.132912	0.362184
0.082163	0.107633
0.250778	0.685879
0.081473	0.118135
0.098823	0.223833
0.140719	0.216004
0.052429	0.114295
0.079320	0.165383
0.108525	0.774871
0.066467	0.171816
0.063824	0.104033
0.114200	0.190142
0.081831	0.126020
0.155327	0.536656
0.098100	0.137831
0.105837	0.153994
0.139159	0.292233
0.152567	0.225037
0.121124	0.150193
0.098986	0.200447
0.157669	0.267248
0.108726	0.145692
0.136825	0.105355
0.140042	0.226869
0.136882	0.279239
0.108523	0.207822
0.168611	1.190392
0.079049	0.167188
0.073091	0.154222
0.082897	0.154189
0.079880	0.154966
0.164851	0.275301
0.320152	1.759235
0.321353	0.361522
0.262120	1.002610
0.155046	0.246523
0.117297	0.116711
0.153586	0.207342
0.119794	0.325240
0.077708	0.132880
0.248013	2.917876
0.069805	0.154966
0.171543	0.324216
0.147134	0.255278
0.125233	0.144018
0.226822	0.317550
0.192689	0.224483
0.160148	0.214598
0.238922	0.485011
0.196752	0.299063
0.317285	0.958202
0.256021	0.170254
0.202449	0.266220
0.290854	0.538081
0.256456	0.274407
0.163196	0.140349
0.175155	0.124360
0.347753	0.709415
0.277746	1.062379
0.258171	0.435018
0.247741	0.141213
0.293169	1.162414
0.163947	0.338551
0.136896	0.370988
0.077004	0.087785
0.095778	0.130737
0.198309	0.160630
0.174267	0.103689
0.330028	1.509877
0.213286	0.556677
0.099393	0.134181
0.145193	0.324507
0.188115	0.450535
0.228174	0.509968
0.177771	0.498648
0.202783	0.358926
0.105723	0.113124
0.161937	0.318205
0.086868	0.133342
0.099781	0.152165
0.108134	0.185450
0.167152	0.237356
0.137283	0.146893
0.127067	0.320844
0.075185	0.131949
0.129900	0.221479
0.234286	0.463887
0.133471	0.105442
0.161252	0.327342
0.196489	0.366451
0.160510	0.589875
0.126318	0.296848
0.063887	0.123621
0.106937	0.478541
0.079858	0.111402
0.143323	0.212118
0.099621	0.184299
0.231569	0.289462
0.109215	0.101023
0.161518	0.313345
0.174758	0.177379
0.167677	0.184445
0.199053	0.307537
0.199556	0.330265
0.247410	0.523273
0.226423	0.233216
0.253856	0.246241
0.156761	0.137166
0.203129	0.398133
0.258969	0.872726
0.234988	0.559271
0.265247	1.566286
0.235746	0.563432
0.215136	0.309795
0.136277	0.115154
0.126946	0.222155
0.152433	0.309439
0.176736	0.314591
0.154406	0.200728
0.077888	0.114884
0.080728	0.090012
0.077946	0.094704
0.159383	0.301235
0.098861	0.232322
0.114083	0.204779
0.149877	0.191093
0.164663	0.186892
0.097896	0.116986
0.160387	0.158783
0.139491	0.130424
0.171642	0.269478
0.190700	0.366144
0.180739	0.493417
0.106818	0.129784
0.162902	0.283449
0.144291	0.106775
0.317165	0.850002
0.175566	0.180833
0.249951	0.401172
0.248692	0.297187
0.231840	0.425426
0.091434	0.097834
0.202510	0.212636
0.178126	0.274314
0.084231	0.104868
0.169860	0.354158
0.141659	0.181323
0.237431	0.426190
0.285251	0.233906
0.218180	0.171272
0.216289	0.300641
0.162694	0.197673
0.145804	0.118830
0.263491	0.295110
0.271663	0.586792
0.223274	0.265697
0.217326	0.328162
0.195531	0.260057
0.089467	0.090361
0.107752	0.148698
0.094348	0.094348
0.222783	0.602629
0.166570	0.268177
0.168050	0.325177
0.154687	0.406828
0.185832	0.317773
0.179340	0.195481
0.222399	0.394758
0.102805	0.093038
0.104412	0.131559
0.102769	0.138224
0.123979	0.123359
0.176335	0.427612
0.123523	0.340922
0.080400	0.100500
0.125053	0.245730
0.103714	0.186166
0.184872	0.330921
0.188867	0.391898
0.118755	0.182883
0.205442	0.571130
0.089531	0.136087
0.156352	0.309577
0.131847	0.315113
0.205614	1.003394
0.075843	0.146756
0.090487	0.167854
0.123281	0.200948
0.238039	0.967627
0.085700	0.095556
0.187716	0.328503
0.311402	3.459679
0.118015	0.181743
0.133551	0.148242
0.198659	0.161907
0.202047	0.572802
0.142173	0.314912
0.106014	0.092762
0.125974	0.205338
0.218293	1.086009
0.130866	0.137409
0.155562	0.293234
0.109547	0.199375
0.130241	0.360768
0.152644	0.365581
0.064256	0.116625
0.127658	0.193401
0.132243	0.240021
0.235843	1.345485
0.132031	0.317535
0.122145	0.155124
0.167554	0.233738
0.107880	0.246507
0.126793	0.446312
0.143408	0.331273
0.112920	0.192528
0.111452	0.151018
0.160975	0.444290
0.115740	0.168980
0.196385	0.832674
0.146595	0.351095
0.073625	0.104179
0.083594	0.170532
0.101646	0.166191
0.090990	0.177431
0.065355	0.118618
0.114795	0.374232
0.119045	0.161305
0.229737	1.244026
0.101088	0.121811
0.199465	0.374995
0.147106	0.133131
0.162316	0.277561
0.080715	0.093226
0.161469	0.177616
0.147098	0.194905
0.089550	0.107012
0.210130	0.292080
0.152117	0.189386
0.167084	0.196324
0.116957	0.121050
0.185915	0.141296
0.114458	0.210602
0.158544	0.178362
0.183391	0.120121
0.232962	0.401859
0.197640	0.230251
0.180515	0.187736
0.192565	0.249371
0.075407	0.106701
0.121037	0.165215
0.111035	0.099376
0.116848	0.102242
0.226028	0.414762
0.261751	0.189769
0.153551	0.132054
0.186761	0.262399
0.224593	0.637844
0.120192	0.150841
0.159639	0.274579
0.193913	0.475088
0.129113	0.189150
0.164993	0.289563
0.158706	0.261072
0.156152	0.178014
0.100646	0.111717
0.120831	0.111165
0.130426	0.133035
0.136849	0.136849
0.184006	0.179406
0.139715	0.135524
0.113637	0.101137
0.150087	0.210122
0.252541	0.641454
0.279076	0.830250
0.110243	0.224896
0.413987	3.831450
0.376896	0.244982
0.405189	0.287684
0.394521	0.280110
0.352608	0.211565
0.323594	0.480537
0.449423	0.597732
0.345143	0.510811
0.293889	0.236581
0.175723	0.136185
0.151099	0.186607
0.180802	0.528847
0.168554	0.286543
0.220845	0.448316
0.209913	0.183674
0.134808	0.156377
0.130667	0.230627
0.101036	0.114676
0.130824	0.213244
0.166685	0.132514
0.232558	0.350000
0.248484	0.515604
0.261893	0.356174
0.128203	0.144228
0.120129	0.257077
0.111473	0.161636
0.147709	0.827907
0.209543	0.521763
0.204945	0.889462
0.183228	0.196054
0.188813	0.435214
0.171690	0.153663
0.207026	0.161481
0.270379	0.348789
0.344954	0.576074
0.220790	0.253909
0.177310	0.166672
0.297950	0.449905
0.235375	0.307165
0.160225	0.120970
0.161193	0.260326
0.129904	0.138997
0.097486	0.106259
0.080733	0.100916
0.074459	0.099403
0.103928	0.169402
0.129981	0.170926
0.248875	1.210778
0.105182	0.114648
0.172853	0.471025
0.142476	0.364027
0.210374	0.727893
0.125447	0.218906
0.110098	0.122759
0.103207	0.137782
0.093358	0.114363
0.149593	0.324618
0.134294	0.265903
0.093371	0.125117
0.111534	0.126591
0.173246	0.310976
0.080686	0.114575
0.083312	0.149129
0.109548	0.226217
0.099935	0.111927
0.104607	0.184632
0.101305	0.270485
0.098853	0.205120
0.138448	0.243668
0.172590	0.504824
0.161841	0.292122
0.078369	0.098354
0.127189	0.176156
0.131295	0.108319
0.241964	0.525061
0.171854	0.384095
0.152879	0.189570
0.156291	0.237562
0.173900	0.475617
0.254948	0.365850
0.161391	0.288083
0.161663	0.152772
0.161368	0.158140
0.207060	0.457602
0.160594	0.129278
0.187278	0.259380
0.143172	0.128139
0.086825	0.112438
0.105257	0.222619
0.103549	0.236091
0.088799	0.138971
0.132529	0.218010
0.083056	0.117109
0.068188	0.106373
0.091415	0.294812
0.120401	0.210701
0.177699	0.467348
0.145534	0.195743
0.132105	0.322997
0.112929	0.274419
0.172186	0.278941
0.116105	0.216536
0.101512	0.131458
0.139442	0.255180
0.208395	0.455343
0.227369	0.276253
0.135135	0.143919
0.192048	0.201651
0.255259	0.481163
0.198950	0.132302
0.186671	0.171737
0.284614	0.369998
0.281317	0.620304
0.142079	0.115795
0.108337	0.134338
0.254189	0.465165
0.299109	0.185447
0.307336	0.579328
0.284017	0.448747
0.113834	0.092775
0.310632	1.195934
0.305060	0.405730
0.198120	0.816253
0.121752	0.130274
0.189705	0.213418
0.179213	0.137994
0.163083	0.278872
0.224913	0.456573
0.188572	0.321515
0.161037	0.169894
0.180224	0.318095
0.243620	0.277727
0.212312	0.648614
0.153855	0.160010
0.356334	0.716231
0.310332	0.800657
0.250793	1.617616
0.215056	0.736566
0.340541	0.672568
0.224493	0.212146
0.161524	0.186560
0.287069	0.291375
0.115061	0.097802
0.150406	0.149654
0.133785	0.115055
0.143409	0.104689
0.228813	0.263135
0.277515	0.360769
0.262198	0.294972
0.318252	0.337347
0.235245	0.159967
0.273054	0.404119
0.139691	0.177407
0.194008	0.279371
0.128124	0.213968
0.129102	0.185907
0.202196	0.223427
0.207722	0.318853
0.156515	0.302073
0.205847	0.448747
0.169584	0.141603
0.244367	0.481404
0.191883	0.188045
0.214962	0.460019
0.182207	0.521111
0.100894	0.107957
0.137266	0.288258
0.137339	0.361202
0.108088	0.580432
0.056465	0.101354
0.153587	0.214255
0.171847	0.374626
0.242595	0.833314
0.144004	0.096482
0.110916	0.087069
0.165270	0.183450
0.219624	0.296493
0.111031	0.116583
0.157746	0.186929
0.191294	0.380676
0.154457	0.250220
0.240263	0.509358
0.172887	0.256737
0.359234	0.770558
0.251133	0.426926
0.118483	0.116706
0.195454	0.267772
0.151623	0.351766
0.218590	0.461224
0.119194	0.142437
0.275630	0.526454
0.212932	0.457804
0.147445	0.374510
0.147915	0.164185
0.169733	0.257146
0.127863	0.281938
0.135653	0.281481
0.142803	0.332730
0.180242	0.249635
0.088772	0.096317
0.091385	0.111033
0.087444	0.175762
0.197427	0.913098
0.203890	0.297679
0.177164	0.193109
0.138882	0.136799
0.081692	0.111509
0.118108	0.173619
0.186829	0.325082
0.083014	0.100862
0.182831	0.556721
0.110797	0.166749
0.139630	0.338604
0.107030	0.194259
0.157932	0.274801
0.080160	0.169538
0.114026	0.205246
0.111323	0.199825
0.149603	0.219169
0.055641	0.107944
0.087682	0.260416
0.055107	0.109663
0.082826	0.235639
0.196472	0.575663
0.056061	0.100910
0.095958	0.158331
0.073566	0.176191
0.069551	0.129018
0.100040	0.208583
0.102886	0.158959
0.157425	0.435279
0.095601	0.139577
0.270645	1.492605
0.108895	0.199277
0.196188	0.538536
0.122999	0.207868
0.093678	0.153632
0.085489	0.129515
0.120447	0.381214
0.079112	0.124997
0.117115	0.397605
0.114776	0.155521
0.099931	0.106427
0.081661	0.099218
0.086204	0.127151
0.149620	0.427166
0.094697	0.116004
0.084436	0.149029
0.079756	0.189820
0.092859	0.296686
0.108695	0.122282
0.113462	0.126511
0.172489	0.416562
0.162476	0.262399
0.117911	0.189836
0.126136	0.388498
0.095790	0.263901
0.134742	0.388057
0.129945	0.213110
0.232330	0.886339
0.161841	0.232241
0.220618	0.670680
0.252211	0.491811
0.249066	0.890411
0.177810	0.422300
0.294098	0.777890
0.231216	0.908680
0.226986	1.122445
0.104662	0.175310
0.124393	0.164199
0.155658	0.242048
0.122618	0.095029
0.111359	0.240535
0.163491	0.214173
0.073677	0.132619
0.257141	0.745710
0.195194	0.262536
0.141896	0.161761
0.201296	0.281815
0.140880	0.202867
0.070763	0.090223
0.084427	0.147747
0.094822	0.140811
0.122389	0.632138
0.080447	0.399017
0.119097	0.208419
0.182168	0.320616
0.094193	0.125748
0.130665	0.161372
0.180493	0.149809
0.352656	1.072076
0.224513	0.670170
0.192600	0.434313
0.197356	0.385831
0.141485	0.115310
0.106217	0.130116
0.261016	0.448948
0.321150	0.403043
0.120128	0.207220
0.131708	0.187026
0.182235	0.209570
0.092786	0.121550
0.220394	0.817662
0.128353	0.109742
0.165419	0.187750
0.149040	0.281685
0.248387	0.726531
0.183601	0.211141
0.213465	0.490969
0.108879	0.114867
0.116779	0.121450
0.092613	0.125490
0.176537	0.318650
0.121456	0.146355
0.143072	0.188855
0.172822	0.461435
0.101233	0.128566
0.142190	0.158542
0.095249	0.147159
0.146966	0.596681
0.103843	0.223263
0.235686	1.034663
0.123557	0.206959
0.223822	0.546125
0.117998	0.143367
0.133435	0.228173
0.182086	0.279503
0.227878	0.369162
0.204216	0.428854
0.205902	0.394302
0.149722	0.221588
0.177514	0.336389
0.081753	0.180675
0.077585	0.118318
0.143359	0.258764
0.124256	0.264043
0.090006	0.183613
0.073174	0.186960
0.097379	0.260976
0.103814	0.100181
0.173895	0.549508
0.096087	0.242620
0.125209	0.196578
0.084534	0.163996
0.074845	0.090189
0.145100	0.376534
0.131558	0.230227
0.109683	0.127233
0.078747	0.077172
0.153268	0.540269
0.167359	0.423419
0.082295	0.117682
0.134101	0.211879
0.112282	0.151019
0.111350	0.157560
0.133659	0.191801
0.136518	0.189760
0.103419	0.122035
0.162097	0.396328
0.089894	0.169000
0.061226	0.110818
0.079879	0.118221
0.063846	0.123223
0.065236	0.103725
0.100727	0.145551
0.135219	0.212971
0.106835	0.123394
0.311560	0.944027
0.310487	0.620973
0.111335	0.096862
0.213929	0.235322
0.150954	0.406067
0.390037	4.064181
0.212784	0.132990
0.419614	0.539204
0.268744	0.174684
0.306919	0.400529
0.191574	0.213605
0.372770	0.752995
0.232246	0.232246
0.125406	0.139201
0.151329	0.354867
0.158899	0.313030
0.118375	0.146784
0.128473	0.219047
0.068622	0.124892
0.087787	0.163284
0.058678	0.150217
0.155312	0.314506
0.089629	0.211972
0.136775	0.506066
0.189070	0.741154
0.107551	0.296840
0.082164	0.123246
0.115501	0.281823
0.122767	0.171260
0.093972	0.167740
0.091265	0.195763
0.127512	0.439918
0.091782	0.127577
0.126603	0.211427
0.107139	0.299988
0.154368	0.436090
0.101846	0.227117
0.083561	0.149993
0.071335	0.104148
0.084261	0.165573
0.077917	0.131290
0.085267	0.155186
0.142385	0.415763
0.093964	0.216117
0.085398	0.138772
0.153616	0.702025
0.133481	0.154171
0.111166	0.152298
0.083085	0.158276
0.174919	0.226520
0.112402	0.189959
0.155062	0.272133
0.144272	0.472492
0.122875	0.202743
0.229247	0.491734
0.166797	0.167631
0.244493	0.864281
0.246289	0.370666
0.292088	0.826608
0.216374	0.632893
0.122171	0.126447
0.109495	0.105115
0.090991	0.127842
0.102911	0.093135
0.134722	0.260014
0.112045	0.119328
0.210633	0.700356
0.125505	0.182610
0.134044	0.192354
0.177332	0.276638
0.177274	0.150683
0.128472	0.159305
0.205063	0.273759
0.195812	0.376938
0.222048	0.488505
0.132491	0.152365
0.225262	0.662271
0.132593	0.282422
0.181005	0.408167
0.285110	1.475446
0.118881	0.276993
0.071741	0.097209
0.120431	0.332991
0.143332	0.260864
0.177408	0.777934
0.086000	0.164690
0.266592	1.318295
0.102099	0.119967
0.172454	0.589791
0.109565	0.226252
0.072224	0.115558
0.145424	0.441360
0.151493	0.137102
0.172800	0.385345
0.069341	0.083209
0.182389	0.342890
0.114992	0.227108
0.085532	0.137279
0.150473	0.495810
0.260349	0.657381
0.159929	0.433409
0.136858	0.247028
0.113141	0.209876
0.103214	0.126438
0.151843	0.193600
0.085460	0.094433
0.244221	1.221107
0.088261	0.088261
0.173623	0.724875
0.090545	0.152115
0.175384	0.640152
0.035702	0.092111
0.126027	0.343423
0.081829	0.150975
0.102163	0.111869
0.160977	0.378296
0.243486	1.443873
0.097079	0.129601
0.122346	0.166391
0.200974	0.449176
0.148415	0.204071
0.165765	0.341476
0.099732	0.139625
0.095603	0.137669
0.153682	0.218997
0.302664	1.399820
0.081326	0.108570
0.078796	0.098495
0.124627	0.255485
0.079701	0.100025
0.198731	0.357715
0.193242	0.274403
0.144841	0.281715
0.165378	0.277834
0.145817	0.242057
0.086098	0.086959
0.187473	0.711461
0.134725	0.232400
0.108780	0.304583
0.091474	0.234172
0.099876	0.137828
0.084991	0.085841
0.156204	0.214780
0.174130	0.157587
0.198824	0.338001
0.122793	0.199538
0.116623	0.219835
0.244057	1.236147
0.080269	0.149701
0.077983	0.108006
0.137864	0.272970
0.128229	0.313519
0.167803	0.325539
0.143609	0.143609
0.213661	0.721107
0.147090	0.342719
0.115190	0.092728
0.144003	0.168483
0.142078	0.240111
0.105237	0.105763
0.145967	0.204354
0.115915	0.248637
0.108107	0.241079
0.131885	0.197827
0.151770	0.350588
0.209784	0.319920
0.182116	0.408851
0.154968	0.459481
0.178950	0.364164
0.150028	0.180033
0.125937	0.283988
0.102349	0.233868
0.087514	0.135647
0.171542	0.320783
0.101589	0.198606
0.135394	0.341869
0.125630	0.174625
0.098310	0.124854
0.127002	0.343541
0.082751	0.134471
0.131734	0.425502
0.115672	0.192016
0.106868	0.115951
0.247420	1.094833
0.133009	0.206164
0.150948	0.278500
0.112081	0.185493
0.119015	0.115445
0.138856	0.141633
0.193965	0.373383
0.149095	0.210969
0.100634	0.314984
0.133180	0.442158
0.043581	0.270200
0.057188	0.099792
0.149786	0.279350
0.141716	0.334449
0.113882	0.267624
0.168292	0.383705
0.081500	0.160963
0.213787	1.027249
0.102750	0.471622
0.094397	0.136876
0.063450	0.088195
0.068613	0.092627
0.104931	0.367260
0.072827	0.124534
0.123053	0.373465
0.097388	0.133909
0.162268	0.348066
0.092126	0.156615
0.244300	0.480049
0.151010	0.246902
0.207978	0.546983
0.132007	0.157749
0.247530	0.679471
0.176261	0.257341
0.089208	0.140948
0.175982	0.779598
0.138958	0.147295
0.243902	0.867073
0.157652	0.402800
0.148990	0.445481
0.221952	0.715796
0.122354	0.171296
0.235608	1.070839
0.125967	0.726830
0.101169	0.175528
0.172069	0.197879
0.220845	0.702287
0.088145	0.139710
0.135035	0.236987
0.120235	0.211012
0.139707	0.250774
0.255772	1.017974
0.260861	0.689979
0.191988	0.545245
0.104865	0.147335
0.135666	0.385292
0.167248	0.424810
0.185964	0.403543
0.133768	0.313687
0.112407	0.294508
0.126309	0.321457
0.183985	0.269539
0.133357	0.222040
0.092744	0.102482
0.168575	0.293321
0.150710	0.275046
0.120740	0.143681
0.157194	0.196493
0.309027	1.474058
0.144487	0.417568
0.132566	0.248561
0.071489	0.122962
0.114332	0.124051
0.179642	0.552398
0.106972	0.168480
0.169589	0.166198
0.130695	0.228062
0.144059	0.148381
0.103071	0.090702
0.166413	0.659828
0.185280	0.463200
0.135513	0.159906
0.095014	0.159149
0.080100	0.149386
0.100408	0.089865
0.106161	0.217098
0.122102	0.200858
0.220151	0.499744
0.237891	0.541202
0.111545	0.137200
0.082348	0.120228
0.218839	0.670742
0.100555	0.120163
0.150702	0.299897
0.231662	0.593054
0.149354	0.313643
0.152262	0.258084
0.128788	0.169356
0.086114	0.102045
0.168129	0.206799
0.332495	1.782173
0.179665	0.344059
0.312400	2.046219
0.119014	0.117229
0.185976	0.689043
0.053618	0.178549
0.144257	0.404641
0.133257	0.286502
0.115006	0.257038
0.101486	0.119246
0.078277	0.104109
0.060604	0.091512
0.163768	0.204710
0.225324	0.130688
0.205096	0.141516
0.419668	0.444848
0.225324	0.165613
0.397672	0.811251
0.315804	0.333173
0.348508	0.355478
0.120139	0.086500
0.206109	0.193742
0.303893	0.136752
0.242335	0.186598
0.428164	0.477403
0.328190	0.265834
0.290403	0.389140
0.154623	0.205649
0.209782	0.681791
0.146399	0.111995
0.104581	0.151119
0.071860	0.128630
0.171105	0.290879
0.146849	0.170345
0.193285	0.409764
0.084852	0.101398
0.105615	0.122514
0.160107	0.273783
0.187292	1.482413
0.218384	0.291542
0.128460	0.122037
0.129246	0.127307
0.115907	0.143725
0.212622	0.299797
0.278329	0.726438
0.209991	0.307637
0.160320	0.263726
0.153811	0.123818
0.135987	0.210099
0.203106	0.540262
0.166472	0.184784
0.117473	0.156239
0.109796	0.173478
0.140823	0.173916
0.120366	0.340035
0.106023	0.278841
0.131617	0.156624
0.121842	0.144992
0.147486	0.147486
0.167939	0.293894
0.253945	0.337746
0.107601	0.137192
0.160283	0.168297
0.195667	0.506777
0.224811	0.186593
0.218059	0.198434
0.148791	0.124241
0.270080	0.898015
0.158476	0.370835
0.308015	1.059573
0.103336	0.094036
0.155384	0.135184
0.220581	0.328665
0.169743	0.271589
0.215796	0.252481
0.151094	0.142028
0.233641	0.332939
0.130586	0.161273
0.183430	0.467746
0.303791	0.682011
0.089686	0.097758
0.181805	0.283616
0.140839	0.311254
0.174070	0.319418
0.261071	0.369415
0.281441	0.553032
0.316325	1.159329
0.269460	0.536226
0.154560	0.211747
0.262104	0.693265
0.065282	0.082582
0.129044	0.244539
0.091534	0.115333
0.167620	0.329374
0.264453	1.335485
0.097756	0.225816
0.142603	0.536902
0.094163	0.166669
0.106631	0.191936
0.120872	0.317288
0.070709	0.104649
0.212801	0.613931
0.124729	0.249458
0.103460	0.174330
0.073116	0.108577
0.080220	0.097468
0.093473	0.236486
0.148658	0.245286
0.126066	0.155692
0.126034	0.376840
0.076955	0.174302
0.113020	0.259945
0.102452	0.293012
0.116532	0.189364
0.119683	0.181918
0.171257	0.680746
0.085824	0.216277
0.055826	0.098533
0.113911	0.189093
0.137090	0.216602
0.090799	0.093523
0.109469	0.143404
0.078754	0.158689
0.082653	0.218618
0.088291	0.210134
0.070397	0.158041
0.081390	0.254749
0.079860	0.205240
0.077599	0.264226
0.130564	0.321840
0.076363	0.162654
0.113159	0.306095
0.084596	0.142545
0.069935	0.151059
0.076011	0.089694
0.144342	0.235278
0.187168	0.337838
0.083614	0.113297
0.157835	0.266741
0.131775	0.129139
0.100865	0.157854
0.089643	0.121466
0.200307	0.539828
0.074073	0.088147
0.105755	0.168150
0.060627	0.091851
0.135089	0.304627
0.130196	0.267553
0.101270	0.211148
0.120767	0.235495
0.133241	0.433701
0.115139	0.237763
0.145964	0.407240
0.152991	0.378652
0.084518	0.101421
0.118288	0.293353
0.120007	0.283817
0.110876	0.110876
0.168290	0.301240
0.114874	0.167141
0.098295	0.304222
0.067422	0.116304
0.074405	0.132440
0.064167	0.099137
0.092379	0.103926
0.061002	0.105228
0.175823	0.329668
0.123814	0.118861
0.152460	0.292723
0.115736	0.226263
0.116019	0.251760
0.072477	0.082262
0.081743	0.097683
0.133207	0.255757
0.082318	0.100017
0.156007	0.376758
0.250272	0.595648
0.142795	0.244893
0.158993	0.267904
0.223919	0.519492
0.161653	0.369378
0.095045	0.158724
0.302702	1.642157
0.091902	0.111661
0.111945	0.180792
0.105037	0.202197
0.164692	0.345030
0.104988	0.151183
0.122152	0.157576
0.112666	0.208996
0.161122	0.334329
0.146504	0.387504
0.079328	0.136048
0.310739	1.284906
0.147517	0.309786
0.115453	0.240719
0.233967	1.379238
0.146976	0.288073
0.094986	0.140104
0.110086	0.148616
0.107192	0.150068
0.109524	0.105691
0.107942	0.100386
0.223393	0.598692
0.112556	0.174462
0.189170	0.290376
0.136086	0.194603
0.184389	0.327290
0.197197	0.303683
0.139277	0.133010
0.119371	0.142648
0.191531	0.451056
0.204170	0.614551
0.201272	0.377385
0.244444	0.398444
0.183375	0.326407
0.153164	0.244296
0.141323	0.317270
0.092944	0.138486
0.093716	0.094185
0.155029	0.209290
0.097061	0.107253
0.132268	0.174593
0.135676	0.137032
0.068649	0.105033
0.090556	0.203298
0.086684	0.113123
0.167165	0.543286
0.153712	0.229030
0.094620	0.230401
0.153422	0.158792
0.115561	0.171030
0.071047	0.110123
0.106505	0.194371
0.144367	0.171797
0.142174	0.198333
0.324446	1.263716
0.118675	0.154871
0.257234	0.558199
0.167022	0.441773
0.103753	0.213212
0.124631	0.129617
0.145151	0.212646
0.099490	0.104465
0.146798	0.340572
0.106385	0.161173
0.209515	0.480837
0.103014	0.194181
0.135851	0.328081
0.098887	0.205190
0.102326	0.262465
0.129564	0.209894
0.171214	0.463990
0.164523	0.309303
0.141026	0.368782
0.103826	0.179100
0.172123	0.236670
0.122358	0.303449
0.103428	0.148936
0.093073	0.105638
0.094083	0.168879
0.110968	0.117626
0.075033	0.085913
0.164207	0.263552
0.150226	0.228343
0.090961	0.192837
0.110951	0.181404
0.109952	0.484889
0.077954	0.144215
0.097875	0.298518
0.083286	0.108688
0.095649	0.219037
0.158390	0.310444
0.160358	0.295861
0.218513	0.403157
0.194994	0.839449
0.093185	0.142107
0.125204	0.215352
0.093842	0.108388
0.177847	0.462403
0.233711	0.380949
0.280991	0.349834
0.161656	0.236825
0.213575	0.531801
0.159282	0.439617
0.121615	0.203097
0.093663	0.096941
0.091236	0.135942
0.207649	0.539887
0.149035	0.345761
0.172876	0.347481
0.095155	0.192214
0.132784	0.243658
0.101493	0.181165
0.060334	0.085071
0.090357	0.098489
0.129702	0.273022
0.135474	0.190342
0.154359	0.283249
0.125445	0.294797
0.185752	0.798732
0.305601	2.093364
0.088122	0.099137
0.070282	0.100504
0.102342	0.251251
0.139874	0.349684
0.104060	0.112385
0.095551	0.108451
0.109791	0.219582
0.107812	0.186514
0.124570	0.239175
0.061735	0.131496
0.094594	0.152296
0.070928	0.087951
0.095144	0.172686
0.083188	0.110639
0.076835	0.162121
0.073171	0.102805
0.163861	0.629228
0.121761	0.168639
0.150672	0.609468
0.096042	0.141663
0.071648	0.157984
0.160827	1.164391
0.160821	0.406072
0.109777	0.192658
0.136296	0.177866
0.153143	0.204446
0.102274	0.109433
0.099808	0.151708
0.137646	0.198211
0.124287	0.218125
0.125525	0.139960
0.172372	0.349052
0.164824	0.225809
0.154798	0.204333
0.131372	0.215450
0.081985	0.090593
0.213880	0.614905
0.093269	0.214052
0.105382	0.224464
0.130376	0.166881
0.143945	0.276374
0.116109	0.149780
0.182175	0.772422
0.108955	0.186859
0.089716	0.211282
0.080834	0.198044
0.138750	0.311494
0.061599	0.107491
0.089438	0.162776
0.168550	0.313502
0.215197	0.217349
0.197469	0.242886
0.185539	0.252333
0.166054	0.213379
0.092371	0.136247
0.126115	0.252230
0.060215	0.079183
0.088087	0.130368
0.116529	0.169550
0.095571	0.113730
0.117786	0.242640
0.117411	0.230126
0.100903	0.251248
0.128782	0.359301
0.085524	0.143680
0.081920	0.147046
0.126766	0.237685
0.121099	0.358453
0.102147	0.286011
0.072060	0.096200
0.046702	0.130066
0.058951	0.151505
0.076521	0.231859
0.060632	0.136725
0.073365	0.203220
0.111745	0.224608
0.155674	0.280214
0.095683	0.135869
0.151404	0.452699
0.098482	0.105376
0.161232	0.123343
0.101496	0.138034
0.123060	0.282423
0.159293	0.299470
0.108084	0.149156
0.127231	0.160311
0.105984	0.173284
0.111400	0.094133
0.113266	0.189721
0.056106	0.093977
0.199850	0.290782
0.087047	0.113596
0.177703	0.344744
0.078236	0.087233
0.098020	0.129387
0.073472	0.140331
0.142529	0.119724
0.249630	0.554178
0.189290	0.187398
0.180107	0.294476
0.138093	0.233377
0.138796	0.258160
0.130932	0.231095
0.272334	1.241843
0.254781	0.913390
0.140217	0.185787
0.236191	0.444040
0.187800	0.379355
0.098927	0.091508
0.185336	0.389206
0.111282	0.111282
0.186335	0.234782
0.174427	0.159601
0.166577	0.375631
0.299663	0.518418
0.305356	0.450399
0.159427	0.310883
0.202739	0.246328
0.244504	0.699281
0.154069	0.107078
0.165036	0.348227
0.142092	0.154170
0.197152	0.622013
0.179839	0.371368
0.225808	0.441455
0.135263	0.222507
0.234352	0.734693
0.156638	0.303878
0.228102	0.840555
0.201063	0.699698
0.155039	0.349612
0.121949	0.199387
0.081573	0.153358
0.090655	0.118759
0.112803	0.217146
0.098090	0.135364
0.163430	0.289271
0.142349	0.293950
0.126402	0.200980
0.132182	0.161923
0.148723	0.151697
0.236529	0.263729
0.167521	0.363521
0.123899	0.123280
0.203060	0.475160
0.098261	0.266288
0.180581	0.336784
0.111363	0.108579
0.135002	0.122852
0.190332	0.390181
0.152839	0.294215
0.119647	0.153746
0.162423	0.488893
0.108607	0.109150
0.188333	0.242008
0.134914	0.192253
0.218183	0.654548
0.167249	0.274289
0.131253	0.202786
0.220434	0.503691
0.114467	0.127058
0.235009	0.353689
0.179216	0.207890
0.165506	0.145645
0.302236	0.474511
0.221264	0.246710
0.155148	0.204019
0.208191	0.253993
0.165916	0.137710
0.154656	0.167802
0.232297	0.397228
0.213898	0.356140
0.217324	0.368364
0.316587	0.427392
0.318071	0.527997
0.118862	0.105193
0.136417	0.130278
0.124647	0.086006
0.366497	1.033520
0.179099	0.324170
0.224695	0.235930
0.172079	0.114432
0.115144	0.124355
0.194266	0.216606
0.272098	0.487056
0.203268	0.366899
0.158738	0.279378
0.175064	0.280102
0.135596	0.106443
0.182798	0.251347
0.202348	0.299475
0.268636	0.576224
0.197935	0.359253
0.160693	0.207294
0.134908	0.276561
0.203423	0.515678
0.247883	0.321009
0.271956	1.514795
0.120768	0.132845
0.181774	0.279023
0.102639	0.108797
0.269347	0.736664
0.268631	0.431152
0.152572	0.217416
0.190714	0.375707
0.205057	0.369103
0.198702	0.331832
0.157013	0.187631
0.152641	0.180116
0.262727	0.302136
0.151781	0.221600
0.131915	0.108830
0.179504	0.445170
0.102929	0.106531
0.220658	0.344227
0.109277	0.090154
0.185927	0.267735
0.250859	0.408900
0.180512	0.209394
0.223608	0.335412
0.162094	0.142643
0.198657	0.223490
0.304756	0.787795
0.196309	0.179623
0.239281	0.679558
0.209026	0.176627
0.151449	0.130246
0.186026	0.207419
0.202327	0.117350
0.326307	0.531881
0.275769	0.610829
0.197622	0.328052
0.183110	0.154728
0.220260	0.436115
0.184115	0.189639
0.209689	0.247433
0.142800	0.131376
0.151342	0.216419
0.131997	0.109558
0.135749	0.137785
0.127514	0.162580
0.129324	0.196573
0.179683	0.424951
0.096836	0.102646
0.234002	0.476193
0.129855	0.284382
0.178414	0.650317
0.081127	0.129804
0.134975	0.122827
0.168619	0.315318
0.134374	0.242546
0.130804	0.240679
0.110521	0.151966
0.129219	0.151186
0.085019	0.092671
0.221808	0.866160
0.086390	0.155070
0.093876	0.124855
0.172880	0.399353
0.211534	0.756234
0.300239	0.875196
0.103681	0.199585
0.123807	0.199948
0.083800	0.149584
0.226512	0.518712
0.177106	0.224925
0.128592	0.122805
0.218172	0.518159
0.165071	0.335093
0.225372	0.953323
0.259466	0.607151
0.098498	0.103423
0.119615	0.085525
0.131329	0.126076
0.291978	0.483223
0.194126	0.189273
0.157217	0.162719
0.223436	0.456926
0.191558	0.268182
0.108522	0.103638
0.232602	0.491952
0.144597	0.217618
0.157440	0.318028
0.133040	0.179604
0.121961	0.267705
0.168140	0.387563
0.101765	0.227445
0.141344	0.192935
0.138564	0.369965
0.160528	0.453492
0.105448	0.129174
0.190214	0.450807
0.114819	0.192895
0.125412	0.136071
0.208697	0.296350
0.282890	1.132973
0.173864	0.176471
0.170232	0.354933
0.208339	0.220839
0.215882	0.301156
0.291353	0.533177
0.336638	0.871892
0.206501	0.262257
0.260751	0.466744
0.255483	0.274644
0.103560	0.115987
0.306750	1.323628
0.201669	0.671558
0.174836	0.379394
0.124915	0.248580
0.103771	0.136977
0.099517	0.145793
0.154420	0.190708
0.120313	0.093844
0.277857	0.489028
0.240809	0.629714
0.131254	0.181786
0.126552	0.196788
0.151968	0.407273
0.224628	0.735656
0.123124	0.217929
0.119037	0.176769
0.118196	0.115832
0.086272	0.077645
0.225234	0.408800
0.130648	0.156125
0.102272	0.109942
0.133075	0.179651
0.178196	0.299369
0.124893	0.149872
0.105091	0.126109
0.176380	0.290146
0.187857	0.505336
0.137399	0.204038
0.106412	0.150573
0.139083	0.326149
0.149868	0.188084
0.199113	0.609284
0.149899	0.167137
0.093809	0.084897
0.210381	0.658493
0.178083	0.248426
0.084220	0.124646
0.093306	0.150223
0.121053	0.238475
0.107724	0.141118
0.082700	0.197240
0.031604	0.105873
0.058693	0.086572
0.101015	0.185868
0.130670	0.226713
0.192254	0.496014
0.194837	0.352655
0.106083	0.127830
0.257054	0.730034
0.249175	0.473432
0.264302	0.260338
0.334242	1.318584
0.308952	0.551479
0.356791	0.520915
0.452976	1.146030
0.356591	1.413882
0.276765	0.239402
0.166758	0.180098
0.221530	0.210454
0.239201	0.233221
0.186770	0.153151
0.294768	0.977155
0.269710	0.242739
0.182358	0.103944
0.213646	0.112164
0.364181	0.395137
0.305702	0.264432
0.319817	0.614049
0.277072	0.513969
0.268867	0.276933
0.131230	0.082675
0.246601	0.307018
0.168574	0.218303
0.148692	0.187352
0.284067	0.772662
0.172054	0.357013
0.180088	0.213404
0.158937	0.115229
0.325071	0.303941
0.128907	0.097325
0.207343	0.211490
0.195408	0.242306
0.218818	0.184902
0.302547	0.635348
0.209407	0.166479
0.279023	0.435276
0.209381	0.294180
0.169783	0.174028
0.352594	0.788048
0.198138	0.125818
0.188296	0.150637
0.226291	0.162929
0.135721	0.101112
0.155873	0.174578
0.112970	0.111840
0.185102	0.334110
0.306256	0.710515
0.199380	0.361874
0.232508	0.186007
0.233420	0.399148
0.231050	0.202169
0.145498	0.141861
0.217444	0.504471
0.249543	0.477876
0.095393	0.179816
0.142396	0.670685
0.118612	0.147672
0.065798	0.093434
0.124992	0.128117
0.094288	0.161704
0.152051	0.339075
0.188208	0.433819
0.086029	0.084739
0.107077	0.155797
0.197506	0.140229
0.169851	0.110403
0.185576	0.350739
0.216626	0.265367
0.234210	0.316183
0.298798	1.033841
0.111837	0.141474
0.105263	0.194737
0.277169	0.472573
0.370660	0.922943
0.393290	0.615498
0.163291	0.102873
0.181818	0.338182
0.232432	0.445107
0.174284	0.298897
0.216005	0.258126
0.268710	0.290207
0.182320	0.350054
0.191893	0.443272
0.278330	0.436978
0.180921	0.194490
0.264223	1.021222
0.119382	0.161763
0.140252	0.192846
0.095072	0.105055
0.158553	0.227524
0.236166	0.406205
0.247301	0.764159
0.134163	0.165691
0.174054	0.447319
0.221621	0.544081
0.163535	0.309898
0.120441	0.163198
0.225541	0.534531
0.105254	0.164196
0.109521	0.130878
0.115680	0.124356
0.083077	0.112569
0.206270	0.455856
0.169000	0.374335
0.139091	0.326169
0.139426	0.166615
0.241145	0.686057
0.195112	0.359006
0.104020	0.145627
0.203184	0.320015
0.173920	0.234791
0.185057	0.167476
0.212910	0.175651
0.239120	0.383788
0.158347	0.097383
0.156678	0.099491
0.272009	0.484177
0.118671	0.131725
0.125156	0.126407
0.115748	0.097229
0.272435	0.544871
0.236603	0.371467
0.254072	0.445897
0.286147	0.188857
0.254457	0.339699
0.269296	0.410676
0.269745	0.548931
0.126214	0.097185
0.112962	0.125388
0.210126	0.409745
0.257771	0.510386
0.180103	0.186407
0.160503	0.149267
0.171660	0.169943
0.120003	0.110402
0.158521	0.229855
0.086329	0.314671
0.173214	0.760412
0.121766	0.149163
0.186353	0.607510
0.098331	0.190271
0.160783	0.452604
0.081177	0.183054
0.229213	0.365594
0.233859	0.433809
0.220474	0.440947
0.208006	0.267288
0.205904	0.284147
0.260361	0.528533
0.096650	0.096650
0.152246	0.140828
0.287305	0.423775
0.122245	0.178478
0.130402	0.243851
0.209869	0.516278
0.189182	0.593087
0.183159	0.257338
0.126974	0.122530
0.204544	0.672950
0.102778	0.201958
0.098030	0.162239
0.367648	0.450368
0.281146	0.573539
0.305855	1.255534
0.147285	0.132556
0.119283	0.133000
0.276588	1.063481
0.184267	0.342737
0.107919	0.200728
0.145698	0.167553
0.246603	0.313186
0.202359	0.347045
0.155399	0.146852
0.164302	0.136371
0.265847	1.180360
0.200368	0.239440
0.182516	0.322141
0.287920	0.953017
0.207406	0.373330
0.105267	0.126320
0.143313	0.240766
0.073247	0.089728
0.087595	0.171248
0.170850	0.319489
0.106653	0.212240
0.090351	0.137333
0.229714	0.631714
0.095908	0.095429
0.103125	0.130454
0.160937	0.418436
0.238649	1.608498
0.235223	2.569806
0.091534	0.189018
0.132277	0.207676
0.112488	0.273346
0.171472	0.505843
0.159330	0.556061
0.173173	0.548093
0.136850	0.344861
0.105632	0.241370
0.057207	0.112411
0.082157	0.255920
0.090901	0.259976
0.116901	0.335507
0.149008	0.315153
0.082753	0.126611
0.088562	0.209007
0.129455	0.190299
0.131778	0.288595
0.156307	0.358724
0.149164	0.293108
0.084533	0.142015
0.110008	0.259070
0.115423	0.166786
0.087351	0.135831
0.145233	0.185899
0.177403	0.274974
0.103578	0.154849
0.133183	0.271028
0.122827	0.214334
0.270107	0.756299
0.174699	0.312711
0.261080	0.608317
0.145372	0.301646
0.157903	0.220274
0.140603	0.627791
0.169542	0.300090
0.108378	0.125176
0.099543	0.164246
0.112168	0.119459
0.125876	0.175597
0.154021	0.425097
0.080886	0.155706
0.104390	0.098649
0.192593	0.355335
0.165054	0.215396
0.149329	0.173968
0.217174	0.351821
0.155117	0.312560
0.106256	0.199231
0.192781	0.752809
0.118156	0.153012
0.132915	0.222632
0.099469	0.109913
0.211411	0.842472
0.199687	0.358438
0.162235	0.283101
0.100203	0.211427
0.079306	0.144336
0.140865	0.321172
0.232245	0.637513
0.143685	0.281623
0.105413	0.096453
0.183579	0.245078
0.108452	0.109537
0.245868	0.645403
0.132736	0.126763
0.144344	0.264150
0.204017	0.346829
0.201722	0.416555
0.239941	0.485880
0.166956	0.327233
0.097379	0.105169
0.263114	0.328892
0.237121	1.119209
0.220331	0.412019
0.115138	0.157164
0.126869	0.186497
0.138375	0.164667
0.219143	0.482114
0.168200	0.708122
0.194333	1.617818
0.154380	0.286374
0.190945	0.950906
0.222129	0.265444
0.207787	0.371938
0.133504	0.096791
0.159046	0.117694
0.177619	0.334811
0.176704	0.181122
0.203620	0.405203
0.196374	0.457551
0.119631	0.292497
0.120485	0.121690
0.102893	0.144050
0.104737	0.186432
0.092718	0.211396
0.091598	0.087018
0.090438	0.122996
0.095347	0.209287
0.091974	0.131063
0.100669	0.371467
0.133200	0.548119
0.063987	0.101740
0.084767	0.107655
0.070854	0.144189
0.112893	0.169339
0.268506	0.277904
0.204501	0.558287
0.192066	0.137327
0.207365	0.240543
0.217593	0.574446
0.208832	0.468828
0.124399	0.102008
0.071587	0.097717
0.098255	0.124783
0.189652	0.523441
0.186522	0.334807
0.173023	0.260400
0.112046	0.123811
0.163633	0.235631
0.178124	0.374061
0.183504	0.311039
0.111636	0.128939
0.135668	0.208250
0.138778	0.369844
0.128478	0.233830
0.086409	0.114493
0.093625	0.157289
0.122440	0.353240
0.245362	1.132348
0.103883	0.203091
0.117089	0.241789
0.135936	0.163123
0.090231	0.102412
0.112350	0.186501
0.142517	0.508784
0.112027	0.192126
0.119908	0.194252
0.173270	0.369065
0.077882	0.110592
0.158498	0.346318
0.133975	0.286706
0.173438	0.255822
0.264634	1.333755
0.059686	0.082069
0.231140	0.669151
0.102475	0.178307
0.108324	0.118073
0.115419	0.249305
0.155218	0.389598
0.159109	0.287192
0.165342	0.312497
0.215349	0.257342
0.234660	0.549104
0.130748	0.333407
0.150619	0.271114
0.207321	0.528667
0.180159	0.650375
0.134016	0.261331
0.046355	0.085294
0.071921	0.134492
0.125308	0.275051
0.108173	0.185516
0.072898	0.198647
0.108240	0.272223
0.148839	0.549216
0.114927	0.295361
0.105942	0.178513
0.098435	0.236736
0.181917	0.957791
0.112281	0.172352
0.084618	0.167544
0.215161	0.531449
0.167123	0.801354
0.119234	0.156793
0.075855	0.131229
0.121054	0.226371
0.058673	0.129960
0.052323	0.106739
0.045266	0.100037
0.121359	0.275485
0.067715	0.188249
0.112484	0.294707
0.089173	0.172551
0.099471	0.188995
0.078323	0.187583
0.090686	0.221726
0.088623	0.130719
0.062884	0.110676
0.185851	0.679286
0.096120	0.178303
0.078530	0.182976
0.111606	0.268411
0.112064	0.183224
0.090769	0.115277
0.182974	0.190293
0.204618	0.308973
0.170314	0.190752
0.141212	0.194873
0.159287	0.503347
0.143815	0.204937
0.154123	0.362960
0.136544	0.283328
0.125554	0.373523
0.163552	0.222431
0.114047	0.172781
0.146504	0.202909
0.158666	0.350652
0.177530	0.358611
0.157034	0.226914
0.164781	0.383940
0.249232	0.792559
0.115811	0.100177
0.265876	1.144598
0.193280	0.367232
0.202916	0.455547
0.204607	0.265989
0.179508	0.218102
0.194282	0.373993
0.130546	0.112270
0.123096	0.103401
0.257632	0.615740
0.139170	0.160045
0.188900	0.422193
0.093943	0.121656
0.135290	0.140025
0.258776	0.416629
0.147223	0.276043
0.111750	0.156449
0.117641	0.224106
0.258241	0.424806
0.201099	0.190039
0.202574	0.243089
0.230703	0.382968
0.138083	0.166390
0.285075	0.323560
0.225256	0.353652
0.394059	0.703396
0.128929	0.186947
0.128939	0.179225
0.076383	0.154675
0.119384	0.211310
0.174403	0.261605
0.149855	0.231526
0.164245	0.146178
0.228506	1.048843
0.265367	0.618305
0.221070	0.510672
0.123901	0.316566
0.116314	0.114569
0.164038	0.301829
0.113055	0.161104
0.179170	0.308172
0.212801	0.336226
0.079685	0.128293
0.146045	0.501665
0.122283	0.304484
0.122634	0.210930
0.150912	0.245232
0.074392	0.087782
0.142074	0.201035
0.114332	0.112046
0.109741	0.194241
0.092200	0.086668
0.123019	0.140241
0.173192	0.336859
0.276390	1.130435
0.097982	0.136195
0.103900	0.148058
0.112526	0.140658
0.143066	0.399154
0.100456	0.122055
0.093580	0.146452
0.163781	0.666587
0.155554	0.220887
0.162247	0.460781
0.166603	0.281559
0.349167	2.726992
0.110747	0.138988
0.301589	1.323974
0.176903	0.229090
0.164752	0.257836
0.175258	0.233970
0.140166	0.330091
0.280361	1.820941
0.298586	1.525774
0.183864	0.448629
0.121081	0.142876
0.099071	0.174860
0.150555	0.197226
0.095734	0.118711
0.096281	0.141052
0.143425	0.307647
0.120433	0.222198
0.147867	0.260246
0.130574	0.206307
0.084821	0.122566
0.123964	0.192144
0.174958	0.291306
0.112780	0.292663
0.110915	0.136979
0.158820	0.404198
0.105277	0.153177
0.100724	0.211016
0.150193	0.184737
0.159598	0.284085
0.145725	0.247004
0.186786	0.389450
0.206498	1.058300
0.107264	0.127108
0.098442	0.196884
0.180736	0.453647
0.108014	0.218188
0.086213	0.169840
0.086589	0.131182
0.136600	0.258174
0.180864	0.916077
0.109471	0.223868
0.069144	0.125495
0.130495	0.254465
0.158544	1.384878
0.113963	0.291177
0.147619	0.671668
0.251386	1.318522
0.065162	0.097418
0.130459	0.417470
0.076075	0.120579
0.141172	0.235051
0.101382	0.210368
0.189357	2.259027
0.091466	0.095125
0.080466	0.138402
0.122015	0.279415
0.174368	1.066260
0.116596	0.150409
0.118002	0.212403
0.168107	0.525336
0.151233	0.392449
0.222666	0.702511
0.144538	0.354119
0.200810	0.648617
0.089545	0.131183
0.152791	0.296415
0.214924	0.351401
0.177430	0.194286
0.187599	0.245755
0.257305	0.310053
0.160459	0.172494
0.246478	0.330281
0.109403	0.113232
0.171603	0.283144
0.139614	0.149386
0.170915	0.240136
0.201165	0.441558
0.181961	0.310243
0.247237	0.552574
0.071080	0.089205
0.088543	0.109351
0.174715	0.301383
0.146194	0.163007
0.212270	0.136914
0.165724	0.129265
0.282052	0.456924
0.266847	0.504341
0.182834	0.197461
0.206356	0.235246
0.233899	0.391780
0.226902	0.473090
0.249907	0.636013
0.265718	0.573952
0.194202	0.241782
0.175541	0.184318
0.172080	0.181544
0.147331	0.146594
0.173165	0.216457
0.287047	1.221385
0.175241	0.281262
0.123385	0.180759
0.160392	0.223746
0.111194	0.206265
0.125758	0.399911
0.089686	0.128252
0.109918	0.181914
0.107456	0.123575
0.086984	0.111774
0.187836	0.748526
0.074442	0.123201
0.138083	0.221623
0.210353	0.391256
0.195701	0.382596
0.102807	0.194305
0.191400	0.431607
0.169866	0.264142
0.112397	0.182082
0.123436	0.161702
0.133462	0.144139
0.111218	0.219656
0.153067	0.363533
0.126442	0.319897
0.086137	0.150310
0.179012	0.460957
0.090375	0.105739
0.144618	0.331898
0.107499	0.170387
0.099530	0.155765
0.063522	0.088614
0.106957	0.246001
0.074880	0.236622
0.080936	0.161873
0.086774	0.165738
0.084036	0.207568
0.099714	0.237319
0.111128	0.360053
0.097813	0.236219
0.103514	0.346771
0.248758	1.174137
0.076713	0.093590
0.073599	0.101567
0.087262	0.116931
0.109542	0.140762
0.197575	0.465288
0.148687	0.161326
0.163224	0.373783
0.074917	0.102262
0.052249	0.083599
0.123745	0.230165
0.106258	0.099351
0.147466	0.303043
0.156171	0.186624
0.260442	0.802163
0.219381	0.269839
0.203995	0.303953
0.177375	0.348543
0.248353	0.475595
0.150347	0.203720
0.105975	0.164262
0.110322	0.147280
0.178294	0.371743
0.154081	0.476111
0.120338	0.203973
0.071519	0.098696
0.204114	0.259225
0.215283	0.510221
0.157228	0.438667
0.134365	0.158551
0.130893	0.192413
0.178196	0.212944
0.167988	0.241063
0.177781	0.362672
0.197623	0.325091
0.145119	0.211873
0.075236	0.085393
0.092759	0.101108
0.077608	0.104382
0.206360	0.804803
0.125281	0.182911
0.129522	0.183921
0.155676	0.189925
0.120435	0.108994
0.176352	0.390620
0.136671	0.206373
0.163659	1.029416
0.106472	0.130429
0.099296	0.183697
0.098070	0.099541
0.207434	0.533104
0.154071	0.140975
0.099384	0.111310
0.157427	0.347126
0.122064	0.269151
0.114223	0.146206
0.079154	0.112399
0.126513	0.260616
0.154882	0.315186
0.128769	0.220196
0.161151	0.260260
0.223360	0.772827
0.111495	0.134352
0.199621	0.405231
0.207126	0.612058
0.128466	0.206831
0.150432	0.255735
0.117328	0.239936
0.268629	0.991239
0.121031	0.174285
0.130810	0.170052
0.096349	0.134406
0.114858	0.176308
0.202602	0.387984
0.219371	0.364156
0.219918	0.477221
0.181161	0.226451
0.217198	0.426794
0.165538	0.371633
0.103005	0.114850
0.217338	0.331441
0.191214	0.269612
0.113617	0.105096
0.208339	0.296883
0.162944	0.331592
0.072622	0.091504
0.094064	0.097356
0.094094	0.131262
0.107528	0.197314
0.082429	0.164858
0.083778	0.098020
0.141402	0.183823
0.178066	0.390854
0.085025	0.093953
0.071373	0.092071
0.162424	0.311854
0.076176	0.089126
0.123896	0.185844
0.149224	0.393951
0.212140	0.329877
0.277011	4.078981
0.162895	0.223981
0.181797	0.463582
0.136692	0.155829
0.251857	0.386600
0.200706	0.222784
0.192015	0.141131
0.300570	0.506460
0.306499	0.517983
0.144312	0.149363
0.205059	0.146617
0.253330	0.410395
0.187340	0.177036
0.243376	0.261629
0.147244	0.098653
0.240456	0.319807
0.326886	0.390629
0.195240	0.181573
0.179034	0.199623
0.101474	0.120754
0.201069	0.215144
0.122364	0.124811
0.270604	0.633214
0.320707	0.841856
0.173176	0.140272
0.266055	0.529450
0.144894	0.113017
0.078299	0.106486
0.109209	0.155623
0.160159	0.332330
0.104401	0.125281
0.122763	0.143633
0.215832	0.364756
0.156809	0.161513
0.313797	1.747850
0.170358	0.197615
0.127860	0.109959
0.197767	0.294672
0.132344	0.152195
0.134497	0.137860
0.183238	0.210724
0.137486	0.225476
0.198967	0.210905
0.169972	0.300001
0.105985	0.125062
0.161022	0.202082
0.102675	0.159147
0.116764	0.196747
0.264193	0.690865
0.092425	0.121540
0.112577	0.324222
0.193525	0.387050
0.097176	0.150136
0.139588	0.189840
0.109001	0.206557
0.110671	0.245135
0.128607	0.257215
0.142392	0.234236
0.197155	0.777776
0.141766	0.197764
0.085167	0.087722
0.209424	0.698429
0.179504	0.446965
0.121021	0.244463
0.082047	0.178042
0.096834	0.152997
0.209011	0.294705
0.103072	0.126263
0.093611	0.155394
0.203181	0.199117
0.272497	0.335171
0.191310	0.538538
0.186410	0.269362
0.065424	0.127250
0.081434	0.126222
0.087375	0.169944
0.119637	0.479146
0.306423	1.495345
0.153140	0.163094
0.172135	0.284023
0.215403	0.458809
0.111704	0.157502
0.100878	0.104913
0.091175	0.098925
0.075472	0.096981
0.183221	0.212536
0.138015	0.293281
0.181268	0.396071
0.150896	0.238416
0.124991	0.157489
0.176805	0.358030
0.211969	0.376245
0.234634	0.509156
0.124898	0.214824
0.096498	0.164047
0.122428	0.130998
0.145478	0.351330
0.124333	0.120603
0.127006	0.142246
0.187079	0.223559
0.183775	0.165398
0.211671	0.251889
0.139717	0.207480
0.178760	0.200211
0.094993	0.140590
0.172369	0.287856
0.194098	0.785128
0.214352	0.255079
0.117195	0.120711
0.210867	0.285725
0.124888	0.111775
0.227228	0.315847
0.149011	0.263750
0.121488	0.160364
0.234247	0.452097
0.211490	0.653503
0.285292	0.594834
0.144704	0.150492
0.104971	0.112319
0.214064	0.579042
0.182525	0.250972
0.125167	0.186499
0.144592	0.124349
0.198567	0.602652
0.126207	0.205717
0.217044	0.645705
0.089034	0.170946
0.149517	0.248946
0.260825	0.800734
0.193546	0.401608
0.185395	0.172418
0.121338	0.107991
0.136870	0.280583
0.166603	0.104127
0.296674	0.772836
0.150790	0.128172
0.191075	0.240755
0.275480	0.517903
0.115580	0.176837
0.151750	0.426418
0.091193	0.110800
0.125800	0.228328
0.152310	0.322135
0.165170	0.283267
0.116381	0.122200
0.130143	0.141855
0.195660	0.287620
0.243080	0.477653
0.132781	0.177262
0.074645	0.175042
0.102691	0.215137
0.204486	0.476453
0.086858	0.142013
0.083132	0.153794
0.100543	0.097024
0.186558	0.747165
0.090588	0.147206
0.116586	0.145733
0.074373	0.102262
0.085086	0.123375
0.141729	0.602347
0.074735	0.125181
0.085229	0.198583
0.157427	0.501405
0.143126	0.292693
0.163629	0.264261
0.212602	0.503867
0.190945	0.505049
0.077018	0.225663
0.175814	0.292730
0.218695	1.290298
0.088869	0.127527
0.165262	0.181788
0.108046	0.156126
0.127658	0.151914
0.119093	0.105993
0.144904	0.225326
0.177412	0.590782
0.086284	0.225634
0.224499	0.795851
0.254946	0.531563
0.088538	0.150515
0.101670	0.102178
0.136693	0.160614
0.157507	0.231535
0.163973	0.223823
0.266631	0.894548
0.164079	0.233813
0.168148	0.248858
0.155128	0.214852
0.221785	0.512322
0.176800	0.274923
0.102568	0.198469
0.106130	0.147521
0.176800	0.496807
0.102057	0.218403
0.066770	0.093811
0.152449	0.272122
0.158504	0.343953
0.167648	0.322723
0.157639	0.141875
0.140982	0.229096
0.181636	0.145309
0.162934	0.099390
0.178775	0.259224
0.129766	0.108354
0.240184	0.228175
0.184171	0.160229
0.232152	0.804405
0.089090	0.094435
0.182908	0.139924
0.115696	0.102970
0.148608	0.191705
0.187290	0.378326
0.152251	0.162147
0.198481	0.349326
0.180795	0.536058
0.088047	0.103895
0.210257	0.517233
0.179528	0.369827
0.092781	0.104379
0.127064	0.209656
0.162027	0.377523
0.097492	0.197421
0.168854	0.325043
0.118183	0.149502
0.105524	0.244815
0.126477	0.274454
0.064855	0.152085
0.102263	0.178960
0.177700	0.820975
0.070150	0.143106
0.185624	1.165717
0.182677	0.310551
0.136161	0.220582
0.182341	0.352830
0.081155	0.124167
0.260022	0.569449
0.230015	0.288669
0.184175	0.294680
0.191978	0.175660
0.219635	0.259169
0.119294	0.109154
0.199948	0.568853
0.158161	0.181094
0.102566	0.129746
0.159228	0.127382
0.143872	0.166173
0.158216	0.249981
0.219603	0.498500
0.269689	0.748388
0.234178	0.468356
0.267901	0.500974
0.200734	0.360317
0.076467	0.207226
0.252221	0.781884
0.111942	0.123696
0.098326	0.107667
0.091068	0.132049
0.117147	0.168107
0.184688	0.504199
0.081876	0.166207
0.102419	0.173088
0.180514	0.283407
0.114985	0.146605
0.094175	0.099355
0.129047	0.247126
0.149395	0.320452
0.149152	0.246101
0.195531	0.292319
0.186413	0.274027
0.223830	0.473401
0.246477	0.760383
0.266765	0.528194
0.305584	1.301786
0.108642	0.118420
0.135403	0.203104
0.162425	0.397130
0.151140	0.255427
0.233339	0.722185
0.129909	0.233836
0.269257	0.914128
0.109629	0.112370
0.157758	0.440144
0.118990	0.261777
0.172545	0.355442
0.194928	0.875229
0.096614	0.110622
0.101230	0.153364
0.151785	0.359730
0.213736	0.624110
0.153845	0.184614
0.161763	0.238600
0.139990	0.155389
0.122031	0.172674
0.236416	0.693880
0.228695	0.392213
0.102181	0.129259
0.159443	0.173792
0.155011	0.184463
0.245766	0.502591
0.233342	1.041873
0.179871	0.202355
0.232918	0.585790
0.192039	0.458972
0.141425	0.293458
0.197090	0.347863
0.123367	0.204789
0.177529	0.419856
0.116281	0.130817
0.190512	0.368641
0.100209	0.112735
0.242837	0.885142
0.158628	0.161008
0.172500	0.307912
0.113476	0.117448
0.137475	0.253641
0.167218	0.217383
0.105630	0.097180
0.197952	0.570102
0.204447	0.524406
0.184512	0.445597
0.160163	0.152155
0.232006	0.436172
0.219539	0.322722
0.189185	0.244049
0.265867	0.396141
0.105370	0.101155
0.200963	0.229098
0.247531	1.052008
0.162096	0.252059
0.114509	0.113363
0.110058	0.137572
0.243986	0.317182
0.269592	0.303291
0.393124	0.786249
0.305473	0.559015
0.255085	0.253810
0.231555	0.313758
0.177609	0.273518
0.138675	0.124807
0.328981	0.588877
0.304084	0.320808
0.212126	0.254551
0.138615	0.114357
0.233909	0.261978
0.180329	0.190247
0.178525	0.196377
0.156294	0.185209
0.156703	0.157486
0.162577	0.137377
0.229906	0.229906
0.129861	0.205180
0.226293	0.235345
0.268225	0.482804
0.222412	0.433703
0.097497	0.161844
0.126422	0.140960
0.105911	0.150923
0.145711	0.279766
0.175787	0.296201
0.181290	0.257431
0.162256	0.238516
0.152654	0.135099
0.174128	0.274252
0.083703	0.098352
0.153119	0.236569
0.107709	0.098554
0.188727	0.305737
0.151445	0.184006
0.274324	0.976593
0.208954	0.744922
0.176858	0.450103
0.077480	0.094525
0.348166	1.213360
0.110868	0.151890
0.157080	0.289813
0.133362	0.184040
0.101139	0.100128
0.169149	0.350985
0.165641	0.199597
0.228736	0.750254
0.186492	0.523111
0.098998	0.206412
0.116799	0.230094
0.063472	0.096795
0.262147	1.482444
0.145290	0.290579
0.137295	0.118074
0.169022	0.281422
0.201911	0.614820
0.273043	0.356321
0.227046	0.457497
0.207454	0.247908
0.184790	0.110874
0.120046	0.133251
0.118474	0.124397
0.194791	0.327249
0.117149	0.158736
0.084001	0.103741
0.078028	0.088952
0.111375	0.229989
0.156794	0.318291
0.204206	0.392075
0.148214	0.269009
0.119726	0.186772
0.091579	0.096158
0.120974	0.140935
0.137306	0.214197
0.143800	0.253807
0.149738	0.297979
0.200019	0.490046
0.115797	0.225805
0.132801	0.240370
0.089996	0.150743
0.107221	0.287889
0.088048	0.170813
0.042855	0.094495
0.129573	0.140587
0.097427	0.115938
0.171026	0.303571
0.137999	0.348448
0.146771	0.549659
0.103247	0.276187
0.100995	0.165631
0.113572	0.178309
0.091703	0.101332
0.200520	0.392017
0.111791	0.147005
0.203825	0.203825
0.106286	0.112131
0.147958	0.233774
0.108383	0.123015
0.080555	0.095457
0.216444	0.504315
0.240339	0.794321
0.172651	0.633630
0.126542	0.174628
0.085484	0.104290
0.116294	0.184907
0.247730	0.357970
0.119654	0.229735
0.085453	0.119634
0.108080	0.111863
0.083182	0.082767
0.175225	0.329423
0.238118	0.277408
0.207766	0.310610
0.128325	0.172597
0.296313	0.800044
0.250623	0.587710
0.130127	0.173719
0.273709	0.364033
0.183243	0.124605
0.164325	0.141319
0.290245	0.766247
0.177657	0.266485
0.118915	0.100483
0.189389	0.194124
0.204562	0.221950
0.165588	0.144061
0.105203	0.096787
0.255204	0.548689
0.139104	0.198918
0.140516	0.211476
0.071419	0.094273
0.169532	0.344151
0.122256	0.168713
0.157487	0.239380
0.128905	0.125683
0.114627	0.236705
0.172323	0.326552
0.148822	0.191980
0.144605	0.332592
0.102881	0.216565
0.107898	0.138109
0.142106	0.102317
0.150416	0.163953
0.140925	0.213501
0.180406	0.298572
0.172361	0.274054
0.241457	0.294578
0.163612	0.269960
0.103407	0.145804
0.219396	0.892941
0.105134	0.113019
0.126615	0.201319
0.219739	0.657018
0.145909	0.220323
0.173194	0.205235
0.198800	0.260428
0.236980	0.445523
0.102140	0.101118
0.155902	0.332072
0.125393	0.115362
0.176420	0.218761
0.128078	0.192757
0.136296	0.273955
0.094298	0.092884
0.186794	0.358644
0.292254	1.357518
0.255694	0.411667
0.252441	0.388759
0.131511	0.211733
0.158533	0.552487
0.122836	0.195923
0.104805	0.162971
0.084344	0.210859
0.121144	0.247740
0.284159	1.729108
0.144709	0.400120
0.112214	0.145318
0.136040	0.261877
0.141020	0.372997
0.174105	0.591957
0.125806	0.170467
0.107065	0.119378
0.143003	0.293157
0.179032	0.304354
0.086944	0.117375
0.159361	0.491630
0.095035	0.214304
0.133916	0.183465
0.116011	0.117171
0.189569	0.375346
0.143589	0.343178
0.250671	1.853714
0.123080	0.255391
0.164096	0.324909
0.088813	0.097694
0.114381	0.199023
0.155603	0.312763
0.181133	0.351397
0.194292	0.428414
0.150147	0.174922
0.125144	0.314738
0.214721	1.419308
0.088617	0.138685
0.235056	0.768633
0.178429	0.349720
0.102561	0.220506
0.087158	0.152090
0.218287	0.515158
0.176613	0.269334
0.095043	0.095043
0.136931	0.154048
0.188150	0.438389
0.204519	0.348705
0.147976	0.233802
0.122992	0.110078
0.150344	0.218750
0.214920	0.730729
0.095697	0.142110
0.064808	0.096241
0.103204	0.275554
0.094970	0.199437
0.085886	0.106069
0.119196	0.206208
0.125720	0.319958
0.090513	0.150705
0.080982	0.149413
0.104529	0.274389
0.115602	0.178028
0.210798	0.437406
0.118724	0.157902
0.069816	0.130905
0.089922	0.185689
0.118800	0.191862
0.048855	0.107969
0.066887	0.214374
0.057275	0.224518
0.135286	0.315217
0.088893	0.110672
0.150585	0.128750
0.161609	0.311906
0.215804	0.313995
0.364745	1.194540
0.203544	0.306334
0.266122	0.574824
0.148476	0.131401
0.160009	0.269615
0.122943	0.097125
0.159342	0.150578
0.106137	0.136386
0.167617	0.311767
0.190192	0.286239
0.172338	0.674704
0.163280	0.138788
0.171528	0.132076
0.193243	0.382621
0.276543	0.754963
0.251845	0.560356
0.097510	0.132126
0.218037	0.436074
0.201094	0.258406
0.107643	0.151238
0.108875	0.091455
0.198725	0.272254
0.181028	0.192795
0.191791	0.208093
0.173710	0.192818
0.129869	0.209090
0.161404	0.158983
0.188702	0.381179
0.191064	0.531159
0.131042	0.520893
0.126568	0.164539
0.112847	0.152908
0.097233	0.098205
0.134930	0.143026
0.097134	0.103934
0.123470	0.263608
0.138406	0.180620
0.116462	0.164212
0.180853	0.384313
0.142028	0.233636
0.097337	0.118264
0.237316	0.598037
0.110700	0.091881
0.186405	0.383995
0.154771	0.400083
0.104577	0.245232
0.125869	0.367537
0.083636	0.176473
0.109978	0.102279
0.078050	0.102635
0.186551	0.298481
0.141694	0.330147
0.121931	0.242643
0.162767	0.213225
0.127049	0.160717
0.144312	0.394693
0.107902	0.174801
0.060392	0.101459
0.189505	0.430177
0.176494	0.349459
0.123210	0.104729
0.144344	0.153005
0.228835	1.179646
0.150837	0.205893
0.088801	0.121213
0.121230	0.203060
0.158326	0.207407
0.134455	0.138488
0.103897	0.090390
0.118806	0.160982
0.201403	0.346413
0.168011	0.299900
0.120293	0.199084
0.089578	0.100327
0.106013	0.136756
0.100451	0.115519
0.206153	0.447351
0.382532	1.677401
0.146158	0.217776
0.199707	0.442352
0.126389	0.194007
0.209177	0.274022
0.158443	0.202015
0.188289	0.420825
0.111032	0.111032
0.202286	0.235663
0.120385	0.110754
0.096471	0.096953
0.247370	0.526898
0.118975	0.103508
0.222248	0.427827
0.146429	0.128125
0.177749	0.300396
0.150018	0.222777
0.139318	0.224999
0.132283	0.176597
0.179306	0.625777
0.090328	0.122846
0.191658	0.280779
0.295279	2.534972
0.189267	0.212926
0.178636	0.128618
0.212680	0.175461
0.194347	0.313871
0.241987	0.470664
0.213967	0.333788
0.244480	0.666209
0.095785	0.101054
0.187874	0.407687
0.129557	0.196279
0.148363	0.212159
0.235957	0.213542
0.258425	0.237751
0.378623	1.115044
0.159250	0.105105
0.225208	0.297274
0.198775	0.219646
0.200093	0.165077
0.209816	0.339902
0.221408	0.189304
0.379987	0.353387
0.219770	0.116478
0.410552	0.671252
0.229238	0.293424
0.235186	0.232834
0.314258	0.562523
0.213890	0.191431
0.301645	0.271481
0.172061	0.517043
0.125890	0.259963
0.177260	0.374905
0.174642	0.347538
0.174093	0.171482
0.210168	0.207015
0.285701	0.388554
0.114176	0.099333
0.106661	0.209588
0.180545	0.809743
0.098468	0.271279
0.093186	0.162610
0.142335	0.325947
0.091668	0.183335
0.186410	0.738183
0.088251	0.329617
0.058552	0.287489
0.036354	0.313011
0.106550	0.218960
0.086640	0.166349
0.093395	0.109272
0.142630	0.467825
0.086986	0.225729
0.166780	0.215147
0.121448	0.121448
0.112152	0.145797
0.253651	0.319600
0.138566	0.168358
0.216808	0.329549
0.181200	0.212005
0.076800	0.120192
0.116858	0.158343
0.170463	0.365643
0.313161	1.354419
0.122266	0.127157
0.263941	0.459257
0.161358	0.243650
0.174499	0.307991
0.160959	0.818477
0.112714	0.247972
0.093596	0.189531
0.115680	0.260859
0.173244	0.621081
0.286437	1.376328
0.080443	0.108195
0.142772	0.182034
0.099672	0.161967
0.137595	0.225656
0.102121	0.167478
0.077116	0.079429
0.128597	0.177463
0.151290	0.201216
0.120544	0.175994
0.164505	0.386587
0.175097	0.501653
0.127813	0.246040
0.130527	0.140969
0.131199	0.156127
0.184313	0.266332
0.113879	0.108754
0.150947	0.410577
0.159577	0.383784
0.128170	0.253777
0.109351	0.118100
0.073014	0.081775
0.157139	0.279707
0.083323	0.091239
0.162934	0.364157
0.142316	0.161529
0.194716	0.371907
0.130211	0.274093
0.268230	0.836879
0.127433	0.205804
0.184505	0.321038
0.130214	0.143236
0.113687	0.162004
0.271883	1.044031
0.223208	0.254457
0.135870	0.139946
0.294200	0.981156
0.133627	0.200440
0.136366	0.194322
0.109399	0.109946
0.110857	0.136908
0.114118	0.124388
0.134933	0.161245
0.098538	0.086714
0.291724	1.928294
0.123924	0.142513
0.115904	0.186026
0.128655	0.222573
0.222873	0.281935
0.268865	0.626454
0.151244	0.187542
0.215977	0.707324
0.122583	0.484815
0.134119	0.690041
0.113076	0.210322
0.219966	0.472926
0.179187	0.770502
0.176477	0.564726
0.169696	0.362301
0.114528	0.113956
0.151861	0.204253
0.117475	0.191485
0.085508	0.222747
0.067812	0.139353
0.113801	0.352213
0.094627	0.203447
0.089115	0.120305
0.153202	0.448116
0.099000	0.172260
0.104795	0.275086
0.142492	0.315620
0.152840	0.245308
0.184139	0.335132
0.134841	0.105850
0.087663	0.099935
0.094598	0.091287
0.236380	1.297724
0.154684	0.465599
0.080834	0.110743
0.105568	0.171548
0.080366	0.139434
0.144172	0.243651
0.233595	0.717137
0.091858	0.160751
0.197674	0.668138
0.145211	0.160459
0.279753	0.844855
0.147712	0.339738
0.054828	0.122267
0.193575	0.398765
0.099476	0.091020
0.173164	0.245893
0.157190	0.179197
0.179188	0.304619
0.178267	0.302162
0.111342	0.123033
0.118117	0.161821
0.312700	1.278942
0.109419	0.125832
0.163531	0.593618
0.153403	0.210162
0.185796	0.518371
0.108776	0.169691
0.140148	0.920073
0.061963	0.135078
0.080613	0.187829
0.074665	0.094078
0.060304	0.102215
0.091061	0.280469
0.069243	0.259660
0.067711	0.146255
0.131144	0.211142
0.161657	0.335438
0.055626	0.081214
0.140692	0.250432
0.115053	0.209971
0.126640	0.282406
0.250078	1.884337
0.087318	0.116134
0.204640	0.369375
0.102339	0.203654
0.123255	0.232335
0.090559	0.162554
0.180684	0.505915
0.163252	0.247326
0.332272	1.648067
0.191566	0.478915
0.114879	0.184956
0.105077	0.101924
0.214491	0.329244
0.184254	0.165829
0.241801	0.641981
0.239315	0.740680
0.098490	0.095043
0.300385	0.905662
0.220753	0.336648
0.124085	0.102990
0.167664	0.222993
0.140705	0.130152
0.143439	0.104711
0.297606	1.166616
0.145515	0.214634
0.172268	0.441867
0.128115	0.146692
0.131936	0.093015
0.258886	0.359852
0.209388	0.389462
0.123782	0.138016
0.178567	0.275886
0.290383	0.550276
0.205537	0.509732
0.281743	2.234221
0.101128	0.111240
0.119248	0.110900
0.101452	0.151164
0.136039	0.114953
0.095625	0.153000
0.139349	0.217385
0.154044	0.162517
0.083722	0.117629
0.221433	0.432902
0.114037	0.209259
0.065468	0.101802
0.131654	0.244877
0.173985	0.488897
0.079208	0.189308
0.045162	0.087162
0.057627	0.111796
0.073356	0.127272
0.093795	0.214790
0.079203	0.169891
0.097057	0.127144
0.057354	0.106392
0.085753	0.155212
0.101916	0.241032
0.222114	1.010617
0.096701	0.241753
0.084523	0.296674
0.152666	0.588526
0.061936	0.126349
0.146203	0.337730
0.109445	0.218891
0.163830	0.865024
0.221106	0.421207
0.174453	0.380308
0.167649	0.346196
0.124112	0.154519
0.153638	0.174379
0.165595	0.140756
0.195158	0.240044
0.280715	1.073736
0.109102	0.101464
0.208046	0.248615
0.180955	0.243384
0.125902	0.125902
0.214420	0.441705
0.307324	1.072560
0.224430	0.418562
0.244855	0.663558
0.192218	0.439219
0.087588	0.119996
0.162501	0.415191
0.215441	0.391026
0.107723	0.105030
0.260227	0.905589
0.247271	0.459923
0.179717	0.239922
0.116466	0.206727
0.110659	0.153263
0.296735	0.728485
0.196133	0.402073
0.231207	0.320222
0.244118	0.634707
0.195876	0.274227
0.330579	1.912402
0.097870	0.110104
0.207610	0.513835
0.241907	0.547919
0.195833	0.470980
0.196659	0.429699
0.089485	0.125280
0.196143	0.286369
0.199152	0.347520
0.212655	0.366830
0.178405	0.216762
0.088190	0.133167
0.137466	0.652276
0.124222	0.206829
0.098176	0.142846
0.146465	0.421818
0.149461	0.367675
0.106687	0.144561
0.095226	0.099987
0.107143	0.221250
0.095488	0.113630
0.119255	0.132969
0.249987	0.869953
0.114155	0.176370
0.072177	0.086251
0.175117	0.443921
0.077041	0.139830
0.104916	0.121178
0.101973	0.154998
0.213237	0.283606
0.136086	0.290544
0.182241	0.574059
0.085407	0.111883
0.110072	0.332418
0.091395	0.162683
0.159687	0.178051
0.211005	0.337608
0.256953	0.692489
0.205273	0.702035
0.133687	0.188498
0.145554	0.189948
0.189474	0.235896
0.225435	0.577114
0.188573	0.254574
0.139218	0.164277
0.198962	0.392951
0.157736	0.243702
0.117470	0.217906
0.174920	0.540503
0.181517	0.280443
0.081895	0.121205
0.126748	0.228779
0.123088	0.200018
0.164230	0.246346
0.253636	0.569413
0.234487	0.320075
0.151242	0.188296
0.290206	0.580412
0.230136	0.372820
0.205488	0.310287
0.219089	0.287007
0.255089	0.362227
0.128427	0.151543
0.125475	0.149316
0.126485	0.263721
0.179011	0.439472
0.111691	0.230642
0.063337	0.084872
0.134573	0.221373
0.145327	0.134427
0.130225	0.225289
0.168819	0.261670
0.139817	0.367020
0.175686	0.534963
0.110793	0.187241
0.146359	0.193194
0.205736	0.702588
0.114028	0.267395
0.110912	0.147513
0.138839	0.264488
0.132376	0.385213
0.137483	0.334084
0.145030	0.486575
0.227551	2.210662
0.193672	0.291477
0.178894	0.432028
0.183243	0.296853
0.119951	0.256694
0.058626	0.088819
0.116333	0.288507
0.098559	0.159665
0.142567	0.248779
0.072742	0.113114
0.125713	0.345710
0.066344	0.097858
0.064194	0.075106
0.084932	0.142261
0.149378	0.187469
0.077532	0.121726
0.136451	0.350680
0.131012	0.371419
0.175244	0.380279
0.163278	0.279205
0.200311	0.770195
0.285400	0.543688
0.112670	0.096896
0.268116	0.715871
0.176552	0.264828
0.323217	0.930864
0.117513	0.126326
0.204560	0.372300
0.206816	0.461200
0.165463	0.177045
0.188974	0.459208
0.261513	0.377887
0.167873	0.118350
0.133870	0.109774
0.141060	0.153050
0.127206	0.101765
0.163295	0.285767
0.116895	0.140274
0.142789	0.238457
0.193264	0.356572
0.194794	0.404198
0.075942	0.124164
0.105205	0.184635
0.205601	0.316625
0.107272	0.149644
0.245942	0.957945
0.167819	0.198027
0.129571	0.307730
0.097439	0.096465
0.141587	0.129552
0.195033	0.363737
0.221378	0.381878
0.117622	0.173492
0.159884	0.185466
0.193632	0.407595
0.175287	0.201581
0.183857	0.537782
0.187917	0.261204
0.210884	0.216156
0.227393	0.529826
0.141725	0.117632
0.127683	0.100231
0.290872	0.543931
0.242559	0.441458
0.132351	0.163454
0.273154	0.584549
0.155265	0.295780
0.197507	0.342675
0.150605	0.195787
0.114359	0.185261
0.124024	0.093638
0.183334	0.314418
0.143371	0.238713
0.288556	0.693978
0.170454	0.259943
0.115308	0.132604
0.152992	0.251672
0.113384	0.142864
0.165025	0.577587
0.194714	0.663975
0.119145	0.142974
0.097627	0.153275
0.142267	0.229049
0.165130	0.323656
0.293979	0.529163
0.224504	0.433292
0.152259	0.111149
0.074745	0.219003
0.136337	0.369472
0.093125	0.154588
0.115100	0.177830
0.101033	0.167210
0.100962	0.181731
0.065296	0.118512
0.116684	0.115518
0.113542	0.135682
0.142580	0.351459
0.092615	0.123641
0.134356	0.213627
0.190321	0.468191
0.114877	0.189547
0.128672	0.133819
0.237289	0.557629
0.199866	0.219852
0.137356	0.122247
0.130701	0.198666
0.198252	0.465891
0.131264	0.240870
0.185573	0.282071
0.114030	0.168764
0.139804	0.343218
0.368290	1.381086
0.232725	1.266026
0.222452	1.006597
0.151897	0.142024
0.163999	0.223039
0.119385	0.168929
0.172622	0.157086
0.225600	0.783959
0.228165	0.803139
0.194897	0.263111
0.134080	0.181008
0.258624	0.482334
0.179735	0.224669
0.106490	0.107555
0.197851	0.605424
0.095520	0.188175
0.162092	0.203425
0.187546	0.414477
0.247702	0.848379
0.202631	0.548116
0.103551	0.121154
0.150485	0.118883
0.195234	0.327992
0.076470	0.084117
0.128299	0.147544
0.145049	0.231353
0.120127	0.424048
0.117880	0.116701
0.137698	0.264380
0.144487	0.379279
0.084513	0.110712
0.173277	0.440122
0.118637	0.121603
0.155510	0.507739
0.101355	0.195615
0.071030	0.099797
0.089177	0.138670
0.054095	0.083848
0.121027	0.182751
0.076200	0.115062
0.156887	0.469877
0.081519	0.193200
0.132814	0.365903
0.271636	0.761940
0.120218	0.393112
0.083515	0.218810
0.139109	0.121720
0.145327	0.169306
0.199049	0.509566
0.143815	0.222195
0.117879	0.171514
0.145587	0.135396
0.163620	0.629937
0.157104	0.349556
0.176316	0.397592
0.137094	0.169311
0.119084	0.332245
0.089593	0.189042
0.128049	0.194635
0.068601	0.096727
0.255070	0.705267
0.134404	0.226471
0.136657	0.124358
0.157472	0.212587
0.276080	0.477618
0.391397	0.653632
0.366543	0.535153
0.296183	0.439831
0.101960	0.122861
0.264647	0.834963
0.233977	0.155594
0.151271	0.117235
0.151164	0.331049
0.214147	0.199156
0.212056	0.384882
0.178993	0.298023
0.157023	0.383921
0.169263	0.405384
0.159749	0.107830
0.139548	0.114429
0.216099	0.608320
0.123186	0.350464
0.128231	0.117973
0.079690	0.087260
0.262601	1.865783
0.069203	0.100691
0.102320	0.077251
0.137927	0.127582
0.150229	0.147224
0.224315	0.675188
0.194429	0.268311
0.163011	0.370849
0.133111	0.260899
0.111283	0.235363
0.103945	0.087313
0.098047	0.151483
0.103403	0.129771
0.140269	0.173934
0.184908	0.514043
0.131519	0.157166
0.157479	0.341730
0.093341	0.158680
0.089005	0.099685
0.260106	1.313537
0.115642	0.094826
0.175899	0.641151
0.121504	0.174966
0.151709	0.305694
0.122521	0.211962
0.127371	0.165582
0.231775	0.728933
0.096211	0.093806
0.177445	0.377957
0.134487	0.164746
0.084200	0.093883
0.079553	0.106998
0.195487	0.511198
0.090792	0.131648
0.172427	0.265537
0.112361	0.123597
0.158482	0.289229
0.110409	0.183279
0.209869	0.339988
0.162801	0.140009
0.124087	0.164416
0.166187	0.220197
0.135052	0.172866
0.100830	0.112425
0.118756	0.233949
0.128062	0.137667
0.137721	0.544685
0.101204	0.108289
0.104065	0.136325
0.123233	0.199021
0.168703	0.382112
0.141308	0.320770
0.166071	0.396080
0.105094	0.156064
0.065908	0.105124
0.109665	0.140919
0.092452	0.145612
0.142187	0.340539
0.127922	0.214908
0.208607	0.372363
0.114056	0.180208
0.122920	0.273498
0.140858	0.421165
0.144079	0.304006
0.146103	0.391556
0.198179	0.392394
0.111430	0.130373
0.266619	0.638552
0.158522	0.286925
0.089939	0.126814
0.144348	0.212913
0.129172	0.125942
0.112524	0.244177
0.332551	1.114045
0.140952	0.265695
0.085695	0.148253
0.144332	0.282170
0.115942	0.233623
0.070667	0.102820
0.170582	0.579126
0.165187	0.304770
0.167628	0.165113
0.208227	0.370644
0.111470	0.114814
0.255465	0.407466
0.137468	0.145029
0.237058	0.501377
0.106874	0.103133
0.101608	0.183403
0.174477	0.425723
0.138835	0.260315
0.250894	1.336011
0.136817	0.159392
0.111363	0.121386
0.091955	0.098851
0.133433	0.155449
0.127193	0.103662
0.121245	0.133370
0.170032	0.187885
0.209875	0.244504
0.242037	0.813244
0.220264	0.698238
0.242469	0.455842
0.128105	0.099281
0.111148	0.138379
0.147888	0.235881
0.252884	0.517147
0.106410	0.105878
0.149068	0.201987
0.205481	0.417126
0.079365	0.122619
0.099794	0.126738
0.112168	0.159840
0.074397	0.094485
0.077845	0.114432
0.107837	0.125630
0.135250	0.252242
0.157716	0.805928
0.091715	0.341639
0.170735	0.425130
0.208057	0.541988
0.091626	0.125985
0.256277	1.112244
0.103366	0.195878
0.110128	0.267062
0.129396	0.245206
0.156351	0.351008
0.044258	0.137864
0.062360	0.103829
0.080716	0.131970
0.079394	0.163948
0.090323	0.233936
0.129991	0.295729
0.110474	0.308221
0.087562	0.168119
0.092024	0.226379
0.095035	0.194346
0.106217	0.253327
0.183102	1.066572
0.159452	0.338836
0.071019	0.194593
0.184285	0.610905
0.095411	0.156474
0.182781	1.244737
0.062616	0.181900
0.072096	0.111388
0.109273	0.295036
0.118680	0.251601
0.089074	0.141627
0.098326	0.280722
0.110880	0.293276
0.073012	0.123755
0.073465	0.149868
0.103002	0.185404
0.140449	0.372189
0.081392	0.157494
0.118651	0.212385
0.083887	0.102342
0.156185	0.218659
0.118442	0.163450
0.113015	0.179129
0.116255	0.267386
0.182764	0.647897
0.139922	0.284741
0.202648	0.758918
0.086373	0.171019
0.065977	0.113811
0.103841	0.103322
0.132518	0.300153
0.113967	0.270673
0.060770	0.119413
0.039837	0.096206
0.070688	0.283106
0.158890	0.478259
0.199824	0.668412
0.063150	0.099777
0.101213	0.138156
0.124086	0.245690
0.103184	0.263635
0.126259	0.248731
0.109754	0.137742
0.082134	0.087062
0.123038	0.139648
0.145290	0.116232
0.142584	0.169675
0.128102	0.147318
0.305118	0.869587
0.279553	0.863818
0.122465	0.119403
0.199114	0.984620
0.192446	0.324272
0.115336	0.105533
0.114757	0.272548
0.227084	0.621074
0.126606	0.151295
0.158824	0.316059
0.132363	0.229649
0.223360	0.431086
0.189787	0.241030
0.276617	0.492378
0.320497	1.177826
0.241432	0.290925
0.150206	0.128426
0.392823	1.526117
0.248052	0.155032
0.211619	0.250768
0.207058	0.476233
0.154643	0.302327
0.145590	0.181259
0.087533	0.096286
0.210788	0.370988
0.184635	0.141246
0.273108	0.293591
0.357007	0.808620
0.306566	0.455251
0.200448	0.669495
0.226055	0.342473
0.158652	0.235598
0.145211	0.232338
0.203772	0.569541
0.122049	0.088486
0.149387	0.151628
0.226902	0.414095
0.180130	0.213454
0.210693	0.296023
0.212901	0.430059
0.132663	0.097507
0.210725	0.321356
0.158934	0.319456
0.125022	0.373814
0.069692	0.134853
0.069011	0.095235
0.100974	0.298380
0.113034	0.254892
0.073786	0.102931
0.089245	0.163765
0.178810	0.386229
0.116469	0.137434
0.068209	0.130278
0.090384	0.179864
0.048202	0.083872
0.125787	0.294341
0.112485	0.154104
0.172158	0.505283
0.114208	0.118776
0.094554	0.142777
0.087056	0.168888
0.116233	0.105772
0.073373	0.092083
0.112549	0.145188
0.117825	0.180861
0.164671	0.526124
0.086963	0.113921
0.116102	0.196793
0.241046	0.644798
0.150170	0.351397
0.107829	0.108368
0.196165	0.517875
0.215916	0.463141
0.108921	0.112733
0.075710	0.109023
0.125702	0.166556
0.098855	0.111212
0.095538	0.148083
0.105515	0.136643
0.101667	0.145384
0.117866	0.157940
0.180063	0.674335
0.207627	0.291716
0.141549	0.232140
0.234054	0.250438
0.297689	0.299178
0.284839	0.284839
0.134061	0.119315
0.085552	0.142871
0.116056	0.294201
0.148540	0.173049
0.104387	0.131528
0.098001	0.151412
0.138238	0.269563
0.199585	0.795348
0.151359	0.279257
0.086626	0.097021
0.117806	0.165517
0.141313	0.164629
0.145823	0.335393
0.197230	0.340222
0.190497	0.309557
0.180475	0.308611
0.109630	0.164446
0.151233	0.462772
0.132983	0.305860
0.085749	0.138055
0.102750	0.284618
0.080801	0.140190
0.068226	0.112913
0.097892	0.104744
0.119013	0.207678
0.180747	0.504285
0.140300	0.316376
0.244493	1.399723
0.103951	0.144492
0.170500	0.554979
0.099912	0.123391
0.182640	0.319620
0.101257	0.184793
0.142946	0.360224
0.123679	0.202834
0.085411	0.114878
0.136769	0.262597
0.106844	0.182702
0.174098	0.329046
0.105883	0.208589
0.105641	0.154236
0.171276	0.249206
0.134582	0.161498
0.120140	0.342399
0.133070	0.229546
0.133980	0.310834
0.212684	0.991108
0.121911	0.225535
0.146511	0.452719
0.145783	0.465047
0.102693	0.182280
0.140230	0.497117
0.156828	0.323849
0.121293	0.528839
0.117535	0.252113
0.096765	0.239011
0.149644	0.295546
0.160416	0.337676
0.162120	0.288573
0.097924	0.154230
0.083897	0.157306
0.084052	0.237026
0.067915	0.107645
0.149255	0.273882
0.163073	0.530801
0.147431	0.204929
0.125422	0.311046
0.068269	0.106500
0.141279	0.356730
0.208401	0.612698
0.128910	0.232683
0.129623	0.325355
0.140093	0.309606
0.119900	0.193638
0.114262	0.143398
0.130771	0.236042
0.125955	0.129104
0.170238	0.444321
0.173918	0.193049
0.217338	0.469451
0.154307	0.659661
0.184048	0.787726
0.111173	0.224569
0.157277	0.270517
0.206696	1.095490
0.134962	0.213240
0.091404	0.162242
0.165340	0.422443
0.177329	0.220775
0.118792	0.161557
0.109232	0.168217
0.097888	0.136554
0.166408	0.354450
0.171591	0.410103
0.148787	0.284182
0.236025	0.479131
0.179066	0.214879
0.155594	0.218610
0.087684	0.135034
0.096887	0.225748
0.218637	0.690893
0.128604	0.266853
0.109679	0.119001
0.193176	0.608503
0.245386	1.033073
0.180645	0.436257
0.177930	0.395895
0.096576	0.103336
0.114779	0.183647
0.166443	0.682417
0.168941	0.549903
0.086184	0.186158
0.141882	0.269576
0.153514	0.143536
0.234077	0.607431
0.137033	0.212402
0.197043	0.201969
0.227625	0.330056
0.181555	0.413945
0.156579	0.187895
0.170749	0.274906
0.165801	0.391290
0.149467	0.369184
0.060771	0.172285
0.030864	0.208796
0.064667	0.107023
0.082497	0.141894
0.121319	0.279033
0.063452	0.101206
0.126801	0.209221
0.074697	0.118395
0.141337	0.166071
0.158929	0.480761
0.139559	0.331452
0.108717	0.141331
0.138520	0.239639
0.119170	0.143004
0.091909	0.127753
0.181954	0.667770
0.271356	0.683817
0.109004	0.237628
0.162041	0.529873
0.148547	0.194597
0.118908	0.127231
0.128482	0.188869
0.183285	0.136547
0.282590	1.069602
0.200223	0.536597
0.208457	0.390857
0.221651	0.469900
0.264272	0.996305
0.262681	0.428169
0.165126	0.214663
0.142769	0.222006
0.098410	0.115631
0.181596	0.246971
0.268954	0.576906
0.199912	0.248891
0.148354	0.166156
0.336446	1.525785
0.192261	0.284547
0.183511	0.338578
0.229054	0.234781
0.279391	0.576943
0.344044	1.224795
0.198908	0.137246
0.301181	0.549656
0.266536	0.345164
0.194076	0.196016
0.175919	0.378225
0.097904	0.108183
0.124091	0.222744
0.170483	0.346933
0.124746	0.207702
0.191211	0.388158
0.088367	0.141830
0.191977	0.844697
0.261949	2.174176
0.090074	0.142317
0.249600	0.464257
0.241034	0.779746
0.166758	0.262643
0.153766	0.239106
0.108490	0.129646
0.124522	0.150049
0.150806	0.329511
0.143849	0.299926
0.103578	0.160546
0.069302	0.090440
0.151483	0.393100
0.149512	0.550950
0.111548	0.342453
0.083233	0.225978
0.099248	0.238691
0.068238	0.091780
0.149431	0.254032
0.097736	0.111907
0.147007	0.131571
0.151176	0.154199
0.196029	0.277381
0.133203	0.198473
0.155064	0.148861
0.117149	0.139993
0.150837	0.242848
0.148560	0.274093
0.136569	0.392635
0.130875	0.126949
0.101890	0.097815
0.080202	0.099450
0.188118	0.661234
0.141992	0.142702
0.130785	0.119668
0.196228	0.390493
0.260866	0.449993
0.113985	0.119684
0.256833	0.496971
0.309904	1.016486
0.359719	0.994623
0.190041	0.228049
0.370428	0.746413
0.108726	0.127753
0.131676	0.096782
0.265626	0.402423
0.252227	1.034129
0.295061	0.382104
0.270645	1.005444
0.165072	0.175801
0.267767	0.305254
0.234677	0.274572
0.175899	0.226030
0.207614	0.472321
0.184986	0.160013
0.187704	0.230876
0.199458	0.373984
0.107584	0.110274
0.252811	0.498037
0.236613	0.378581
0.201573	0.405161
0.111923	0.085061
0.236951	0.639767
0.219866	0.456221
0.184727	0.373148
0.179621	0.203870
0.177014	0.234544
0.188705	0.291550
0.234722	0.386117
0.226959	0.618464
