Velocity(m/s)	Chord(mm)
0.093186	0.307979
0.065643	0.102731
0.142146	0.611940
0.143213	0.574998
0.095129	0.253518
0.082758	0.179586
0.109726	0.210675
0.077897	0.121519
0.111960	0.628098
0.100850	0.321711
0.076871	0.181799
0.285878	2.557182
0.059985	0.114272
0.098314	0.173524
0.148176	0.317096
0.075209	0.138385
0.171099	0.520997
0.193188	0.481039
0.091341	0.198209
0.099717	0.309622
0.087988	0.172897
0.113309	0.427175
0.075775	0.156096
0.073323	0.156545
0.096519	0.184834
0.205807	1.344948
0.039471	0.133412
0.037607	0.155503
0.104720	0.209440
0.118615	0.265106
0.089040	0.134451
0.101204	0.315249
0.074889	0.175614
0.091376	0.263621
0.090727	0.209580
0.101923	0.160019
0.155091	0.390053
0.134904	0.294765
0.094339	0.283488
0.103444	0.169647
0.125976	0.364071
0.122675	0.213454
0.070192	0.154072
0.161838	0.250040
0.140948	0.190279
0.132753	0.168596
0.194561	0.202343
0.323237	1.228300
0.143181	0.339338
0.087869	0.137954
0.111344	0.181490
0.086137	0.151171
0.114713	0.155437
0.074575	0.173759
0.166625	0.295759
0.150120	0.316753
0.132276	0.228837
0.097757	0.215065
0.266309	1.247655
0.114791	0.228433
0.168849	0.450826
0.118794	0.193634
0.159301	0.467549
0.243271	1.390294
0.127428	0.221725
0.127716	0.178802
0.077183	0.092234
0.104958	0.152714
0.153229	0.329443
0.088433	0.118943
0.201410	0.384693
0.093107	0.133142
0.283380	0.841639
0.177175	0.356122
0.085719	0.097291
0.097157	0.189942
0.066853	0.172146
0.184453	0.410409
0.093155	0.139267
0.062463	0.114932
0.095392	0.134980
0.127509	0.415679
0.064507	0.127401
0.126471	0.371193
0.083807	0.143728
0.076395	0.128344
0.180497	0.985514
0.137014	0.311021
0.080364	0.120948
0.099465	0.116871
0.076326	0.145400
0.068343	0.181450
0.067415	0.106853
0.109600	0.230708
0.131746	0.442668
0.115583	0.194180
0.093751	0.246095
0.031664	0.080109
0.167321	0.465151
0.169718	0.719606
0.104147	0.361390
0.107467	0.266517
0.076185	0.271599
0.162794	0.339426
0.107873	0.192015
0.112752	0.134739
0.170268	0.127701
0.175963	0.418792
0.148392	0.238911
0.126422	0.262326
0.187923	0.706589
0.088022	0.209052
0.116904	0.251344
0.099933	0.108927
0.228293	0.640361
0.086414	0.144744
0.089565	0.220778
0.099916	0.155869
0.125146	0.381068
0.168850	0.358806
0.169348	0.340390
0.090597	0.097845
0.103545	0.221585
0.077928	0.141049
0.107639	0.176527
0.074800	0.175780
0.135289	0.158288
0.290251	0.359912
0.251822	0.552750
0.315343	0.764708
0.379459	1.115609
0.111782	0.129668
0.095559	0.161973
0.126042	0.156293
0.288037	1.178070
0.108210	0.192615
0.168105	0.334529
0.112238	0.171724
0.186937	0.462669
0.157605	0.279750
0.153984	0.113948
0.235242	0.277585
0.376597	0.551715
0.266201	0.154397
0.276770	1.396303
0.158288	0.129005
0.305840	0.574979
0.149587	0.182496
0.212225	0.889222
0.116547	0.170158
0.108301	0.168409
0.124438	0.138749
0.348961	0.799120
0.343114	0.912683
0.158347	0.174181
0.282921	0.587061
0.238657	0.168253
0.233198	0.381279
0.137070	0.187100
0.322540	0.398337
0.266356	0.609954
0.121650	0.271280
0.151075	0.294596
0.111555	0.231477
0.075127	0.093909
0.060468	0.101284
0.113231	0.281945
0.275429	2.306722
0.145741	0.233186
0.079883	0.143389
0.103479	0.219375
0.129190	0.292616
0.219039	0.388795
0.115822	0.176628
0.118915	0.156373
0.111053	0.129932
0.165119	0.219608
0.322360	1.226579
0.213408	0.372397
0.214785	0.505819
0.174574	0.447782
0.154102	0.194939
0.269572	0.975850
0.164690	0.326086
0.161961	0.212169
0.156722	0.357326
0.311231	1.181123
0.114300	0.182880
0.191607	0.455067
0.106893	0.175839
0.116423	0.187440
0.169682	0.337668
0.255158	0.810125
0.156451	0.346540
0.114920	0.284428
0.174989	0.509217
0.104638	0.131321
0.098362	0.211478
0.110260	0.180826
0.099491	0.160679
0.121748	0.371941
0.059930	0.139037
0.093763	0.196434
0.191931	0.331080
0.137403	0.334575
0.135823	0.216638
0.081083	0.104191
0.185786	0.259171
0.299307	0.710855
0.144876	0.233250
0.144833	0.217973
0.115178	0.198106
0.150389	0.233102
0.136991	0.315765
0.126837	0.170596
0.226543	0.317160
0.413617	1.739261
0.301050	0.772192
0.165438	0.210933
0.109687	0.091589
0.120568	0.138051
0.111606	0.127230
0.116831	0.144870
0.204526	0.356898
0.261755	0.502569
0.334834	1.237213
0.123353	0.274461
0.138975	0.187617
0.170336	0.385812
0.130358	0.402155
0.155538	0.241861
0.155686	0.224966
0.215838	0.342103
0.118230	0.163748
0.094804	0.165907
0.183928	0.362339
0.305988	0.809339
0.192488	0.333967
0.287206	0.710835
0.153077	0.169150
0.243323	0.318753
0.131934	0.136551
0.288403	0.709470
0.201359	0.306066
0.183875	0.327297
0.236946	0.412286
0.299464	0.612404
0.185147	0.342522
0.284519	0.385524
0.146265	0.166742
0.147079	0.174289
0.138845	0.195077
0.237369	0.312140
0.137663	0.134221
0.108370	0.139798
0.145274	0.169244
0.061876	0.077655
0.188771	0.184996
0.136653	0.201563
0.256815	1.734787
0.267969	0.545317
0.128250	0.166084
0.083636	0.173545
0.246382	0.831539
0.179435	0.249414
0.132598	0.283097
0.222384	0.346919
0.179512	0.364410
0.184085	0.354363
0.084442	0.261769
0.066039	0.086182
0.178503	0.541756
0.130191	0.171201
0.121646	0.385008
0.094307	0.173053
0.055699	0.312469
0.241969	0.644847
0.122577	0.336473
0.115086	0.197372
0.100814	0.195076
0.087670	0.129751
0.165297	0.188439
0.182654	0.429237
0.151802	0.337000
0.129825	0.231738
0.057747	0.124156
0.073442	0.096576
0.074482	0.184343
0.143643	0.311706
0.099387	0.176910
0.147574	0.231692
0.160491	0.390797
0.092536	0.087909
0.167614	0.421550
0.181379	0.563182
0.096796	0.164553
0.204900	0.356526
0.210253	0.279637
0.197792	0.609199
0.106491	0.181568
0.138445	0.784981
0.130677	0.236525
0.168597	0.317806
0.093137	0.196054
0.116958	0.271344
0.123375	0.305354
0.150834	1.041512
0.045051	0.238317
0.106273	0.122214
0.137464	0.207570
0.130377	0.412642
0.146524	0.209529
0.144857	0.147754
0.177007	0.170812
0.361779	1.041924
0.489585	1.919172
0.351903	0.825213
0.237768	0.240145
0.304576	0.260412
0.165277	0.110736
0.446385	1.319067
0.304971	0.320220
0.259294	0.234661
0.251899	0.525209
0.290023	0.323376
0.243764	0.482653
0.304925	0.426895
0.314999	0.637873
0.226600	0.135960
0.416934	0.783836
0.152246	0.151485
0.303107	0.491034
0.351617	0.692685
0.223901	0.325777
0.226902	0.255264
0.167334	0.251837
0.251753	0.333572
0.195926	0.140087
0.104051	0.124862
0.353983	0.594691
0.152825	0.087110
0.217371	0.299972
0.128330	0.143730
0.238814	0.448971
0.241416	0.533529
0.229138	0.436508
0.142757	0.274093
0.118543	0.170109
0.128802	0.162934
0.130888	0.579833
0.150421	0.103790
0.153641	0.331865
0.118411	0.126700
0.235229	0.525736
0.120801	0.109929
0.079675	0.074097
0.155304	0.152198
0.129314	0.087287
0.109632	0.282302
0.055419	0.233866
0.084630	0.189995
0.075442	0.141077
0.132407	0.142338
0.114320	0.196058
0.087244	0.111672
0.129066	0.327828
0.079357	0.136097
0.088827	0.135461
0.086892	0.152929
0.082299	0.111926
0.164462	0.221201
0.083187	0.142665
0.153934	0.238598
0.087217	0.170509
0.098818	0.238646
0.068544	0.137088
0.056193	0.294731
0.071287	0.182495
0.164307	0.388586
0.081771	0.111208
0.153961	0.295604
0.251959	1.953944
0.112758	0.204092
0.078310	0.149963
0.094020	0.167356
0.074157	0.221731
0.104843	0.847129
0.234869	2.388615
0.175178	0.548306
0.106552	0.195522
0.099460	0.162120
0.077462	0.157635
0.202299	0.667585
0.204804	0.434185
0.257203	2.618327
0.110133	0.271477
0.135289	0.562125
0.142040	0.371435
0.159388	0.147434
0.199584	0.341288
0.168969	0.227264
0.195340	0.170923
0.167935	0.243505
0.139115	0.235104
0.141351	0.357617
0.088628	0.163518
0.122269	0.202966
0.099534	0.121929
0.184191	0.274445
0.084782	0.077576
0.110875	0.144692
0.111478	0.312140
0.105907	0.186396
0.188373	0.830724
0.118299	0.238964
0.121539	0.150708
0.131658	0.510175
0.054624	0.108156
0.083590	0.224856
0.064016	0.142756
0.119363	0.130703
0.230079	1.058363
0.088776	0.202409
0.083242	0.116123
0.227799	1.037626
0.112921	0.142281
0.064704	0.128113
0.190175	0.416483
0.104992	0.316025
0.217111	2.127683
0.123830	0.136833
0.215742	0.580345
0.300363	1.117350
0.175871	0.224235
0.184822	0.347466
0.146519	0.140658
0.126112	0.183492
0.151443	0.110553
0.136483	0.115328
0.098491	0.110802
0.173848	0.160809
0.256783	0.781903
0.249910	0.131203
0.305220	1.123210
0.274270	0.676075
0.153774	0.168382
0.150104	0.209396
0.265111	0.306203
0.320991	0.487906
0.204191	0.151101
0.344634	0.701331
0.444334	0.762032
0.310513	0.444033
0.337305	0.502584
0.129532	0.080957
0.146772	0.096870
0.452676	0.590742
0.304976	0.243981
0.299133	0.557884
0.150944	0.130567
0.423408	0.349312
0.412525	0.511531
0.135454	0.165254
0.218612	0.383664
0.177921	0.210836
0.239623	0.361831
0.180352	0.154201
0.130330	0.112736
0.207287	0.254963
0.117954	0.153930
0.080464	0.083683
0.130300	0.273631
0.154574	0.398028
0.165788	0.391259
0.133990	0.207685
0.123621	0.348612
0.179895	0.304023
0.137028	0.202801
0.135885	0.162382
0.219749	0.959204
0.089729	0.095562
0.237081	0.672125
0.207050	0.305399
0.281440	0.444675
0.222188	0.513255
0.186865	0.203683
0.127741	0.389609
0.134272	0.284658
0.130136	0.236848
0.189351	0.253730
0.139028	0.202981
0.126541	0.326475
0.077269	0.219445
0.151694	0.222232
0.126718	0.322499
0.077460	0.197135
0.104862	0.273689
0.093395	0.142428
0.121564	0.135544
0.094286	0.135771
0.210565	0.582211
0.107072	0.274104
0.128672	0.207806
0.105884	0.203827
0.125399	0.146716
0.083494	0.184521
0.113858	0.156555
0.125969	0.209109
0.095046	0.147796
0.095453	0.161793
0.112557	0.162082
0.088278	0.099313
0.145860	0.162634
0.143330	0.270177
0.135742	0.584371
0.110718	0.109057
0.126138	0.232093
0.187757	0.353922
0.164240	0.389248
0.172215	0.222158
0.142913	0.255101
0.294741	1.329280
0.127765	0.142457
0.137490	0.142303
0.140337	0.270851
0.118821	0.165161
0.225016	0.502910
0.188808	0.601354
0.104357	0.161754
0.096056	0.122952
0.100225	0.283637
0.235045	1.291571
0.048003	0.078725
0.075763	0.122736
0.086042	0.167352
0.081826	0.200882
0.041747	0.129624
0.091338	0.135181
0.057109	0.145913
0.068119	0.106947
0.224213	0.876673
0.134290	0.259180
0.146994	0.163898
0.207487	0.385927
0.090463	0.119411
0.203151	0.458105
0.168257	0.158162
0.248799	0.587167
0.254270	0.291139
0.343277	0.686553
0.211032	0.321824
0.292850	0.452453
0.299753	0.358205
0.228594	0.209163
0.369452	0.288173
0.172154	0.117926
0.201955	0.300913
0.301121	0.239391
0.222589	0.402886
0.291097	0.534163
0.278729	0.450147
0.133494	0.166868
0.241102	0.259185
0.445644	1.154218
0.308136	1.204811
0.077480	0.082129
0.117003	0.150934
0.142742	0.416093
0.206759	0.440396
0.100229	0.141825
0.196080	0.421572
0.202048	0.233366
0.099007	0.189597
0.090717	0.199125
0.079244	0.118074
0.075109	0.134821
0.309967	0.698976
0.253372	0.378791
0.142700	0.124149
0.159871	0.240606
0.125559	0.149416
0.192134	0.382347
0.145249	0.217873
0.225674	0.778577
0.086129	0.071918
0.113866	0.133793
0.131777	0.305723
0.131400	0.264771
0.118798	0.244129
0.120992	0.184513
0.101268	0.293676
0.124619	0.216214
0.102746	0.266625
0.090486	0.273268
0.167009	0.415851
0.110619	0.141592
0.288975	1.371186
0.142247	0.327879
0.189405	0.388280
0.156116	0.298963
0.105371	0.086931
0.095681	0.116731
0.179708	0.611907
0.167691	0.386527
0.194780	0.270744
0.076813	0.150554
0.144087	0.291055
0.083362	0.185063
0.139953	0.233022
0.080140	0.153868
0.194458	0.659212
0.146867	0.436195
0.098286	0.150378
0.080568	0.104335
0.182051	0.537960
0.116194	0.189977
0.078028	0.114311
0.076582	0.155079
0.070108	0.086233
0.102164	0.244172
0.146033	0.196415
0.132957	0.270567
0.158922	1.030606
0.145565	0.427233
0.134781	0.357844
0.159498	0.414696
0.220128	1.742317
0.109759	0.198115
0.103326	0.277946
0.218051	1.403160
0.125833	0.212028
0.123688	0.223876
0.149778	0.328014
0.134710	0.132016
0.090373	0.156797
0.239123	0.492593
0.148724	0.411221
0.195637	0.687664
0.319591	1.224033
0.118927	0.188499
0.205406	0.193082
0.237878	0.702931
0.155300	0.371944
0.121870	0.087137
0.355527	0.881708
0.390844	1.326916
0.173737	0.199798
0.117646	0.107646
0.109053	0.103600
0.332160	0.795524
0.156961	0.153037
0.238688	0.550175
0.184330	0.330873
0.221698	0.261603
0.373298	0.503953
0.253076	0.304957
0.187783	0.126753
0.357324	0.979067
0.409882	0.547193
0.353477	0.646864
0.274600	0.252632
0.326838	0.611188
0.395685	0.540110
0.231032	0.204463
0.203967	0.131559
0.196322	0.207120
0.303886	0.203603
0.206938	0.161411
0.320700	0.214869
0.179356	0.142588
0.140170	0.099521
0.305317	0.880840
0.164052	0.183738
0.139661	0.128489
0.183433	0.406303
0.229594	0.416713
0.315776	0.705759
0.210395	0.244058
0.168277	0.186787
0.126870	0.183961
0.335653	0.664593
0.116276	0.130811
0.143493	0.285552
0.124603	0.158245
0.159153	0.518042
0.097219	0.332002
0.085334	0.134401
0.058278	0.085086
0.133524	0.305769
0.160806	0.225933
0.220007	0.524718
0.171706	0.186301
0.167589	0.177644
0.243898	0.839010
0.209729	0.235945
0.140889	0.119051
0.250690	0.381049
0.218515	0.235997
0.127001	0.172721
0.257653	0.654439
0.177041	0.338149
0.193978	0.396686
0.077476	0.080575
0.255668	0.471707
0.139690	0.239568
0.335200	0.628499
0.407366	1.093777
0.372554	0.597949
0.141488	0.117435
0.237665	0.528805
0.178042	0.244808
0.172669	0.156266
0.173204	0.239022
0.097955	0.193951
0.110978	0.153705
0.107114	0.130679
0.080853	0.186769
0.088872	0.247065
0.037264	0.086453
0.129508	0.275851
0.139332	0.831114
0.084793	0.353165
0.102521	0.585395
0.195731	0.420822
0.217624	0.460274
0.122700	0.144173
0.244262	0.266245
0.310592	0.838598
0.093422	0.111640
0.120005	0.112205
0.303186	0.453264
0.104724	0.141901
0.163130	0.280583
0.225714	0.476256
0.126513	0.140429
0.122774	0.121546
0.137615	0.114221
0.148228	0.430601
0.133942	0.180822
0.074957	0.088074
0.157295	0.332678
0.170234	1.265690
0.103219	0.118702
0.176669	0.394855
0.266857	2.022775
0.098358	0.117538
0.117270	0.195841
0.065191	0.227841
0.062017	0.158764
0.085084	0.257804
0.046923	0.092908
0.110324	0.424749
0.072181	0.142918
0.103288	0.218970
0.064773	0.097484
0.090189	0.144754
0.121805	0.468950
0.217973	1.045183
0.153043	0.225739
0.131090	0.233997
0.261630	1.147247
0.347624	1.465235
0.183263	0.192426
0.163708	0.205453
0.206678	0.650002
0.242502	0.805106
0.163965	0.371380
0.186443	0.553735
0.093184	0.136048
0.113858	0.134922
0.203732	0.659074
0.183422	0.376016
0.124410	0.219584
0.099072	0.188237
0.078884	0.121876
0.079363	0.097617
0.104604	0.279816
0.202863	0.431083
0.283098	0.908744
0.102780	0.330437
0.100856	0.281389
0.078414	0.113309
0.110764	0.123502
0.110268	0.172570
0.167422	0.431112
0.110524	0.118813
0.295496	1.100723
0.180288	0.563400
0.108615	0.116761
0.144063	0.136139
0.446150	3.000356
0.145168	0.181460
0.232747	0.427091
0.163498	0.273041
0.151492	0.154522
0.134806	0.243325
0.093633	0.171349
0.090341	0.225852
0.166133	0.428624
0.200364	0.307559
0.162196	0.238428
0.127979	0.129259
0.111774	0.285023
0.087658	0.146389
0.188693	0.325496
0.078783	0.126841
0.128145	0.253727
0.087164	0.109827
0.120185	0.224747
0.114687	0.284423
0.184133	0.814788
0.135346	0.166475
0.085672	0.105805
0.167612	0.270693
0.178418	0.408576
0.124228	0.166465
0.157219	0.282994
0.136886	0.219702
0.190072	0.495138
0.101370	0.182466
0.116257	0.152297
0.199862	0.404721
0.128892	0.153382
0.118341	0.252658
0.147942	0.770779
0.098540	0.120712
0.076871	0.110695
0.205543	0.734815
0.085579	0.126229
0.148741	0.146510
0.167246	0.384665
0.258240	0.803127
0.174623	0.274157
0.140898	0.233186
0.188685	0.534923
0.278027	0.450403
0.139806	0.263535
0.210584	0.219007
0.109452	0.236415
0.221899	0.495945
0.143831	0.389064
0.063517	0.095276
0.120577	0.222465
0.093617	0.127787
0.072884	0.086367
0.159331	0.368054
0.122293	0.425580
0.100566	0.291139
0.200408	0.728482
0.091872	0.195688
0.064219	0.125548
0.093180	0.198008
0.060656	0.102812
0.146290	0.276488
0.131029	0.205060
0.192147	0.416959
0.171307	0.498505
0.208077	0.496264
0.081985	0.098791
0.125544	0.341479
0.140182	0.297186
0.115712	0.210596
0.094634	0.193526
0.233044	0.426470
0.156720	0.222542
0.123392	0.339329
0.180991	1.075993
0.304097	1.462706
0.195339	0.443419
0.083776	0.113935
0.099640	0.118571
0.214501	0.407552
0.164918	0.422190
0.285909	0.874880
0.132742	0.223670
0.098429	0.163884
0.153893	0.375499
0.184818	0.261517
0.165555	0.569508
0.146614	0.164940
0.136608	0.109286
0.244878	0.293854
0.285691	0.535671
0.239709	0.294842
0.173952	0.185259
0.262195	0.250396
0.187207	0.393135
0.229444	0.349902
0.117466	0.153293
0.090294	0.084425
0.103927	0.190186
0.148797	0.244027
0.202450	0.592167
0.159244	0.177558
0.233507	0.828951
0.123447	0.179615
0.072477	0.130096
0.089577	0.171988
0.190937	0.418152
0.149650	0.733287
0.091708	0.111426
0.100316	0.227216
0.314988	3.519991
0.104856	0.232780
0.148822	0.220256
0.118752	0.186441
0.145698	0.355502
0.104454	0.162948
0.133316	0.249300
0.112453	0.197355
0.184506	0.852419
0.096770	0.191121
0.155046	0.377537
0.127078	0.200148
0.230924	0.416818
0.137788	0.312778
0.194254	0.378796
0.075647	0.156968
0.097509	0.177466
0.113421	0.295463
0.074126	0.158259
0.119654	0.258452
0.097590	0.229824
0.102908	0.282996
0.119917	0.381336
0.088190	0.157419
0.141900	0.368231
0.076069	0.094706
0.133750	0.306956
0.098835	0.126015
0.092859	0.124895
0.111399	0.147603
0.099963	0.125453
0.110409	0.180519
0.239020	0.650135
0.064770	0.098126
0.088969	0.115215
0.078005	0.187603
0.086303	0.162250
0.069356	0.147035
0.151717	0.772241
0.184709	0.450690
0.091660	0.100827
0.125342	0.176106
0.107393	0.107930
0.158920	0.193883
0.207567	0.672518
0.121529	0.099654
0.206691	0.357575
0.156881	0.362395
0.223444	0.317291
0.178256	0.369881
0.230140	0.541981
0.112120	0.173786
0.109632	0.252702
0.200967	0.396909
0.212635	0.431650
0.163830	0.633204
0.137574	0.427166
0.144531	0.351933
0.150436	0.295608
0.083548	0.124905
0.115104	0.211791
0.132528	0.161684
0.132191	0.285532
0.105945	0.393585
0.106201	0.243201
0.097353	0.173774
0.117072	0.299120
0.203784	0.710187
0.073843	0.119256
0.134615	0.320384
0.061196	0.198887
0.070031	0.092090
0.119647	0.336808
0.073018	0.091272
0.079574	0.153181
0.130940	0.244204
0.114419	0.268313
0.139487	0.358481
0.237777	1.609752
0.070139	0.099598
0.147513	0.592266
0.322346	2.999432
0.125876	0.156716
0.185704	0.304555
0.275428	0.765690
0.305438	1.177463
0.126529	0.402995
0.076155	0.114613
0.099812	0.148221
0.079349	0.122991
0.124399	0.327171
0.088774	0.175772
0.142180	0.416589
0.144537	0.312199
0.163274	0.517580
0.124154	0.311628
0.111721	0.591002
0.123181	0.227270
0.125301	0.282554
0.070718	0.140729
0.089733	0.306887
0.122168	0.145379
0.278189	1.208730
0.127130	0.187516
0.079650	0.188771
0.184092	0.319399
0.184209	0.557232
0.086125	0.189476
0.115127	0.128366
0.136090	0.337502
0.060947	0.108791
0.081961	0.094255
0.103317	0.356445
0.139793	0.265606
0.206560	0.444104
0.152754	0.182541
0.203241	0.375996
0.140072	0.530873
0.123552	0.101931
0.244161	0.968100
0.151378	0.264154
0.063137	0.077343
0.167087	0.482045
0.160505	0.258413
0.102312	0.178534
0.117931	0.249423
0.183722	0.546572
0.149049	0.368897
0.137829	0.221904
0.074397	0.113084
0.158954	0.423613
0.087105	0.128044
0.289330	1.152979
0.203229	0.546686
0.097568	0.145865
0.189450	0.362796
0.102010	0.178007
0.117814	0.405868
0.135170	0.210189
0.095478	0.121257
0.100226	0.129291
0.247206	1.148273
0.055724	0.152684
0.200916	0.741381
0.199916	0.676714
0.118405	0.258714
0.060511	0.099238
0.058452	0.115443
0.190184	0.517301
0.175045	0.700182
0.144630	0.295769
0.100066	0.150098
0.099385	0.206224
0.117033	0.253962
0.140604	0.215826
0.162699	0.255437
0.079700	0.097235
0.141946	0.423000
0.103208	0.219318
0.127023	0.194980
0.090414	0.153704
0.073633	0.139534
0.056641	0.116963
0.084573	0.155614
0.100780	0.155705
0.098006	0.212674
0.093790	0.236352
0.093877	0.191978
0.087402	0.111001
0.088565	0.148789
0.081739	0.155304
0.111109	0.442769
0.050599	0.090318
0.072566	0.176698
0.083179	0.232069
0.097480	0.270508
0.132722	0.207047
0.087804	0.158047
0.075124	0.196074
0.130937	0.321451
0.148732	0.516101
0.083691	0.138927
0.094550	0.251975
0.126588	0.250644
0.074601	0.108544
0.084478	0.173180
0.084011	0.125597
0.179724	0.309125
0.111503	0.149971
0.176070	0.462183
0.079590	0.125752
0.085737	0.127319
0.169089	0.355087
0.081534	0.244602
0.071539	0.107666
0.091018	0.268047
0.132421	0.408518
0.089676	0.115682
0.101613	0.095008
0.145606	0.262091
0.102339	0.189328
0.111504	0.158335
0.151701	1.129417
0.140914	0.367784
0.138372	0.195104
0.113432	0.278475
0.103368	0.252736
0.074836	0.166511
0.073604	0.100102
0.087835	0.142732
0.177457	0.343379
0.110295	0.186950
0.098990	0.199465
0.222976	0.462676
0.160294	0.387110
0.092647	0.130632
0.163839	1.082979
0.046364	0.092729
0.083415	0.197694
0.077107	0.160768
0.074618	0.146252
0.100018	0.877659
0.096266	0.241627
0.088763	0.237440
0.094845	0.151278
0.090147	0.123051
0.101495	0.176602
0.136034	0.204731
0.172757	0.253952
0.149643	0.309012
0.210303	0.286012
0.142158	0.130074
0.107956	0.145200
0.235424	0.474378
0.247620	0.581907
0.158993	0.191587
0.158445	0.210732
0.162571	0.117864
0.145657	0.163864
0.162734	0.200163
0.192787	0.241948
0.185643	0.318378
0.197891	0.335426
0.131384	0.155691
0.137458	0.221994
0.134917	0.149757
0.195337	0.544991
0.124427	0.143714
0.179639	0.352092
0.138038	0.169096
0.110373	0.215227
0.118484	0.251779
0.114833	0.260672
0.100384	0.136021
0.084933	0.168168
0.155655	0.462294
0.160972	0.226166
0.076933	0.149251
0.256463	1.377205
0.131710	0.318081
0.196349	0.799140
0.077034	0.146751
0.085734	0.190329
0.196782	0.478180
0.135186	0.272399
0.132117	0.262913
0.130607	0.233787
0.242490	0.654724
0.170846	0.489473
0.106815	0.168234
0.128903	0.213335
0.145806	0.290155
0.130269	0.205825
0.386951	3.267802
0.060733	0.150010
0.056634	0.172168
0.060723	0.167291
0.173182	0.312594
0.117878	0.424360
0.176470	0.464999
0.139638	0.312091
0.087036	0.130990
0.115906	0.425375
0.134675	0.393923
0.315460	0.242904
0.215778	0.265407
0.308007	0.392709
0.250012	0.405019
0.283264	1.024001
0.116291	0.204673
0.143411	0.244515
0.203120	0.386944
0.420608	1.200835
0.241210	0.521013
0.280009	0.961830
0.241325	0.238912
0.130774	0.104619
0.224211	0.383401
0.286643	0.525989
0.257959	0.736473
0.297582	0.427031
0.148533	0.116599
0.214214	0.220640
0.108020	0.128544
0.217113	0.354979
0.247122	0.462119
0.175571	0.315151
0.353892	0.854649
0.145673	0.135476
0.195857	0.384858
0.121739	0.103478
0.177537	0.405672
0.169625	0.409645
0.125295	0.177292
0.294690	1.701835
0.078190	0.073107
0.152097	0.269973
0.110864	0.116407
0.140872	0.116219
0.155647	0.157982
0.161480	0.242220
0.099491	0.227833
0.171926	0.315484
0.220843	0.965084
0.074124	0.086354
0.189772	0.565520
0.093543	0.142186
0.077067	0.139105
0.181949	1.151739
0.100609	0.353139
0.117842	0.335262
0.085086	0.143371
0.156041	1.035331
0.257562	1.591735
0.124339	0.443892
0.087145	0.127667
0.069181	0.130060
0.106902	0.231978
0.163846	0.484166
0.158433	0.359643
0.108339	0.169009
0.105624	0.232901
0.211328	1.601866
0.151388	0.352733
0.186106	0.257757
0.098506	0.157117
0.183334	0.264918
0.160010	0.260816
0.268278	0.525826
0.075969	0.143582
0.218039	0.332509
0.128936	0.265609
0.064284	0.096747
0.084213	0.194111
0.256587	0.392578
0.156376	1.670882
0.084471	0.143600
0.078876	0.315505
0.182545	0.955623
0.182823	0.406780
0.113941	0.255798
0.099896	0.207284
0.042287	0.120730
0.078709	0.134199
0.139292	0.309924
0.174674	0.347601
0.340165	0.870822
0.339320	0.439419
0.230422	0.301852
0.270654	0.399214
0.302401	0.329617
0.157334	0.165987
0.492799	1.202430
0.317220	0.891389
0.372744	0.601982
0.151841	0.141972
0.199969	0.368943
0.318361	0.588968
0.298432	0.199949
0.245967	0.618606
0.208034	0.262123
0.224382	0.260283
0.472035	0.693891
0.272497	0.140336
0.224430	0.124559
0.257771	0.262927
0.147022	0.119823
0.412798	1.636745
0.467338	0.955706
0.271325	0.420554
0.116723	0.128395
0.097249	0.113295
0.072089	0.143456
0.097522	0.226250
0.067173	0.113523
0.328673	1.155285
0.062795	0.113030
0.084854	0.143827
0.180649	0.508526
0.168394	0.372993
0.233089	0.560580
0.242160	0.311175
0.180099	0.223323
0.187399	0.237997
0.154744	0.208131
0.284005	0.800893
0.176551	0.331033
0.116608	0.110195
0.118860	0.115295
0.264724	0.557244
0.144879	0.111557
0.217383	0.522806
0.181250	0.330781
0.139558	0.388669
0.128752	0.216304
0.127002	0.251463
0.142871	0.329318
0.149843	0.160332
0.198414	0.365082
0.207461	0.247916
0.234418	0.414920
0.261620	0.465684
0.263433	0.422810
0.185210	0.175950
0.204799	0.302078
0.095409	0.112105
0.153118	0.283269
0.192351	0.396243
0.168461	0.294807
0.106362	0.201023
0.146906	0.406195
0.166794	0.231843
0.268073	0.298901
0.281695	0.304231
0.390414	0.876479
0.374468	0.462468
0.293014	0.451242
0.244902	0.394293
0.178686	0.113465
0.346549	0.734684
0.146589	0.142191
0.358078	0.565764
0.140347	0.221047
0.198211	0.459849
0.107935	0.133839
0.316664	0.538329
0.193388	0.177917
0.205352	0.207405
0.268834	0.299750
0.413496	2.003390
0.152115	0.341499
0.167274	0.567894
0.194706	0.583145
0.234414	0.720823
0.206971	0.263888
0.225800	0.760944
0.122478	0.151260
0.191343	0.207608
0.310473	1.189111
0.233774	0.492095
0.274506	0.728814
0.265472	0.562800
0.249915	0.524821
0.153618	0.193559
0.198676	0.384438
0.110958	0.142581
0.148902	0.588908
0.070470	0.106762
0.126576	0.199357
0.104281	0.154336
0.078326	0.290589
0.068954	0.133426
0.135465	0.211325
0.138822	0.258904
0.105976	0.144658
0.304571	0.293911
0.201181	0.249465
0.178688	0.122402
0.233784	0.128581
0.300998	0.228759
0.261910	0.113931
0.369454	0.221673
0.341478	0.288549
0.364426	0.187680
0.388519	0.376864
0.353426	0.411741
0.185726	0.286018
0.097656	0.176269
0.116791	0.192706
0.124658	0.139617
0.067508	0.139404
0.156924	0.230679
0.094536	0.152676
0.059933	0.078212
0.122945	0.271093
0.147021	0.143345
0.107957	0.191084
0.085799	0.233375
0.136924	0.325879
0.084138	0.098442
0.072229	0.172628
0.086080	0.136006
0.062820	0.180922
0.087605	0.116077
0.148014	0.526190
0.151958	0.547808
0.104810	0.264645
0.070892	0.124415
0.069119	0.111281
0.069983	0.131918
0.135597	0.309162
0.161262	0.278984
0.097251	0.157547
0.083142	0.114736
0.169509	0.364444
0.105806	0.185160
0.084110	0.146351
0.183020	0.373361
0.184354	0.927299
0.188897	0.262567
0.129472	0.105519
0.243428	0.273857
0.119142	0.115568
0.248097	0.471383
0.234311	0.563518
0.172014	0.344027
0.247846	1.040951
0.112389	0.119133
0.092846	0.094703
0.199102	0.393227
0.106701	0.130708
0.203976	0.784287
0.096863	0.138514
0.112779	0.095862
0.100038	0.086533
0.157854	0.727708
0.210349	0.310264
0.124876	0.166085
0.148120	0.250322
0.197442	0.305048
0.103792	0.153613
0.208124	0.414167
0.100801	0.077113
0.298062	0.467957
0.372510	1.305648
0.196146	0.241260
0.067753	0.108744
0.171049	0.342097
0.145415	0.222485
0.186401	0.319677
0.178025	0.166453
0.155906	0.180071
0.139126	0.180864
0.255858	0.745825
0.187857	0.379472
0.116559	0.100241
0.123867	0.136873
0.197464	0.355435
0.152656	0.200742
0.128184	0.175612
0.130970	0.375229
0.162150	0.324301
0.091754	0.124327
0.087499	0.177185
0.125592	0.131872
0.152078	0.634927
0.083934	0.177520
0.155607	0.431808
0.097313	0.155215
0.243564	0.588206
0.130113	0.245262
0.160754	0.326330
0.095565	0.172495
0.087868	0.119500
0.133658	0.416345
0.234706	1.063218
0.113838	0.315332
0.065390	0.119990
0.123195	0.450276
0.083349	0.172115
0.110960	0.305139
0.094538	0.221219
0.085955	0.162455
0.094203	0.216667
0.086979	0.189614
0.168652	0.617268
0.112651	0.331195
0.071384	0.177033
0.069543	0.103967
0.115769	0.385511
0.054069	0.141390
0.094815	0.258845
0.087001	0.259263
0.083111	0.197388
0.212229	0.957152
0.101016	0.307595
0.087830	0.250314
0.073279	0.138863
0.177521	0.907131
0.087303	0.192067
0.222286	0.482361
0.091820	0.235979
0.219934	0.444267
0.162702	0.269272
0.117445	0.156788
0.198610	0.293942
0.117834	0.128439
0.134522	0.167479
0.218029	0.331404
0.158019	0.333420
0.135441	0.123929
0.209873	0.334748
0.248437	0.272038
0.291839	0.726678
0.222647	0.292780
0.179101	0.411036
0.112735	0.209123
0.219826	0.256097
0.146744	0.336045
0.328533	0.573291
0.223378	0.316079
0.300547	0.686750
0.152412	0.137933
0.170978	0.226546
0.138824	0.175612
0.152816	0.125309
0.120304	0.137147
0.156326	0.499461
0.245429	0.604982
0.215128	0.527062
0.105814	0.196286
0.362395	0.924108
0.201643	0.350858
0.140161	0.121940
0.286687	0.389894
0.123817	0.098435
0.155941	0.247947
0.089320	0.150505
0.164346	0.373886
0.116500	0.114752
0.111316	0.122448
0.204546	0.375342
0.241393	1.167134
0.154714	0.269203
0.274046	0.422030
0.175927	0.230464
0.130479	0.137656
0.189601	0.219938
0.135448	0.552629
0.273377	1.122211
0.162034	0.540383
0.225453	0.678613
0.163432	0.411849
0.171590	0.227357
0.244846	0.475001
0.226136	0.367471
0.197905	0.342376
0.112235	0.259262
0.114241	0.178216
0.161718	0.320201
0.325408	1.862959
0.171998	0.404196
0.209141	0.502984
0.151953	0.251482
0.244615	1.083646
0.213839	0.643654
0.139400	0.294832
0.126455	0.441329
0.058273	0.079543
0.096748	0.195432
0.069225	0.083070
0.118971	0.201060
0.268976	1.179459
0.160400	0.655236
0.280040	0.814916
0.144061	0.255708
0.106212	0.123205
0.141958	0.188804
0.180552	0.464018
0.132301	0.214989
0.127056	0.305571
0.308173	1.542408
0.278939	0.966525
0.188052	0.333793
0.102156	0.117479
0.171795	0.268000
0.115755	0.216461
0.088554	0.175336
0.141889	0.231279
0.105542	0.309238
0.115417	0.257957
0.126371	0.228731
0.180469	0.420493
0.076446	0.109700
0.081736	0.096448
0.131862	0.338227
0.134130	0.365503
0.066958	0.114832
0.085828	0.175518
0.069805	0.142053
0.091715	0.265974
0.098702	0.300053
0.117451	0.241949
0.053874	0.097781
0.093348	0.290313
0.127380	0.447741
0.074123	0.136757
0.073099	0.245977
0.102732	0.222929
0.134848	0.167886
0.109084	0.104721
0.195456	0.311752
0.332895	1.444763
0.169889	0.174985
0.176820	0.561403
0.103201	0.283287
0.147698	0.353737
0.090601	0.266366
0.067376	0.110160
0.096116	0.169645
0.129363	0.304004
0.170244	0.578830
0.076570	0.161563
0.111692	0.362439
0.085160	0.171598
0.176074	0.289641
0.149511	0.118113
0.132395	0.187339
0.197983	0.485057
0.122601	0.186967
0.129313	0.164228
0.249843	0.423483
0.155501	0.159389
0.223703	0.352332
0.098225	0.107065
0.137082	0.203566
0.110780	0.144014
0.139950	0.319785
0.273064	0.847864
0.130095	0.197094
0.302436	0.858919
0.150605	0.189763
0.157160	0.266387
0.120913	0.118495
0.112326	0.212297
0.119616	0.180620
0.143475	0.351513
0.196163	0.449213
0.063200	0.109019
0.155643	0.240469
0.244704	1.003287
0.093529	0.101946
0.259562	0.568441
0.155521	0.263608
0.104959	0.164786
0.143054	0.338322
0.184351	0.475625
0.113915	0.265423
0.152826	0.307944
0.085922	0.149504
0.138211	0.340691
0.097751	0.143206
0.122370	0.395255
0.124064	0.241305
0.255553	0.751325
0.173507	0.400802
0.097101	0.237897
0.102657	0.103170
0.172840	0.526299
0.130008	0.287967
0.067435	0.075190
0.071154	0.102462
0.129657	0.175685
0.155571	0.698514
0.140672	0.296817
0.114503	0.117365
0.085400	0.149450
0.104644	0.254807
0.091438	0.182877
0.088665	0.159597
0.065902	0.101490
0.067789	0.211162
0.071628	0.301555
0.068345	0.128488
0.145792	0.526309
0.065825	0.111902
0.083295	0.168257
0.117979	0.274891
0.159972	0.371136
0.089635	0.206160
0.067894	0.097428
0.113770	0.282150
0.052171	0.121037
0.045712	0.137364
0.048753	0.117738
0.070194	0.127402
0.075641	0.109302
0.088709	0.161894
0.159197	0.328743
0.158281	0.391745
0.075477	0.133216
0.087591	0.136205
0.159387	0.258206
0.075740	0.138983
0.147418	0.552079
0.067282	0.158786
0.162115	1.079688
0.158405	0.385716
0.048525	0.127377
0.167301	0.766240
0.054664	0.167271
0.083172	0.148877
0.151034	0.888834
0.114999	0.229998
0.158776	0.451717
0.158874	0.331252
0.119598	0.489156
0.073119	0.137830
0.065951	0.263804
0.075781	0.216734
0.038891	0.263099
0.071056	0.126480
0.148201	0.294920
0.074150	0.167208
0.177680	0.461967
0.127261	0.384329
0.066663	0.184656
0.057026	0.115192
0.136969	0.430081
0.149948	0.176939
0.124496	0.763784
0.128165	0.221725
0.094991	0.173359
0.105999	0.242739
0.071991	0.142543
0.092198	0.221737
0.084891	0.194825
0.122108	0.326030
0.068295	0.149565
0.145965	0.197783
0.142516	0.426122
0.083689	0.129718
0.166140	0.457717
0.085078	0.145909
0.093829	0.198449
0.226824	0.442307
0.118784	0.121753
0.279419	0.828477
0.239787	0.850043
0.182625	0.374382
0.128784	0.105603
0.158251	0.189901
0.131106	0.201248
0.139758	0.104819
0.194740	0.325216
0.238712	0.255422
0.209985	0.388473
0.086455	0.112392
0.209426	0.483774
0.191631	0.140849
0.174036	0.158372
0.142517	0.127552
0.214779	0.235183
0.137474	0.153284
0.152712	0.284808
0.237882	0.358012
0.297514	0.510237
0.320519	1.506439
0.135940	0.150893
0.209541	0.143536
0.467002	1.036744
0.157002	0.131097
0.177447	0.137522
0.379894	0.265926
0.232548	0.296499
0.354096	0.839207
0.150900	0.138074
0.202230	0.327612
0.262609	0.438557
0.316771	0.836275
0.251158	0.339064
0.142913	0.138626
0.308561	1.015165
0.159910	0.128727
0.277204	0.468474
0.159718	0.360164
0.182769	0.251308
0.157316	0.157316
0.143369	0.137634
0.356435	0.465148
0.233040	0.405490
0.175867	0.137176
0.176529	0.107683
0.293055	0.654977
0.204317	0.227814
0.141736	0.109845
0.265232	0.376630
0.230314	0.368503
0.350032	0.854079
0.214908	0.307319
0.208776	0.246355
0.335101	1.278411
0.133966	0.227743
0.180039	0.354677
0.240262	0.539387
0.224636	0.636844
0.138393	0.103103
0.152262	0.128661
0.216802	0.241734
0.169043	0.524879
0.126553	0.138575
0.220350	0.398834
0.305919	0.703613
0.325289	0.567630
0.193354	0.279397
0.138131	0.125009
0.374517	0.589865
0.157541	0.161480
0.298567	0.419487
0.255472	0.220983
0.153526	0.128962
0.233674	0.245357
0.262398	0.225662
0.444052	1.305514
0.173611	0.113715
0.232525	0.201134
0.220583	0.207348
0.209727	0.201338
0.131988	0.110210
0.131430	0.143259
0.164063	0.122227
0.174529	0.260049
0.263127	0.290755
0.252568	0.396532
0.122045	0.136080
0.439805	1.831786
0.243353	0.446553
0.312791	1.221448
0.330538	0.347065
0.441598	1.362329
0.254692	0.649464
0.354470	0.893263
0.123485	0.154974
0.383270	1.163225
0.234499	0.544038
0.199529	0.279340
0.207634	0.255390
0.205626	0.207683
0.275716	0.191622
0.208092	0.562890
0.274052	0.387784
0.142126	0.153496
0.188301	0.223137
0.244504	1.007356
0.127715	0.242019
0.174301	0.299798
0.192633	0.448836
0.097198	0.354774
0.203911	0.912503
0.101830	0.175147
0.176178	0.259863
0.216194	1.646318
0.091483	0.153691
0.197880	0.342332
0.189786	0.262853
0.315709	1.059204
0.113068	0.137378
0.166385	0.305316
0.124502	0.168078
0.315247	1.188479
0.125306	0.137210
0.135238	0.171075
0.110222	0.141635
0.106929	0.103186
0.092655	0.155197
0.087684	0.115743
0.244294	0.598520
0.147491	0.462384
0.276615	0.395559
0.213071	0.580618
0.096782	0.129203
0.213116	0.309018
0.233882	0.587043
0.202655	0.478267
0.058479	0.077485
0.080091	0.195422
0.087427	0.129392
0.065067	0.104758
0.075190	0.134214
0.095417	0.227093
0.069198	0.112101
0.109421	0.263156
0.213465	0.740723
0.179774	0.438648
0.076541	0.127057
0.140489	0.454483
0.056611	0.112089
0.102848	0.329114
0.210804	1.135178
0.077654	0.104444
0.133287	0.335884
0.182600	0.480237
0.120701	0.190104
0.118733	0.204814
0.097858	0.152169
0.145015	0.415467
0.124884	0.351547
0.066893	0.137130
0.108516	0.300046
0.123083	0.294785
0.077086	0.144150
0.128724	0.227842
0.098843	0.260452
0.108275	0.313455
0.061718	0.089800
0.089018	0.305332
0.101899	0.210422
0.077064	0.129082
0.081207	0.155511
0.117493	0.169190
0.082858	0.171931
0.057686	0.130946
0.064977	0.108187
0.074270	0.173049
0.069269	0.151007
0.105183	0.306084
0.050946	0.081258
0.097688	0.287202
0.116026	0.259317
0.065551	0.140935
0.080500	0.170660
0.102572	0.234890
0.173599	0.358483
0.093578	0.154403
0.079010	0.146958
0.106014	0.147359
0.099709	0.180473
0.140141	0.359461
0.138738	0.267764
0.089188	0.126201
0.077219	0.098068
0.082931	0.131860
0.102538	0.111767
0.109608	0.177017
0.321210	3.045066
0.073267	0.169247
0.080356	0.161917
0.120879	0.233901
0.238038	0.267793
0.139226	0.094674
0.201836	0.333029
0.224057	0.589270
0.146540	0.260840
0.334945	1.413470
0.124819	0.168506
0.139333	0.211089
0.204734	0.346000
0.093955	0.130128
0.133033	0.214848
0.152460	0.208870
0.197915	0.382966
0.147274	0.391011
0.064355	0.121310
0.085624	0.086052
0.095338	0.163505
0.112898	0.465705
0.151189	0.293307
0.291033	2.387927
0.070312	0.088593
0.115588	0.234643
0.231408	0.502154
0.095185	0.137543
0.100953	0.120134
0.205346	0.339848
0.183893	0.466170
0.127790	0.552691
0.140092	0.398560
0.074387	0.095588
0.197957	0.429567
0.099367	0.185320
0.193946	0.623536
0.093475	0.239295
0.089971	0.209632
0.140059	0.884470
0.042877	0.093472
0.077999	0.178228
0.112827	0.480644
0.054210	0.197323
0.159791	0.587231
0.070939	0.150745
0.078729	0.212963
0.137639	0.324828
0.114027	0.137403
0.233512	1.319341
0.083764	0.102193
0.073824	0.107414
0.122092	0.200841
0.143408	0.280363
0.063388	0.083356
0.135880	0.166453
0.213273	0.389222
0.086504	0.115051
0.157108	0.391199
0.193847	0.451664
0.139030	0.223838
0.168278	0.349177
0.245890	1.192568
0.078858	0.096602
0.191503	0.403114
0.139938	0.269380
0.117863	0.296427
0.126419	0.264849
0.132802	0.250996
0.137117	0.334567
0.090928	0.148668
0.103753	0.159261
0.087411	0.136798
0.108492	0.300524
0.110389	0.447077
0.226317	0.512608
0.094201	0.112570
0.085195	0.175075
0.141032	0.306039
0.162172	0.447595
0.184159	0.504596
0.231129	0.441456
0.108295	0.090427
0.170591	0.134767
0.204486	0.344560
0.222689	0.508845
0.125453	0.288542
0.123507	0.372990
0.069816	0.213985
0.183781	0.577992
0.120715	0.119508
0.327305	1.641437
0.210423	0.461879
0.174309	0.233574
0.323536	0.847665
0.107660	0.099047
0.112735	0.110480
0.217546	0.889764
0.152410	0.206516
0.123438	0.082704
0.140604	0.137792
0.085055	0.088457
0.333040	0.617790
0.100855	0.153803
0.276475	0.468625
0.285360	0.589269
0.203286	0.215483
0.172015	0.482502
0.198933	0.660459
0.178819	0.419331
0.175952	0.475071
0.115597	0.208652
0.200243	0.170207
0.195624	0.245508
0.100795	0.112386
0.263394	0.751989
0.195227	0.467569
0.255724	0.340113
0.223692	0.649825
0.272091	0.221754
0.185048	0.191524
0.178484	0.241845
0.179968	0.231259
0.222344	0.201221
0.200864	0.287236
0.229485	0.362586
0.170409	0.187450
0.124085	0.108574
0.150917	0.356164
0.257989	0.441161
0.136905	0.155388
0.186792	0.362377
0.207448	0.375482
0.223597	0.327570
0.173468	0.215968
0.137309	0.154473
0.202254	0.259897
0.198027	0.277237
0.206206	0.313433
0.319777	0.566005
0.190739	0.248915
0.182444	0.201601
0.206446	0.207478
0.306860	0.540073
0.224541	0.608505
0.176508	0.602774
0.279465	0.536573
0.379995	1.689076
0.358200	0.546255
0.134822	0.137518
0.168137	0.180747
0.206610	0.368798
0.257993	0.411499
0.155727	0.566066
0.133885	0.145265
0.139759	0.231301
0.095420	0.104008
0.106962	0.241199
0.077520	0.185661
0.095460	0.457728
0.102447	0.235629
0.126469	0.205512
0.079149	0.105268
0.194691	0.354338
0.280712	0.651252
0.351320	0.836142
0.120855	0.108770
0.203682	0.334039
0.124028	0.132090
0.359950	1.106846
0.181212	0.122318
0.252196	0.928080
0.332139	0.753955
0.273558	0.997119
0.169764	0.290297
0.224615	0.652506
0.138871	0.310378
0.115162	0.352396
0.212524	0.546187
0.167218	0.378749
0.119751	0.123343
0.085320	0.142058
0.329036	1.891960
0.203732	0.579618
0.111970	0.165716
0.088685	0.099770
0.154678	0.340292
0.164017	0.252586
0.104184	0.187009
0.193638	0.538315
0.074581	0.151771
0.204504	1.490837
0.126198	0.259968
0.110448	0.135299
0.083171	0.134737
0.181111	0.335962
0.228097	0.531467
0.125902	0.205849
0.121259	0.127928
0.190375	0.296032
0.296811	1.460309
0.128010	0.184974
0.112152	0.170470
0.166536	0.368045
0.233057	0.604782
0.198724	0.491841
0.163233	0.208122
0.125542	0.153162
0.111781	0.249831
0.148499	0.302195
0.163727	0.327455
0.137070	0.287848
0.082210	0.088375
0.128665	0.243177
0.118682	0.204726
0.132406	0.263487
0.105456	0.171366
0.245248	1.310849
0.088883	0.195098
0.114229	0.147355
0.176514	0.994659
0.076924	0.138462
0.097712	0.175393
0.091874	0.136433
0.434046	1.295626
0.494378	0.716847
0.387644	0.286857
0.276600	0.273834
0.459817	0.531088
0.176391	0.111126
0.215319	0.235775
0.291910	0.350292
0.430851	1.385187
0.224789	0.410240
0.225729	0.441301
0.131216	0.107597
0.229163	0.485825
0.185490	0.207749
0.104507	0.128021
0.142181	0.248106
0.161964	0.274528
0.185842	0.387481
0.102566	0.140516
0.220537	0.340729
0.093314	0.136704
0.112086	0.147394
0.153716	0.318960
0.082824	0.103116
0.110369	0.098228
0.166565	0.229027
0.155157	0.436767
0.157797	0.188568
0.160203	0.337228
0.109444	0.112728
0.088771	0.117178
0.151450	0.230204
0.107200	0.109344
0.096809	0.099713
0.092266	0.160082
0.222212	0.512198
0.173710	0.122465
0.115627	0.171706
0.340337	1.180968
0.145282	0.245527
0.180546	0.599413
0.076921	0.144996
0.091175	0.173688
0.142755	0.810136
0.096933	0.298070
0.111550	0.167325
0.059849	0.093664
0.110719	0.128434
0.079035	0.154513
0.071338	0.212943
0.049583	0.125693
0.183431	0.830026
0.238619	0.794601
0.158242	0.243692
0.192717	0.284257
0.141924	0.251915
0.170694	0.366138
0.166560	0.290648
0.161007	0.458870
0.333252	0.549866
0.108480	0.193637
0.113738	0.141035
0.166652	0.117490
0.205845	0.364346
0.155821	0.292164
0.144685	0.112855
0.126662	0.091830
0.177597	0.223772
0.159415	0.174560
0.150076	0.249127
0.246086	0.404811
0.162200	0.180042
0.193773	1.302152
0.182410	1.047946
0.087457	0.107572
0.125164	0.117028
0.275741	0.346055
0.238785	0.341462
0.310797	0.576529
0.239588	0.152139
0.335467	0.375723
0.365853	0.503048
0.164024	0.163204
0.196870	0.298259
0.264297	0.429482
0.202854	0.354994
0.130771	0.102002
0.118984	0.138021
0.274086	0.305605
0.266301	0.291599
0.234886	1.128625
0.127354	0.191030
0.273381	0.226906
0.262940	0.315527
0.281164	0.875827
0.258571	0.190050
0.141509	0.188207
0.220417	0.251275
0.140640	0.132202
0.120548	0.305590
0.269277	0.704159
0.211301	0.697293
0.305143	0.923057
0.218139	0.250860
0.165891	0.264596
0.201709	0.572854
0.182761	0.344504
0.107986	0.197615
0.101684	0.610106
0.042535	0.106337
0.136056	0.195240
0.174453	0.425666
0.090206	0.109601
0.160179	1.105235
0.040340	0.110129
0.101991	0.185624
0.133514	0.278378
0.121847	0.273546
0.140925	0.285372
0.064915	0.106784
0.064864	0.106701
0.072352	0.110699
0.081372	0.137112
0.099105	0.268078
0.103836	0.431437
0.053926	0.218401
0.050458	0.127659
0.075898	0.356720
0.049539	0.117160
0.069370	0.287885
0.099094	0.264582
0.062618	0.138699
0.130476	0.298138
0.146965	0.241022
0.156890	0.258869
0.085021	0.129656
0.181239	0.549153
0.133889	0.333383
0.196724	1.901333
0.130088	0.266030
0.182788	0.300686
0.231720	0.450695
0.225486	0.190535
0.254737	0.429232
0.297685	0.721885
0.139310	0.247275
0.320136	2.751565
0.176845	0.304174
0.468768	0.977382
0.126586	0.208235
0.253236	0.327941
0.166057	0.383592
0.088272	0.285120
0.073019	0.082146
0.173341	0.387418
0.258963	1.166628
0.090459	0.127094
0.113693	0.196120
0.137265	0.343163
0.101343	0.143907
0.068886	0.089208
0.106931	0.340574
0.126448	0.380608
0.111585	0.204200
0.152750	0.420063
0.120728	0.200408
0.093371	0.330999
0.088744	0.169057
0.071155	0.202435
0.058643	0.131653
0.074245	0.131042
0.105358	0.187010
0.084254	0.153342
0.121499	0.188931
0.318494	0.527108
0.290939	1.600165
0.241762	0.441215
0.225892	0.323025
0.191981	0.215979
0.109020	0.156989
0.225901	0.498111
0.262363	0.322706
0.300053	0.940666
0.332788	1.011676
0.160210	0.156205
0.278121	0.318448
0.146046	0.137283
0.229881	0.824122
0.322830	0.453576
0.157969	0.131904
0.122831	0.158451
0.201286	0.355269
0.237410	0.258777
0.177365	0.158741
0.140181	0.290876
0.271578	0.518713
0.169938	0.175037
0.111196	0.301898
0.119377	0.327092
0.079918	0.094303
0.147869	0.319396
0.107973	0.219726
0.149366	0.167290
0.206567	0.363559
0.125409	0.188740
0.147841	0.207717
0.110490	0.222637
0.175771	0.499189
0.092556	0.253140
0.114430	0.410232
0.085269	0.205925
0.135616	0.318698
0.077852	0.118725
0.136724	0.269346
0.165859	0.330059
0.233950	0.662077
0.104958	0.123326
0.271016	1.268355
0.139243	0.166396
0.122788	0.319250
0.119199	0.252107
0.107037	0.208722
0.093583	0.133356
0.097265	0.119636
0.202756	0.646793
0.093870	0.153008
0.094646	0.433005
0.140403	0.395936
0.139876	0.228698
0.135816	0.270274
0.199273	0.899719
0.099549	0.178691
0.151770	0.176812
0.218242	0.450670
0.213795	0.984527
0.092333	0.920562
0.105721	0.136380
0.092738	0.178521
0.137796	0.388584
0.090210	0.289122
0.171168	0.337202
0.299687	1.775646
0.114648	0.275728
0.130078	0.297878
0.088478	0.253491
0.133201	0.249086
0.164519	0.293667
0.078261	0.102522
0.060747	0.093551
0.088164	0.318271
0.073781	0.243477
0.060203	0.106560
0.043297	0.079666
0.102798	0.166532
0.089277	0.194624
0.056741	0.129085
0.072903	0.244955
0.302457	1.436669
0.165937	0.258032
0.269867	0.777217
0.083890	0.148486
0.205851	1.276275
0.115537	0.207389
0.104728	0.214169
0.159328	0.271653
0.103967	0.180383
0.067061	0.222977
0.192514	1.302354
0.090466	0.262351
0.078312	0.285448
0.036429	0.108375
0.126313	0.191364
0.213927	0.274897
0.119171	0.159093
0.285735	0.788629
0.185271	0.228810
0.158404	0.140980
0.409736	2.097849
0.393980	0.860845
0.400470	0.504592
0.256023	0.253462
0.272702	0.162258
0.313779	0.196112
0.195431	0.191522
0.296811	0.577297
0.220223	0.240043
0.453533	0.775542
0.357556	0.582817
0.448146	0.513128
0.239475	0.471767
0.345221	1.831395
0.247443	0.227647
0.417196	0.314983
0.274702	0.133230
0.223934	0.142198
0.277118	0.971297
0.138565	0.157271
0.341603	0.404800
0.403574	0.480254
0.291294	0.240317
0.380067	0.598606
0.255842	0.172693
0.229365	0.098627
0.368800	0.722848
0.391835	0.548569
0.335921	0.413183
0.345712	0.385469
0.492610	1.389160
0.385317	0.319813
0.284214	0.316899
0.223270	0.136195
0.114942	0.109770
0.100804	0.130542
0.130151	0.151626
0.105862	0.134444
0.103164	0.113996
0.129758	0.192041
0.106122	0.213836
0.251706	0.907399
0.330752	0.428324
0.187243	0.249034
0.199443	0.300162
0.263701	0.143717
0.309771	0.577723
0.177494	0.689562
0.129452	0.207770
0.207523	0.290532
0.103491	0.146957
0.147468	0.403326
0.213010	0.593233
0.093438	0.177065
0.082361	0.163075
0.041110	0.094554
0.146405	0.665413
0.087221	0.245964
0.087665	0.085473
0.086140	0.121026
0.064343	0.108097
0.101715	0.204956
0.064488	0.098667
0.143425	0.458960
0.116028	0.250621
0.096214	0.124598
0.121029	0.288654
0.193938	0.470299
0.262583	0.711599
0.115512	0.229869
0.181339	0.397133
0.111206	0.259111
0.095361	0.271779
0.184143	0.209923
0.288519	0.920375
0.157635	0.439803
0.075059	0.115215
0.091454	0.152271
0.153885	0.238522
0.143635	0.199653
0.096182	0.272194
0.078863	0.131702
0.087943	0.116085
0.065081	0.083954
0.055160	0.090462
0.057788	0.225372
0.099080	0.283864
0.053461	0.098635
0.190789	1.059836
0.114666	0.317051
0.077969	0.232736
0.054135	0.167006
0.187895	0.366396
0.131031	0.370816
0.090916	0.183651
0.118554	0.190280
0.084499	0.147874
0.113476	0.173051
0.166205	0.316620
0.124285	0.280264
0.137249	0.316359
0.139703	0.208157
0.077194	0.134703
0.058372	0.168112
0.051508	0.141646
0.083452	0.181090
0.074068	0.147396
0.139867	0.279734
0.077944	0.110681
0.141628	0.405057
0.104753	0.292261
0.087377	0.195287
0.132360	0.150890
0.098673	0.137155
0.125977	0.301714
0.124158	0.191825
0.114290	0.145149
0.070336	0.101635
0.163398	0.455062
0.120025	0.159033
0.093314	0.117576
0.168486	0.301590
0.337032	0.699341
0.123084	0.224013
0.294827	0.804878
0.098410	0.146631
0.101179	0.129003
0.124434	0.311085
0.143123	0.289109
0.099171	0.242969
0.150792	0.260871
0.198221	0.646201
0.035325	0.072593
0.167346	0.235121
0.240470	0.428037
0.257205	0.223768
0.279475	0.663752
0.216592	0.358459
0.137806	0.270099
0.102717	0.170510
0.183243	0.397637
0.122137	0.159388
0.121467	0.143331
0.134935	0.231413
0.120367	0.250965
0.233989	0.597843
0.146517	0.398527
0.065666	0.178939
0.145108	0.390340
0.227070	0.550645
0.117205	0.305320
0.316593	1.199886
0.094453	0.198824
0.108308	0.115890
0.130546	0.323102
0.110279	0.217802
0.177251	0.318165
0.210383	0.545944
0.143403	0.330544
0.119064	0.214910
0.209077	0.280163
0.193256	0.115954
0.257030	0.673418
0.137472	0.184899
0.077036	0.073184
0.169768	0.392164
0.217497	0.299059
0.137311	0.302772
0.100367	0.119939
0.148551	0.218370
0.249898	0.854652
0.286283	0.967638
0.274624	0.670082
0.168470	0.511306
0.125006	0.133131
0.119654	0.157943
0.123509	0.133390
0.112766	0.122915
0.417782	2.180824
0.101675	0.149462
0.100804	0.293843
0.187892	0.447184
0.168218	0.206067
0.184772	0.451768
0.238156	0.572764
0.234739	0.449525
0.115799	0.121589
0.144127	0.197454
0.124774	0.411131
0.068321	0.104872
0.165268	0.405733
0.365274	1.176183
0.129917	0.485891
0.109167	0.177942
0.126064	0.103373
0.195106	0.916996
0.079381	0.130582
0.066331	0.098833
0.095785	0.163313
0.124544	0.397919
0.136357	0.286351
0.086953	0.134342
0.068185	0.132279
0.091805	0.130822
0.094226	0.140397
0.165036	0.279737
0.088249	0.163261
0.136649	0.143481
0.072738	0.100742
0.270785	0.641761
0.079432	0.139800
0.095368	0.122072
0.077639	0.149843
0.154112	0.301289
0.077010	0.152480
0.103926	0.126790
0.102552	0.223563
0.080226	0.085842
0.062794	0.118053
0.107413	0.272830
0.122253	0.166264
0.086640	0.178478
0.077464	0.137885
0.139420	0.452417
0.110466	0.118751
0.194303	0.403179
0.192163	0.246929
0.193407	0.304617
0.133160	0.332899
0.100357	0.138994
0.129449	0.310031
0.244288	0.691335
0.117881	0.192147
0.233796	0.535392
0.289271	0.611808
0.137302	0.150346
0.168948	0.293126
0.105197	0.169894
0.139867	0.300714
0.263342	0.441098
0.170790	0.109306
0.147534	0.179991
0.216105	0.580243
0.134143	0.124753
0.151949	0.243878
0.279162	0.981253
0.151063	0.240946
0.269095	0.561062
0.422451	1.687692
0.189293	0.260279
0.158329	0.206620
0.271526	0.773848
0.124521	0.100862
0.137390	0.208833
0.106161	0.099261
0.144986	0.246477
0.109713	0.144272
0.164732	0.308872
0.161149	0.443966
0.181484	0.245003
0.249705	0.380800
0.166197	0.205254
0.127579	0.133958
0.143731	0.232125
0.092361	0.117760
0.161261	0.609567
0.113760	0.192255
0.145483	0.250230
0.065593	0.084616
0.095761	0.175721
0.175702	0.426077
0.094015	0.196962
0.087275	0.238262
0.112478	0.533145
0.230947	1.192841
0.049717	0.172518
0.051891	0.139327
0.108644	0.265092
0.038840	0.107781
0.060668	0.113146
0.100158	0.225856
0.161464	0.268838
0.077169	0.126172
0.207785	1.972916
0.172187	0.243645
0.118700	0.096147
0.068343	0.091238
0.145481	0.229133
0.079573	0.097477
0.189963	0.438815
0.183270	0.409609
0.096430	0.176950
0.118669	0.271752
0.172769	0.551998
0.104036	0.213795
0.198521	1.385679
0.066080	0.192293
0.086081	0.231558
0.165885	0.653587
0.148705	0.608202
0.089886	0.169435
0.293610	2.025909
0.074638	0.108599
0.120376	0.169731
0.108665	0.255362
0.091180	0.207433
0.117072	0.314925
0.113439	0.209294
0.111992	0.209986
0.110987	0.307433
0.093759	0.148139
0.104556	0.161017
0.271043	1.427043
0.103404	0.128738
0.161981	0.284276
0.148789	0.277491
0.263319	0.568769
0.152744	0.190166
0.163491	0.241149
0.193706	0.381601
0.193322	0.305449
0.208395	0.865882
0.182311	0.288963
0.129277	0.159657
0.087095	0.139352
0.101621	0.169707
0.128125	0.254969
0.071911	0.114698
0.129443	0.253709
0.116217	0.479978
0.093637	0.209280
0.058493	0.116987
0.110175	0.226961
0.088716	0.115774
0.122824	0.359261
0.072391	0.093384
0.143527	0.389676
0.397582	2.564406
0.147420	0.285994
0.069282	0.149649
0.083911	0.109923
0.132900	0.172105
0.106499	0.166139
0.223800	0.295416
0.205937	0.469536
0.156192	0.331908
0.192723	0.531916
0.067858	0.180841
0.130008	0.196313
0.186895	0.234553
0.189954	0.394154
0.311222	0.844968
0.187337	0.353130
0.095754	0.162303
0.094976	0.140090
0.081261	0.117016
0.197324	0.369983
0.137607	0.114214
0.221486	0.349948
0.117710	0.410809
0.073758	0.151573
0.145731	0.162490
0.147221	0.157527
0.102663	0.119602
0.171486	0.222074
0.233817	0.709633
0.114269	0.394227
0.235541	1.025780
0.261370	1.251965
0.268306	1.049076
0.195507	0.645172
0.113903	0.206734
0.107686	0.092610
0.139328	0.183216
0.157411	0.323479
0.132087	0.328896
0.109439	0.180027
0.235056	1.342171
0.111094	0.193859
0.179393	0.331877
0.161007	0.347775
0.106284	0.171117
0.126347	0.284913
0.098519	0.089160
0.110153	0.172940
0.200923	0.607793
0.140901	0.214169
0.083748	0.196390
0.136617	0.224052
0.194042	1.893846
0.132190	0.467292
0.222848	0.992786
0.117028	0.194267
0.105103	0.234906
0.106187	0.395547
0.123665	0.152727
0.212089	0.373277
0.169715	0.503204
0.116205	0.219047
0.133962	0.405236
0.097980	0.204288
0.144947	0.487020
0.068426	0.096481
0.126345	0.476953
0.055689	0.120287
0.045359	0.105232
0.100715	0.482427
0.087828	0.243721
0.077443	0.260597
0.074854	0.192748
0.109731	0.421365
0.137638	0.221597
0.111423	0.224517
0.082258	0.178500
0.090580	0.170291
0.076387	0.185238
0.080890	0.165420
0.082878	0.133020
0.163724	0.985618
0.103150	0.195469
0.079916	0.167824
0.115549	0.134614
0.106844	0.228646
0.092064	0.209446
0.103828	0.216482
0.054072	0.091923
0.149409	0.346630
0.098308	0.272805
0.098593	0.258806
0.071115	0.152541
0.097743	0.248266
0.125546	0.329558
0.345844	2.694123
0.107780	0.111013
0.096237	0.223270
0.089930	0.131298
0.139464	0.454653
0.104139	0.222858
0.046399	0.120870
0.051736	0.188835
0.063367	0.116278
0.186612	0.923730
0.067284	0.169220
0.128878	0.154009
0.110280	0.422374
0.074009	0.103983
0.080969	0.125503
0.152834	0.392018
0.071646	0.127888
0.050734	0.104006
0.065138	0.109432
0.133350	0.294704
0.146041	0.297925
0.187781	0.539871
0.088756	0.173073
0.110605	0.274300
0.062390	0.140065
0.075907	0.094883
0.119808	0.197683
0.088837	0.115932
0.210234	1.016483
0.054358	0.782217
0.107465	0.213856
0.172907	0.521315
0.073500	0.098122
0.120003	0.151203
0.113337	0.247640
0.096594	0.130402
0.185653	0.781601
0.085169	0.182261
0.107498	0.177372
0.110341	0.297369
0.070712	0.174659
0.209377	0.494129
0.078775	0.140613
0.168430	0.383177
0.136406	0.369659
0.063163	0.080849
0.104894	0.136887
0.098639	0.129217
0.130147	0.163985
0.165897	0.345895
0.168101	0.274846
0.212153	0.738293
0.142532	0.175315
0.077496	0.124382
0.134627	0.276658
0.058448	0.090010
0.119705	0.215470
0.111161	0.513562
0.199971	0.622909
0.184019	0.868569
0.074489	0.145625
0.083996	0.322123
0.190011	0.418975
0.117208	0.210975
0.111168	0.172311
0.109273	0.113098
0.153769	0.261407
0.189839	0.306590
0.122808	0.092720
0.144390	0.398516
0.085861	0.161847
0.246813	0.810782
0.097317	0.138191
0.193697	0.362212
0.053712	0.103128
0.109761	0.195923
0.128025	0.213162
0.099817	0.394777
0.126924	0.389023
0.089865	0.172991
0.169234	0.305468
0.100023	0.116027
0.092186	0.170083
0.092077	0.116477
0.247209	0.588358
0.276483	0.240540
0.193470	0.791294
0.163728	0.231676
0.123549	0.261306
0.087037	0.127074
0.196289	0.493667
0.085565	0.152734
0.099442	0.167062
0.125139	0.229630
0.170880	0.390460
0.187868	0.402037
0.111428	0.145971
0.113034	0.165030
0.100766	0.163745
0.097752	0.116813
0.103208	0.180098
0.081846	0.119086
0.086726	0.174754
0.119400	0.242382
0.055371	0.113787
0.082870	0.090743
0.185551	0.364608
0.090843	0.206214
0.099248	0.102722
0.165995	0.310411
0.138346	0.262165
0.139421	0.155454
0.139556	0.184912
0.113455	0.138982
0.112466	0.111904
0.124137	0.107999
0.090596	0.138612
0.096538	0.174250
0.077032	0.117860
0.080094	0.162591
0.072240	0.131115
0.064681	0.158145
0.105646	0.347576
0.046153	0.143767
0.078297	0.117445
0.261153	1.941675
0.150171	0.793651
0.050390	0.122448
0.074812	0.210222
0.097760	0.274218
0.064441	0.222320
0.102000	0.350368
0.104908	0.276956
0.105358	0.181742
0.270173	1.159041
0.396749	0.642734
0.226902	0.292703
0.241478	0.434661
0.202376	0.179103
0.121077	0.093230
0.343858	0.404033
0.344784	0.696464
0.359991	0.777581
0.269894	0.597816
0.354698	1.198878
0.304376	0.389602
0.132346	0.139625
0.318220	0.641213
0.137062	0.246026
0.111172	0.221232
0.187736	0.449627
0.074458	0.116155
0.104778	0.124686
0.132755	0.298035
0.219466	0.712168
0.153457	0.459605
0.069095	0.107096
0.065356	0.142476
0.101162	0.265552
0.071699	0.301134
0.062545	0.159804
0.133622	0.412892
0.083461	0.131868
0.084650	0.248023
0.088213	0.740986
0.115120	0.350542
0.075153	0.164585
0.108040	0.176105
0.075809	0.144795
0.161123	0.249741
0.204503	0.539887
0.154711	0.476510
0.150608	0.231184
0.182219	0.327084
0.183033	0.183033
0.296784	2.917392
0.128952	0.173440
0.126466	0.167568
0.086572	0.140680
0.107548	0.254351
0.333218	1.444500
0.122611	0.153263
0.126254	0.109841
0.117910	0.157409
0.155852	0.342875
0.186579	0.637168
0.108384	0.130061
0.151157	0.465563
0.065616	0.084972
0.074534	0.093168
0.090329	0.208659
0.061444	0.141013
0.123269	0.383365
0.224558	0.465958
0.111261	0.105141
0.165301	0.197535
0.137805	0.261140
0.137744	0.383616
0.100340	0.131445
0.113742	0.112036
0.078501	0.130705
0.090839	0.208475
0.109969	0.243581
0.067589	0.101721
0.152521	0.509421
0.056294	0.125535
0.083945	0.163692
0.063929	0.113475
0.092467	0.254286
0.076775	0.116698
0.134636	0.117134
0.186308	0.671640
0.070694	0.152699
0.087414	0.371945
0.121645	0.175777
0.056943	0.087693
0.077750	0.113515
0.197472	0.654620
0.078016	0.121705
0.090690	0.092050
0.254971	1.392142
0.112776	0.230628
0.121922	0.412707
0.079668	0.223072
0.187073	0.338601
0.138034	0.342325
0.108700	0.184790
0.147542	0.180739
0.089090	0.118935
0.218168	0.357796
0.202781	0.504925
0.173099	0.161848
0.299822	0.689591
0.104592	0.132309
0.102624	0.157014
0.129019	0.138696
0.134844	0.196872
0.154806	0.242271
0.199450	0.413858
0.143297	0.247187
0.112862	0.259019
0.121556	0.255267
0.093853	0.130456
0.188270	0.306881
0.130921	0.307665
0.098433	0.129440
0.125310	0.188591
0.128063	0.108213
0.165583	0.161443
0.206244	0.567172
0.449812	2.658389
0.170537	0.230225
0.120157	0.158607
0.158133	0.247478
0.117688	0.147110
0.074713	0.133363
0.131248	0.461992
0.151772	0.393848
0.085113	0.204696
0.064977	0.138725
0.171926	0.671370
0.087194	0.166541
0.079519	0.143134
0.074776	0.094592
0.135973	0.698902
0.101146	0.308494
0.062724	0.120744
0.043837	0.197047
0.094302	0.274890
0.067387	0.115905
0.092603	0.128255
0.095285	0.374945
0.081673	0.139252
0.115408	0.422970
0.061173	0.113170
0.080538	0.126042
0.129395	0.173389
0.111955	0.148340
0.086129	0.119288
0.193448	0.419782
0.099197	0.232617
0.175790	0.190732
0.264296	0.841782
0.111260	0.198600
0.142191	0.140769
0.072160	0.150453
0.255761	0.603597
0.159090	0.283976
0.225138	0.839764
0.291984	1.086182
0.262747	1.135067
0.238626	0.441459
0.197173	0.425894
0.117087	0.121771
0.111025	0.149329
0.161966	0.294778
0.197846	0.393713
0.154004	0.173255
0.197192	0.525516
0.114627	0.361076
0.111196	0.133991
0.107362	0.146549
0.159571	0.283238
0.184967	0.369933
0.117841	0.262197
0.163871	0.240071
0.205557	0.319641
0.323681	0.653835
0.190592	0.314477
0.127354	0.170655
0.274188	0.324913
0.179533	0.263016
0.144852	0.186135
0.238450	0.399403
0.156440	0.215887
0.235108	0.558382
0.357708	1.300268
0.134412	0.148526
0.371949	1.125146
0.298974	0.701095
0.139147	0.237942
0.100973	0.102992
0.173168	0.333348
0.081522	0.114131
0.095598	0.137183
0.096356	0.105510
0.111056	0.114943
0.206369	0.363209
0.137024	0.177445
0.182810	0.202005
0.098389	0.132826
0.111892	0.185741
0.176876	0.358175
0.139877	0.152466
0.101526	0.135538
0.085331	0.186449
0.061614	0.199322
0.136898	0.262845
0.102560	0.128201
0.214646	0.629986
0.215862	0.298969
0.109556	0.115034
0.155311	0.274900
0.184662	0.449652
0.088376	0.169240
0.093661	0.181233
0.094310	0.364980
0.155690	0.530125
0.135251	0.261034
0.141429	0.259522
0.159015	0.441267
0.076258	0.105998
0.102898	0.125021
0.087916	0.105060
0.120988	0.734395
0.066443	0.207633
0.126785	0.350560
0.110175	0.172975
0.098886	0.089492
0.112957	0.242294
0.125556	0.214073
0.128586	0.181949
0.141692	0.323059
0.203686	0.673181
0.122716	0.237456
0.213868	0.260919
0.203225	0.224564
0.151622	0.161478
0.135232	0.219752
0.344851	1.600109
0.218139	0.584614
0.133614	0.187059
0.251400	0.854760
0.163562	0.203635
0.118314	0.130737
0.205263	0.626051
0.131559	0.233517
0.180079	0.341251
0.153157	0.343836
0.099788	0.158662
0.241388	0.456223
0.165467	0.324316
0.095197	0.130421
0.171891	0.198534
0.126291	0.220377
0.181643	0.867346
0.132947	0.194768
0.167891	0.145226
0.151190	0.212422
0.233462	0.820620
0.120968	0.220767
0.111224	0.157382
0.111698	0.135713
0.115476	0.163976
0.110157	0.110157
0.216122	0.491677
0.168227	0.218695
0.088781	0.114528
0.194220	0.724442
0.055820	0.187555
0.098215	1.041568
0.174494	0.806161
0.109810	0.120242
0.159057	0.291074
0.127042	0.261071
0.134196	0.216726
0.164049	0.364189
0.118600	0.195097
0.211093	0.545676
0.105661	0.113057
0.117605	0.155826
0.137331	0.232776
0.108613	0.144998
0.291418	1.149643
0.241436	0.557716
0.121770	0.224057
0.150138	0.277006
0.099834	0.199669
0.090922	0.175024
0.198489	0.379114
0.356399	2.129483
0.097424	0.217255
0.163610	0.254413
0.109641	0.145822
0.148612	0.348496
0.077531	0.117071
0.086492	0.175579
0.073650	0.105320
0.074925	0.113886
0.069354	0.087733
0.139988	0.755237
0.140128	0.225606
0.139918	0.390372
0.157648	0.322391
0.139955	0.194537
0.111441	0.268015
0.076596	0.101490
0.086136	0.202849
0.064831	0.172775
0.092846	0.208439
0.176114	0.663949
0.114520	0.292027
0.150863	0.493322
0.131346	0.259408
0.045786	0.081957
0.074812	0.305606
0.054926	0.110401
0.118761	0.173985
0.219591	0.328288
0.113797	0.173541
0.127933	0.239874
0.098535	0.193621
0.089402	0.206518
0.082147	0.598849
0.052107	0.096138
0.080059	0.165321
0.147133	0.291324
0.110834	0.374619
0.066355	0.096546
0.088144	0.217715
0.133658	0.417682
0.085934	0.141361
0.062484	0.157460
0.050678	0.110732
0.062807	0.155760
0.083870	0.115741
0.118229	0.225817
0.092181	0.197268
0.085819	0.221413
0.117757	0.190177
0.080295	0.091938
0.094165	0.099815
0.096535	0.156869
0.094541	0.233989
0.137518	0.304603
0.181985	1.445871
0.117201	0.288900
0.222467	0.668514
0.125301	0.194843
0.115704	0.507942
0.088697	0.209767
0.099645	0.129539
0.084861	0.126443
0.206233	0.593952
0.244574	0.974627
0.153105	0.859685
0.182280	0.738232
0.065019	0.091677
0.284949	1.211034
0.071423	0.092493
0.065271	0.147187
0.066661	0.109324
0.095916	0.142914
0.124192	0.144063
0.101707	0.137813
0.211739	0.525112
0.257365	0.606094
0.106171	0.103517
0.217889	0.326834
0.172527	0.306235
0.267793	0.522197
0.155775	0.229768
0.143859	0.189175
0.288465	0.781740
0.227086	2.047179
0.121605	0.266314
0.097637	0.120582
0.134773	0.392864
0.127728	0.341034
0.219978	0.344266
0.152493	0.270675
0.086278	0.130712
0.163533	0.249389
0.087359	0.120555
0.161256	0.414427
0.104353	0.268186
0.076394	0.132926
0.128091	0.169080
0.104650	0.199882
0.130687	0.888020
0.093013	0.129288
0.116912	0.205765
0.157954	0.393306
0.163016	0.463782
0.091398	0.201532
0.203478	0.722348
0.261313	2.547802
0.073081	0.093543
0.097286	0.120635
0.175387	0.293773
0.134224	0.314083
0.091328	0.141558
0.136903	0.323776
0.131654	0.273183
0.081376	0.088700
0.121970	0.158561
0.147012	0.182295
0.166521	0.313892
0.148730	0.187400
0.359111	1.023468
0.349282	1.212008
0.113048	0.091004
0.228756	0.419768
0.316106	1.022604
0.173858	0.260787
0.216555	0.368144
0.203924	0.256944
0.137415	0.159401
0.243233	0.521735
0.214715	0.405812
0.120767	0.239118
0.126883	0.136399
0.123516	0.157483
0.202024	0.371724
0.174923	0.225650
0.255854	0.965850
0.158115	0.323344
0.175424	0.446454
0.100128	0.144184
0.139440	0.242625
0.153252	0.422208
0.087461	0.178420
0.249343	1.496060
0.099724	0.261277
0.279225	2.856472
0.095882	0.208064
0.072918	0.084585
0.126564	0.253127
0.117812	0.308667
0.056192	0.259887
0.064006	0.159375
0.136710	0.388257
0.096077	0.174860
0.089939	0.119169
0.113079	0.368636
0.116097	0.148604
0.097423	0.339032
0.219273	1.693887
0.111081	0.315469
0.198754	0.465085
0.117275	0.272079
0.095158	0.173188
0.101283	0.134200
0.117338	0.151366
0.082061	0.124733
0.196889	0.347509
0.106744	0.217223
0.107952	0.228858
0.153817	0.234570
0.236007	0.529836
0.354479	1.616423
0.142372	0.505422
0.120284	0.122690
0.212427	0.394052
0.124715	0.194556
0.161995	0.333710
0.231585	0.440012
0.082940	0.081281
0.156664	0.361110
0.091302	0.117779
0.086424	0.110623
0.154002	0.288755
0.077273	0.182364
0.147888	0.357148
0.094376	0.095791
0.186951	0.335576
0.200529	0.327865
0.248244	0.580891
0.162895	0.304614
0.161749	0.291148
0.224552	0.990273
0.173050	0.381576
0.177589	0.699699
0.134109	0.132097
0.173164	0.498712
0.141641	0.394471
0.165215	0.322996
0.082070	0.324587
0.032207	0.108055
0.063269	0.103445
0.160114	0.330635
0.106692	0.204848
0.240290	0.825394
0.104173	0.215117
0.098355	0.167203
0.128430	0.238880
0.127122	0.151911
0.117735	0.140693
0.158499	0.267864
0.131833	0.319695
0.106717	0.211300
0.077470	0.111944
0.192960	0.623262
0.256429	0.909040
0.164625	0.553964
0.116459	0.134510
0.110288	0.142823
0.150423	0.228643
0.121760	0.184467
0.204281	0.282929
0.256166	0.528983
0.245566	0.586903
0.213184	0.401852
0.165706	0.170677
0.236269	0.761966
0.162919	0.462690
0.225692	0.370135
0.280827	0.411412
0.158952	0.266245
0.173900	0.216506
0.133745	0.228034
0.125865	0.200754
0.079869	0.154148
0.186268	0.272882
0.321590	1.167371
0.160150	0.339518
0.134271	0.222890
0.163423	0.326846
0.200909	0.539441
0.129321	0.236657
0.140152	0.379110
0.064080	0.102528
0.149571	0.351492
0.098826	0.193206
0.115948	0.151892
0.117167	0.134742
0.082298	0.079829
0.232061	0.562749
0.095054	0.208643
0.203216	0.388143
0.223034	0.492905
0.102412	0.098316
0.129456	0.180591
0.109521	0.137997
0.206943	0.234881
0.262752	0.763294
0.172076	0.166914
0.237239	0.478036
0.326621	0.483399
0.219705	0.369105
0.188603	0.142395
0.105386	0.147014
0.250196	0.775608
0.249836	0.677055
0.120022	0.112221
0.270710	0.429075
0.133738	0.199270
0.186684	0.319230
0.107869	0.140230
0.333308	1.141580
0.138201	0.211447
0.135578	0.235228
0.142566	0.194602
0.163415	0.368500
0.237640	0.573900
0.126946	0.178359
0.149654	0.165368
0.160996	0.185950
0.194942	0.665726
0.180594	0.929156
0.220938	0.570019
0.204427	0.283131
0.128649	0.144087
0.157321	0.298910
0.224641	0.578450
0.204366	0.918624
0.108997	0.259414
0.127032	0.217860
0.125972	0.251944
0.131046	0.401001
0.084250	0.177347
0.209245	0.495910
0.217728	0.375581
0.132656	0.243424
0.153822	0.283801
0.121849	0.241262
0.138337	0.253157
0.117838	0.150832
0.152414	0.202711
0.219999	0.918496
0.232013	0.341059
0.215359	0.251970
0.169960	0.181007
0.140339	0.095431
0.162234	0.152500
0.135819	0.240399
0.188313	0.422763
0.208111	0.516115
0.062914	0.095629
0.090690	0.139662
0.138759	0.382282
0.079719	0.154255
0.100457	0.214475
0.138987	0.314806
0.163262	0.380400
0.099099	0.133784
0.228907	0.415467
0.152535	0.266174
0.170846	0.334858
0.195999	0.242059
0.159460	0.249555
0.296423	0.837396
0.129464	0.138527
0.264659	0.492265
0.120853	0.093661
0.320570	1.263047
0.188472	0.373175
0.233747	0.361140
0.153761	0.217571
0.270068	0.490173
0.107146	0.175184
0.109635	0.117309
0.173137	0.323766
0.313958	0.594951
0.179288	0.319132
0.172048	0.152263
0.187889	0.234862
0.215858	0.178083
0.189809	0.403345
0.230115	0.268084
0.170567	0.202975
0.300336	0.543608
0.175744	0.276797
0.263792	0.424705
0.143401	0.139816
0.357711	1.416536
0.262061	0.695773
0.173963	0.221802
0.154613	0.337056
0.212058	0.469709
0.252574	0.526617
0.113482	0.204268
0.130547	0.316576
0.165787	0.261943
0.109852	0.168074
0.129115	0.262749
0.144190	0.258821
0.202277	0.774722
0.091476	0.158254
0.148060	0.363488
0.202367	0.540321
0.081283	0.131678
0.057485	0.077030
0.084875	0.210491
0.111566	0.330235
0.081735	0.132820
0.153208	0.404469
0.275809	3.043548
0.105062	0.115043
0.063228	0.124243
0.073873	0.118197
0.166195	0.731258
0.125901	0.543262
0.090799	0.201119
0.219288	0.846451
0.169096	0.931720
0.149807	0.485374
0.086908	0.129058
0.127769	0.228707
0.094664	0.146255
0.114134	0.154651
0.067624	0.135247
0.132584	0.090820
0.136439	0.141897
0.276539	0.449377
0.121792	0.144933
0.214580	0.288611
0.134443	0.120999
0.189890	0.169002
0.212079	0.310696
0.193446	0.756375
0.242505	0.219467
0.212448	0.142340
0.224562	0.086457
0.437780	0.742038
0.227625	0.528090
0.135395	0.160443
0.253587	0.193994
0.072082	0.078930
0.078591	0.113564
0.137519	0.246847
0.334882	0.555904
0.262751	0.327125
0.168929	0.169773
0.173903	0.260854
0.289517	0.227271
0.275588	0.216337
0.261138	0.248081
0.187971	0.111843
0.331784	0.388187
0.180747	0.129234
0.266325	0.432778
0.334386	0.414639
0.488259	1.462335
0.339107	0.452708
0.180854	0.130215
0.297690	0.272386
0.273361	0.429177
0.339806	0.558981
0.100675	0.171147
0.117911	0.192785
0.302662	0.746062
0.329115	0.538104
0.090674	0.185881
0.324699	0.685115
0.332590	0.596999
0.318462	0.773863
0.438485	1.968796
0.216275	0.497432
0.305719	1.305420
0.194987	0.263233
0.211731	0.446752
0.130025	0.152780
0.293715	0.281967
0.247479	0.389779
0.170886	0.199937
0.193638	0.311758
0.216776	0.246041
0.412662	0.600423
0.371816	1.093138
0.209556	0.213748
0.305367	0.401558
0.237693	0.234128
0.250082	0.332609
0.413281	0.518668
0.404289	0.452804
0.420274	1.376397
0.154630	0.168546
0.133182	0.090564
0.119950	0.209912
0.144551	0.415584
0.150032	0.327819
0.138565	0.619387
0.130173	0.253838
0.111062	0.359841
0.146165	0.289406
0.292473	1.013420
0.090463	0.085487
0.094575	0.086063
0.216359	0.860029
0.116960	0.107018
0.296544	0.432954
0.117377	0.102705
0.082014	0.240302
0.096173	0.176477
0.100678	0.117793
0.272673	0.527622
0.150076	0.143323
0.094543	0.125742
0.203503	0.378516
0.124939	0.146803
0.276293	0.878613
0.155504	0.222371
0.180518	0.880026
0.062421	0.132957
0.056838	0.111118
0.096579	0.183983
0.103577	0.160027
0.179182	0.332383
0.244045	1.210461
0.132512	0.250447
0.131672	0.218576
0.125143	0.302220
0.129164	0.195037
0.076204	0.123069
0.061406	0.073687
0.101176	0.175541
0.123608	0.270702
0.142323	0.240525
0.106623	0.162600
0.140691	0.195561
0.191170	0.544834
0.175831	0.551230
0.072148	0.137442
0.129431	0.383116
0.091431	0.299438
0.142896	0.429402
0.123324	0.331126
0.094976	0.129168
0.158562	0.385306
0.178138	0.195952
0.231232	0.409281
0.114054	0.108351
0.307901	0.711251
0.112281	0.129123
0.277658	1.048159
0.089147	0.116337
0.173090	0.380799
0.113303	0.130299
0.203174	0.382982
0.375688	1.230378
0.192506	0.327259
0.149117	0.377265
0.288537	0.568418
0.126995	0.139694
0.245475	0.679965
0.176804	0.266974
0.249333	0.234373
0.243273	1.245557
0.103149	0.278503
0.068607	0.089532
0.138714	0.163683
0.193862	0.280130
0.235118	0.507856
0.184275	0.644040
0.175331	0.643466
0.166693	0.150024
0.138781	0.175558
0.213778	0.346320
0.363187	1.089560
0.174390	0.278152
0.157350	0.169938
0.241580	0.341836
0.100120	0.082599
0.119407	0.126572
0.141486	0.299243
0.088761	0.101631
0.215126	0.317310
0.248980	0.412061
0.173054	0.363414
0.243373	0.660757
0.128882	0.213944
0.132209	0.242603
0.210524	0.178946
0.253497	0.427143
0.149699	0.380983
0.041821	0.144699
0.188884	0.286159
0.183706	0.173602
0.138968	0.103531
0.106480	0.149072
0.349585	0.762095
0.138019	0.176664
0.215215	0.626277
0.329641	0.667524
0.131122	0.188159
0.170092	0.392912
0.347945	1.544874
0.315784	0.833669
0.190270	0.432864
0.098315	0.117486
0.116515	0.160208
0.110406	0.109854
0.143191	0.270632
0.251323	0.741403
0.208251	0.214499
0.112841	0.103814
0.157641	0.336563
0.150338	0.251064
0.371873	0.799527
0.246570	0.488208
0.266167	0.484425
0.138197	0.114704
0.121367	0.104376
0.144090	0.190198
0.177681	0.237204
0.160365	0.255782
0.087308	0.118302
0.173067	0.348730
0.107764	0.194514
0.231759	0.236394
0.196059	0.410743
0.174138	0.292551
0.071071	0.092748
0.186842	0.567066
0.118813	0.150298
0.106698	0.138707
0.146417	0.225482
0.296665	1.073927
0.164476	0.480270
0.172718	0.371344
0.155057	0.574488
0.218701	0.557687
0.228648	0.639071
0.181818	0.138182
0.341341	0.525665
0.290408	0.180053
0.184294	0.313299
0.262467	0.346456
0.200371	0.175325
0.317351	0.504589
0.254488	0.192138
0.136244	0.177117
0.159453	0.114009
0.259620	0.498471
0.121374	0.135332
0.217383	0.413028
0.191197	0.302091
0.249754	0.300954
0.197753	0.464720
0.256287	0.456190
0.271058	0.529919
0.169128	0.121772
0.211909	0.222504
0.303064	0.437927
0.187496	0.153747
0.182532	0.143288
0.152500	0.141063
0.246769	0.215923
0.209390	0.292099
0.258803	0.671593
0.093128	0.120601
0.192150	0.582215
0.111089	0.261614
0.131882	0.197163
0.155817	0.246969
0.265329	0.383400
0.154527	0.165343
0.141874	0.126978
0.120976	0.129444
0.108056	0.163704
0.264698	0.877473
0.233687	0.345857
0.089268	0.123636
0.088772	0.106082
0.267907	0.727367
0.207328	0.561859
0.210900	0.185592
0.102078	0.124025
0.150566	0.191219
0.083268	0.149050
0.139677	0.203929
0.102492	0.090705
0.107459	0.103160
0.165631	0.511801
0.058211	0.099250
0.080277	0.134063
0.166176	0.289977
0.198577	0.358432
0.329526	1.211009
0.295010	0.949933
0.301733	0.659287
0.110975	0.162578
0.114853	0.203863
0.123889	0.179020
0.074842	0.158291
0.114161	0.363032
0.104388	0.210864
0.181517	0.409320
0.118755	0.195946
0.146080	0.218390
0.099436	0.241630
0.115371	0.503593
0.065445	0.202881
0.056273	0.104668
0.157837	0.314096
0.167508	0.260475
0.121244	0.179441
0.131746	0.231213
0.128799	0.142323
0.161133	0.771024
0.115441	0.259166
0.238515	0.550969
0.094592	0.148036
0.150372	0.245106
0.114347	0.244131
0.097172	0.171509
0.095741	0.157972
0.105265	0.250003
0.110255	0.250829
0.098102	0.159906
0.101484	0.162374
0.111645	0.112761
0.140103	0.161118
0.127220	0.181289
0.191332	0.415191
0.112895	0.129829
0.134245	0.201368
0.146013	0.200038
0.080802	0.145443
0.262113	0.748334
0.211526	0.387093
0.121405	0.165718
0.223266	0.532489
0.069071	0.097736
0.158025	0.552298
0.108435	0.358378
0.185341	0.389215
0.211532	0.332105
0.154717	0.201132
0.079430	0.166803
0.131066	0.186769
0.154542	0.499943
0.194367	0.514100
0.058931	0.122281
0.066094	0.159617
0.081343	0.239961
0.099793	0.338796
0.082497	0.272651
0.065110	0.107432
0.109859	0.292226
0.083768	0.172981
0.154889	0.321394
0.057437	0.106258
0.092641	0.170460
0.097088	0.159224
0.113301	0.201675
0.341364	1.602705
0.070437	0.082411
0.172293	0.243795
0.120488	0.166876
0.367047	0.985522
0.305676	0.545632
0.247012	0.376694
0.225753	0.264131
0.159075	0.178960
0.183649	0.351688
0.188465	0.534297
0.158240	0.122636
0.276116	0.430741
0.166247	0.102242
0.282935	0.506453
0.115531	0.099934
0.138422	0.177872
0.140554	0.166557
0.165348	0.271171
0.347411	1.092607
0.226711	0.287923
0.174532	0.355172
0.079516	0.134383
0.124608	0.228656
0.172487	0.131090
0.187073	0.360115
0.251910	1.046685
0.270040	0.579236
0.310518	0.371069
0.235539	0.288536
0.167817	0.145162
0.292970	0.329592
0.140183	0.296487
0.339607	0.755626
0.202569	0.283596
0.149594	0.155578
0.123051	0.182116
0.248675	0.457561
0.220250	0.269806
0.249873	0.917036
0.204690	0.317270
0.121709	0.145443
0.160152	0.369952
0.159933	0.246296
0.091984	0.089224
0.309842	0.210693
0.188913	0.259755
0.132760	0.098243
0.203557	0.350118
0.150030	0.378075
0.137181	0.310714
0.155520	0.469670
0.110260	0.288882
0.162427	0.588800
0.109263	0.130569
0.210031	0.333949
0.307469	0.816330
0.078339	0.135918
0.328052	1.153101
0.157334	0.144747
0.318372	1.060179
0.205904	0.353125
0.122652	0.139210
0.189346	0.405200
0.094223	0.104117
0.235496	0.605224
0.132643	0.136622
0.137433	0.286547
0.089881	0.136170
0.147445	0.353130
0.126779	0.176223
0.092549	0.183247
0.098858	0.158668
0.145839	0.141463
0.210664	0.544566
0.226813	0.561362
0.166997	0.303099
0.104363	0.131498
0.123477	0.258683
0.101685	0.115413
0.079521	0.086281
0.229106	0.722831
0.174312	0.536008
0.214447	0.509313
0.111945	0.215495
0.101175	0.188186
0.209666	0.538842
0.115241	0.227600
0.096096	0.130691
0.091403	0.101458
0.122094	0.168489
0.172293	0.679698
0.095765	0.311236
0.206358	0.703681
0.238323	0.443281
0.307211	1.007652
0.107852	0.239431
0.194040	0.230908
0.194947	0.207618
0.230093	0.241597
0.138007	0.095225
0.130537	0.182752
0.174836	0.298969
0.128883	0.160460
0.175913	0.280582
0.152251	0.148445
0.162772	0.281595
0.116423	0.119334
0.229213	1.064693
0.129195	0.161494
0.117882	0.140280
0.142185	0.260909
0.093535	0.202036
0.178888	0.460637
0.081776	0.125117
0.136054	0.178231
0.232104	0.431714
0.120714	0.130975
0.346552	1.621864
0.231930	0.554314
0.119188	0.188912
0.152644	0.413664
0.110756	0.154505
0.122185	0.301186
0.162595	0.374781
0.055466	0.085973
0.072343	0.177240
0.137429	0.190339
0.189555	0.672920
0.085385	0.175893
0.073696	0.152919
0.091517	0.339072
0.069792	0.136792
0.142058	0.741541
0.102846	0.294652
0.072731	0.183646
0.078159	0.159835
0.077173	0.167465
0.079349	0.110692
0.080867	0.102701
0.122820	0.154753
0.114001	0.255932
0.101728	0.383004
0.084752	0.142807
0.069628	0.148308
0.063419	0.097983
0.056952	0.099666
0.141683	0.227401
0.101414	0.174939
0.081745	0.149185
0.073928	0.184081
0.106813	0.254215
0.080366	0.143453
0.264919	1.570970
0.191468	0.381022
0.089055	0.122451
0.156372	0.170446
0.213341	0.546153
0.177579	0.209543
0.202442	0.813815
0.149969	0.238450
0.108613	0.218856
0.062644	0.074234
0.113799	0.180940
0.076058	0.160103
0.148808	0.536451
0.074254	0.125860
0.120318	0.183484
0.173314	0.841440
0.081862	0.459247
0.123976	0.194022
0.153362	0.188635
0.096686	0.139227
0.226379	0.374657
0.205141	0.609268
0.230541	0.356185
0.191948	0.452038
0.052631	0.106314
0.105062	0.175978
0.165550	0.286401
0.274809	0.856030
0.096128	0.185046
0.112639	0.296240
0.105166	0.184040
0.096476	0.296180
0.173946	0.487048
0.084612	0.142572
0.074820	0.111855
0.086562	0.125947
0.132248	0.254577
0.147470	0.311899
0.141587	0.209549
0.131463	0.276729
0.058505	0.158549
0.062647	0.115897
0.056435	0.099608
0.074305	0.111085
0.095798	0.287874
0.107401	0.187415
0.098356	0.133273
0.092417	0.165427
0.209651	0.368986
0.331526	2.065408
0.113625	0.135782
0.121869	0.171835
0.288289	1.233877
0.138327	0.363107
0.126967	0.127602
0.106062	0.092274
0.180329	0.226312
0.131592	0.170412
0.262624	0.266563
0.325113	1.474385
0.248166	0.244444
0.329274	0.673366
0.341382	0.590591
0.242712	0.385913
0.164323	0.123243
0.357946	1.127531
0.094168	0.080513
0.390612	2.050712
0.257738	0.470371
0.138368	0.415795
0.171768	0.358136
0.233736	0.495521
0.186618	0.371370
0.394196	2.051793
0.282360	0.567544
0.154356	0.111908
0.156153	0.325580
0.223630	0.549011
0.062710	0.166495
0.204364	0.394422
0.264401	0.506327
0.213477	0.272183
0.343545	1.533930
0.161305	0.126624
0.178981	0.133341
0.158006	0.180127
0.131619	0.163208
0.162766	0.264495
0.121441	0.347927
0.104043	0.118089
0.220421	0.444149
0.129555	0.110122
0.244807	0.902112
0.186978	1.005005
0.112373	0.161817
0.107095	0.088889
0.130366	0.366330
0.139196	0.203921
0.160052	0.129642
0.167975	0.287237
0.223244	0.574854
0.255126	0.487290
0.432955	1.725327
0.367426	0.406006
0.174249	0.228266
0.280529	0.185149
0.410595	0.492714
0.349754	0.297291
0.357820	0.694170
0.142984	0.094369
0.247118	0.363264
0.122464	0.145732
0.078513	0.122872
0.129327	0.360823
0.220917	0.508108
0.217941	1.595326
0.114698	0.302802
0.222540	0.514067
0.276556	0.348460
0.193920	0.191981
0.396988	0.615331
0.308946	0.457240
0.180442	0.220140
0.214459	0.205881
0.364572	2.023377
0.088633	0.113450
0.458122	2.173790
0.192341	0.167337
0.119845	0.134226
0.203477	0.307250
0.219205	0.253182
0.277781	0.440283
0.205692	0.375388
0.129643	0.133532
0.263946	0.419674
0.228133	0.675274
0.180004	0.412209
0.287567	0.563631
0.127854	0.130411
0.169074	0.259529
0.168278	0.144719
0.095481	0.130331
0.108796	0.126747
0.125443	0.461629
0.087887	0.123481
0.122351	0.525496
0.114445	0.219163
0.112013	0.185381
0.099114	0.178900
0.173365	0.349330
0.102893	0.282957
0.126705	0.269247
0.115107	0.201438
0.247145	0.291631
0.229667	0.203255
0.131286	0.107655
0.353205	1.147917
0.155147	0.207121
0.206739	0.331815
0.133951	0.175475
0.146476	0.105463
0.091417	0.096445
0.104388	0.148753
0.106415	0.213895
0.091425	0.128909
0.096022	0.215569
0.150304	0.432124
0.108647	0.159712
0.154018	0.416618
0.103516	0.130948
0.124859	0.133599
0.127923	0.243693
0.136398	0.192321
0.155488	0.512332
0.223369	0.530501
0.091024	0.146093
0.155121	0.311793
0.197858	0.401651
0.164552	0.366128
0.096470	0.093094
0.221514	0.827353
0.070207	0.095130
0.138150	0.325342
0.136814	0.151864
0.220497	0.545729
0.235177	0.817241
0.126757	0.154010
0.162721	0.226183
0.174795	0.279672
0.195686	0.907985
0.151024	0.345090
0.140720	0.330693
0.118269	0.367225
0.136451	0.262669
0.113932	0.164631
0.153308	0.427730
0.225887	0.758982
0.124788	0.160976
0.085681	0.201779
0.210471	0.434622
0.254320	0.513727
0.160783	0.221076
0.144233	0.226446
0.251608	0.768662
0.147948	0.164222
0.305470	0.864479
0.170420	0.363847
0.077758	0.961865
0.119362	0.223207
0.044740	0.143614
0.104720	0.264417
0.068599	0.137198
0.070096	0.151406
0.064565	0.131067
0.045771	0.154705
0.120835	0.958218
0.035742	0.145111
0.085334	0.276481
0.143248	0.179776
0.090986	0.209724
0.111206	0.234646
0.095328	0.262629
0.074422	0.194242
0.139776	0.250199
0.186717	0.461192
0.118731	0.198281
0.110277	0.260805
0.074170	0.132394
0.143222	0.256368
0.099713	0.297643
0.124651	0.132131
0.366358	1.082587
0.171802	0.314398
0.183907	0.240918
0.137915	0.119986
0.126071	0.143720
0.145769	0.224484
0.164882	0.723830
0.173953	0.326163
0.101569	0.106647
0.272080	0.627144
0.142338	0.310297
0.195848	0.329025
0.157518	0.332362
0.136076	0.274193
0.165559	0.163076
0.128726	0.353352
0.183275	0.235508
0.219772	0.273616
0.129559	0.114660
0.132890	0.106312
0.245780	0.432573
0.192641	0.469082
0.102356	0.129480
0.148274	0.392926
0.193774	0.436961
0.293498	0.651565
0.182399	0.555404
0.101986	0.151449
0.234668	0.523310
0.202466	0.343180
0.133376	0.322104
0.182654	0.410059
0.112449	0.174297
0.336835	0.570935
0.106811	0.155944
0.113881	0.150893
0.105484	0.147677
0.086709	0.196828
0.108868	0.129552
0.171607	0.370670
0.209805	0.349325
0.166833	0.224391
0.125560	0.318295
0.063509	0.132417
0.100910	0.108983
0.121745	0.158877
0.283559	0.884703
0.143815	0.266058
0.223231	0.818143
0.079062	0.149822
0.176682	0.531814
0.274223	0.595064
0.213020	0.506987
0.117222	0.151803
0.086420	0.103272
0.275296	0.539581
0.410264	2.186705
0.167128	0.204731
0.191038	0.274139
0.085853	0.161834
0.089499	0.162889
0.073981	0.123918
0.102000	0.153511
0.093152	0.163017
0.136722	0.362314
0.057096	0.112193
0.341896	1.070134
0.109890	0.103297
0.170839	0.263947
0.142786	0.129935
0.202510	1.824619
0.169707	0.306322
0.175032	0.479588
0.162655	0.422090
0.078467	0.156149
0.070846	0.123272
0.095144	0.165551
0.123473	0.290778
0.095960	0.337778
0.269199	1.231587
0.104100	0.158232
0.068305	0.115094
0.104670	0.277377
0.128343	0.277222
0.081562	0.109294
0.100436	0.250086
0.060602	0.163928
0.081964	0.147946
0.181370	0.547739
0.102339	0.258407
0.076097	0.173120
0.074284	0.170853
0.062088	0.107101
0.157327	0.573455
0.176913	0.628925
0.207643	1.389135
0.289175	1.986633
0.075531	0.197136
0.070404	0.135176
0.068256	0.121837
0.100041	0.191579
0.089427	0.133246
0.066741	0.207231
0.085018	0.332420
0.067274	0.246897
0.060345	0.130949
0.085117	0.143422
0.127192	0.458526
0.075217	0.201958
0.128849	0.403941
0.103802	0.330090
0.083524	0.184588
0.105283	0.362701
0.073079	0.294873
0.091687	0.153576
0.059875	0.136813
0.075525	0.168042
