Velocity(m/s)	Chord(mm)
0.063762	0.164824
0.060938	0.400362
0.111194	0.661605
0.119377	0.137881
0.188698	0.355695
0.133438	0.137441
0.100493	0.170839
0.131533	0.190065
0.144455	0.348858
0.129600	0.138671
0.176335	0.188678
0.160865	0.364360
0.148944	0.236077
0.100632	0.218370
0.150585	0.106162
0.148961	0.183223
0.085157	0.125606
0.160976	0.496610
0.138511	0.403759
0.116261	0.129050
0.034097	0.256923
0.076946	0.109263
0.160878	0.596856
0.130891	0.170158
0.180911	0.450468
0.196249	0.404273
0.299153	0.945322
0.171801	0.154621
0.179681	0.173392
0.205847	0.242900
0.199933	0.314894
0.100638	0.193224
0.169164	0.570083
0.125538	0.135581
0.185002	0.391279
0.054369	0.127223
0.196896	0.440061
0.164319	0.252229
0.410369	0.753027
0.201454	0.266926
0.122860	0.098902
0.122416	0.225858
0.075167	0.097717
0.262825	0.218145
0.221651	0.295904
0.381819	0.376092
0.296678	0.137955
0.135115	0.099985
0.267023	0.395194
0.127615	0.201631
0.296596	0.164611
0.146131	0.160744
0.129227	0.157657
0.102907	0.157962
0.108789	0.159377
0.294254	0.600278
0.275938	0.420805
0.247894	0.285079
0.303738	0.312851
0.330612	0.601715
0.362103	0.369345
0.299957	0.271461
0.245030	0.166620
0.262384	0.226962
0.331446	0.565116
0.210628	0.190618
0.135245	0.171085
0.261380	0.358091
0.207209	0.314958
0.150418	0.191783
0.251919	0.352687
0.208476	0.309586
0.139754	0.143248
0.095782	0.118770
0.123528	0.166763
0.074518	0.115876
0.068504	0.257919
0.157763	0.545071
0.033142	0.095449
0.256614	0.569683
0.301756	0.445090
0.173778	0.255453
0.146743	0.135004
0.122783	0.229605
0.136817	0.194281
0.105969	0.253267
0.069400	0.212364
0.151782	1.081445
0.127799	0.176363
0.175097	0.152334
0.301266	0.360013
0.258722	0.186280
0.204757	0.205781
0.328602	0.657204
0.327185	0.418797
0.211122	0.099227
0.338977	0.403382
0.461968	0.339547
0.448196	0.421304
0.127162	0.174212
0.146666	0.184065
0.260326	0.311090
0.146425	0.119336
0.139344	0.498153
0.091137	0.137617
0.159663	0.161260
0.246088	0.253470
0.206439	0.153797
0.294769	0.393517
0.230369	0.184295
0.188541	0.166859
0.248152	0.363543
0.125568	0.182702
0.176312	0.339400
0.147832	0.243183
0.126227	0.248036
0.054471	0.180571
0.097981	0.296883
0.116012	0.384580
0.119009	0.278480
0.077540	0.275266
0.171505	0.438195
0.186680	0.242684
0.110043	0.175518
0.125684	0.275248
0.150209	0.256107
0.120887	0.187376
0.121156	0.374977
0.072643	0.249166
0.100778	0.346171
0.064708	0.248803
0.055238	0.144999
0.108615	0.117304
0.098118	0.324281
0.093477	0.150030
0.075097	0.270350
0.177388	0.133041
0.269252	0.538505
0.393213	0.467923
0.358005	0.515528
0.427023	0.807074
0.356381	0.329653
0.132414	0.297270
0.102824	0.179428
0.118439	0.161077
0.088329	0.125428
0.119541	0.264784
0.180884	0.328304
0.090497	0.114027
0.122741	0.166314
0.153603	0.193539
0.137361	0.153158
0.172046	0.153981
0.217318	0.378133
0.181148	0.177525
0.225050	0.547998
0.162240	0.369096
0.224893	0.371074
0.173714	0.192822
0.174888	0.241346
0.210111	0.158634
0.231720	0.539907
0.193303	0.111149
0.260241	0.260241
0.372882	0.464239
0.212987	0.227896
0.370076	0.479249
0.378185	0.718551
0.439496	0.933930
0.256210	0.147321
0.430889	0.644179
0.308867	0.245549
0.202548	0.205586
0.229928	0.265567
0.421659	1.355635
0.318150	0.819237
0.352123	0.473606
0.219893	0.356226
0.266272	0.404734
0.340706	0.461657
0.248163	0.464065
0.281322	1.081681
0.195881	0.391763
0.247203	1.275567
0.192212	0.431516
0.094433	0.249774
0.114932	0.258022
0.125770	0.130801
0.106608	0.377925
0.088464	0.131369
0.114758	0.178449
0.060782	0.271392
0.210175	0.256414
0.124615	0.371352
0.101849	0.228651
0.153137	0.238894
0.219518	0.439036
0.163649	0.171831
0.215231	0.247516
0.113642	0.222170
0.210244	0.126146
0.157542	0.262308
0.257178	0.412771
0.163529	0.128370
0.277493	0.148459
0.075497	0.115888
0.071955	0.117287
0.153533	0.197289
0.056537	0.137385
0.117499	0.162736
0.072938	0.200214
0.088952	0.420744
0.101961	0.127961
0.155044	0.529475
0.085016	0.207015
0.164600	0.233732
0.108457	0.305307
0.100323	0.106342
0.102051	0.102561
0.134293	2.689898
0.139509	0.125558
0.243319	0.192222
0.293667	0.654877
0.229437	0.281061
0.130038	0.194407
0.179433	0.268253
0.104506	0.157282
0.068584	0.125852
0.151823	0.379556
0.150705	0.278804
0.108435	0.153978
0.168893	0.956779
0.197602	0.288498
0.152471	0.269874
0.103301	0.145655
0.209847	0.509927
0.130054	0.215240
0.132829	0.310819
0.226554	0.582243
0.189039	0.336489
0.119827	0.111439
0.295916	0.244130
0.143065	0.162379
0.014338	0.121444
0.149996	0.316491
0.250335	0.379258
0.369220	0.662750
0.164392	0.156994
0.145053	0.239337
0.132235	0.234717
0.060249	0.162069
0.071306	1.430395
0.056088	0.265297
0.234154	0.176786
0.167663	0.224668
0.249294	0.285442
0.304704	0.164540
0.133469	0.260265
0.100742	0.133483
0.156171	0.335768
0.156843	0.308196
0.072893	0.249294
0.112904	0.250082
0.119007	0.104726
0.258904	0.472500
0.213658	0.226477
0.241418	1.735799
0.338998	0.562737
0.149969	0.145470
0.232394	0.192887
0.296694	0.188401
0.306091	0.283134
0.217628	0.610446
0.158060	0.245783
0.153676	0.197474
0.193957	0.393733
0.276196	0.365960
0.248223	0.198578
0.193635	0.174272
0.265116	0.237278
0.162643	0.143939
0.119251	0.130580
0.077643	0.106371
0.128411	0.153451
0.107140	0.123747
0.199277	0.318843
0.158031	0.161191
0.111120	0.132233
0.160059	0.136850
0.172572	0.153589
0.090440	0.194447
0.116252	0.189491
0.202279	0.186097
0.074457	0.150031
0.140461	0.242296
0.110897	0.217912
0.150793	0.189246
0.206455	0.189939
0.098354	0.275392
0.169743	0.226607
0.208023	0.498216
0.255431	0.868467
0.164529	0.229517
0.190854	0.137415
0.181046	0.159321
0.289334	0.217001
0.204157	0.207219
0.182034	0.202967
0.200173	0.165142
0.144651	0.191663
0.227958	0.198324
0.112603	0.216760
0.108925	0.184628
0.267725	0.325286
0.188488	0.556981
0.337669	0.177276
0.249973	0.222476
0.282405	0.165207
0.235543	1.380281
0.361754	0.224287
0.236628	0.240177
0.194341	0.276935
0.195992	0.321427
0.147669	0.209690
0.135145	0.456116
0.094629	0.294768
0.159392	0.240682
0.123336	0.193021
0.266070	0.244784
0.281031	0.372366
0.177107	0.164710
0.282108	0.190423
0.069234	0.176547
0.147076	0.169137
0.112999	0.206788
0.147547	0.171155
0.120590	0.142297
0.173673	0.432447
0.212248	0.232412
0.204838	0.181282
0.083115	0.124673
0.170998	0.190663
0.084928	0.123994
0.110809	0.136849
0.108911	0.411685
0.073221	0.219298
0.082771	0.172577
0.140977	0.256578
0.176146	0.333796
0.202842	0.444223
0.129506	0.153465
0.095334	0.185425
0.219066	0.212494
0.120172	0.198283
0.271198	0.296961
0.147877	0.394093
0.112421	0.453057
0.070023	0.178560
0.117777	0.206110
0.139716	0.495992
0.117897	0.215751
0.084109	0.132052
0.077445	0.151792
0.060455	0.177132
0.058373	0.159359
0.102949	0.156483
0.089809	0.314781
0.164876	0.149213
0.143433	0.342088
0.160899	0.189861
0.124162	0.185622
0.116567	0.503570
0.064782	0.263663
0.079973	0.239520
0.161580	0.421724
0.125640	0.209819
0.119074	0.431047
0.052302	0.185410
0.176947	1.973839
0.140195	0.250949
0.127470	0.213513
0.168205	0.255671
0.225986	0.242935
0.145129	0.238011
0.298091	0.314486
0.234722	0.368513
0.136581	0.127020
0.219170	0.527103
0.173986	0.365371
0.066500	0.232086
0.058684	0.117368
0.263336	0.354187
0.286748	0.313989
0.161358	0.217833
0.380191	0.714759
0.427989	0.415149
0.207900	0.141372
0.290013	0.687331
0.301331	0.310371
0.318019	0.294168
0.316593	0.398908
0.261357	0.219540
0.320935	0.795919
0.171784	0.294610
0.085114	0.149800
0.073919	0.472711
0.116132	0.201489
0.157043	0.129561
0.128600	0.205116
0.197088	0.253258
0.121596	0.238937
0.044461	0.227417
0.125289	0.139071
0.115801	0.138961
0.123136	0.200712
0.090713	0.133347
0.065643	0.132271
0.114604	0.116896
0.152415	1.369449
0.100292	0.159464
0.258998	0.625481
0.188226	0.466801
0.100738	0.161685
0.159852	0.274147
0.173444	0.171709
0.153661	0.212820
0.094469	0.166738
0.082004	0.107835
0.163733	0.190749
0.187135	0.160000
0.165220	0.159437
0.182447	0.308336
0.167960	0.655045
0.142411	0.260612
0.203441	0.249215
0.112110	0.161438
0.189809	0.328370
0.082771	0.204032
0.112410	0.102855
0.174993	0.221366
0.142752	0.148462
0.149843	0.371610
0.131230	0.431090
0.093760	0.246589
0.103785	0.262057
0.082294	0.169114
0.057187	0.155836
0.131994	0.692311
0.260810	0.440769
0.104506	0.241409
0.170197	0.291036
0.230424	0.532279
0.211239	0.130968
0.193533	0.175148
0.186099	0.311715
0.267982	0.343017
0.279243	0.406298
0.248674	0.136771
0.175748	0.297015
0.151806	0.173817
0.165951	0.224034
0.196625	0.343111
0.226456	0.421209
0.086020	0.147955
0.137902	0.293042
0.348711	0.275482
0.278570	0.277177
0.501937	1.724155
0.504372	0.688468
0.446337	0.566848
0.299660	0.289172
0.149966	0.258691
0.194706	0.173288
0.344371	0.625032
0.193217	0.121727
0.149355	0.119484
0.215112	0.255983
0.374708	0.702577
0.191407	0.213418
0.188310	0.137466
0.462707	1.700449
0.473494	0.679463
0.220467	0.241412
0.326902	0.459298
0.265666	0.344037
0.245952	0.539865
0.133791	0.159880
0.137024	0.239107
0.098696	0.094254
0.221492	0.332239
0.071061	0.103039
0.255671	0.304249
0.166514	0.188993
0.193795	0.259686
0.094535	0.112969
0.211488	0.620717
0.172737	0.194329
0.200772	0.287104
0.156824	0.342659
0.226993	0.793339
0.197998	0.278187
0.306996	0.233317
0.122179	0.339658
0.139182	0.585957
0.092740	0.258282
0.122038	0.134242
0.224250	0.577444
0.153322	0.249147
0.093527	0.148708
0.205339	0.460986
0.194575	0.412500
0.206693	0.270767
0.070920	0.242900
0.133655	0.224541
0.095387	0.296176
0.067809	0.278018
0.162321	0.236177
0.210522	0.296837
0.149547	0.173475
0.131446	0.314812
0.209613	0.185508
0.143497	0.155694
0.178149	0.152317
0.068377	0.183594
0.184433	0.240685
0.183610	0.140461
0.226784	0.233587
0.102628	0.202690
0.101489	0.533323
0.272577	0.485187
0.077680	0.117686
0.048396	0.115183
0.082592	0.109435
0.136699	0.105258
0.077730	0.166343
0.154248	0.184327
0.087480	0.101915
0.388853	0.322748
0.369764	0.290265
0.211297	0.603253
0.240002	0.494404
0.206779	0.341186
0.207815	0.341855
0.307153	0.380870
0.292102	0.503877
0.110125	0.158029
0.191751	0.295297
0.114268	0.358801
0.140381	0.506072
0.156363	0.321325
0.077891	0.117226
0.112554	0.124935
0.102728	0.227028
0.097927	0.224743
0.070774	0.136947
0.110568	0.177462
0.094974	0.698057
0.108142	0.109764
0.117607	0.186406
0.129299	0.104086
0.113716	0.956920
0.098597	0.197194
0.116277	0.163951
0.128127	0.136455
0.188731	0.339717
0.163364	0.098019
0.261439	0.151634
0.174296	0.172553
0.156439	0.200241
0.192688	0.293849
0.166305	0.211207
0.152017	0.251587
0.158664	0.214196
0.092316	0.101086
0.161894	0.566628
0.069918	0.095787
0.145243	0.218591
0.139110	0.146761
0.137968	0.135209
0.231304	0.187356
0.179636	0.317058
0.158165	0.192962
0.078783	0.127628
0.148548	0.624646
0.200934	0.258200
0.134107	0.195796
0.139770	0.322869
0.178906	0.247785
0.138072	0.117361
0.245611	0.221050
0.251501	0.246471
0.186220	1.366853
0.246960	1.226154
0.226664	0.265197
0.059903	0.095245
0.140984	0.152262
0.149590	0.184743
0.140557	0.182724
0.143708	0.433997
0.268862	1.551334
0.083149	0.177940
0.062689	0.149514
0.140170	0.129657
0.243077	0.605261
0.322408	0.567438
0.391748	0.846175
0.311132	0.247350
0.404608	0.463276
0.333519	0.615343
0.234559	0.154809
0.250857	0.149260
0.390981	0.453538
0.318928	0.570881
0.358657	1.099285
0.426949	0.473914
0.399901	0.499876
0.356510	0.356510
0.293766	0.801981
0.240813	0.199875
0.308546	0.419622
0.206209	0.191775
0.209020	0.188118
0.394319	0.433751
0.175582	0.125541
0.211020	0.158265
0.176107	0.243908
0.274438	0.465172
0.311582	0.525015
0.140151	0.341267
0.210972	0.607600
0.252110	0.282363
0.112032	0.119874
0.156600	0.244296
0.252330	0.486997
0.202578	0.652300
0.111382	0.140341
0.116783	0.120287
0.118604	0.520671
0.108301	0.138625
0.149931	0.172420
0.286792	0.749962
0.157101	0.196376
0.237423	0.311025
0.270791	0.846221
0.250969	0.356376
0.139759	0.243880
0.217127	0.442939
0.157385	0.181780
0.197208	0.402305
0.213996	0.542481
0.169010	0.168165
0.175428	0.158762
0.173047	0.198138
0.300032	0.796585
0.179115	0.554360
0.094234	0.103657
0.167283	0.121280
0.222801	0.113628
0.184556	0.737302
0.218629	0.442723
0.077231	0.432493
0.082256	0.320385
0.207361	0.808709
0.146832	0.381028
0.118233	0.149565
0.143676	0.147268
0.140054	0.163864
0.187649	0.305868
0.138244	0.247457
0.227567	0.301526
0.236002	0.287922
0.120103	0.221589
0.222987	0.335595
0.175586	0.159783
0.103261	0.417175
0.192258	0.186491
0.140220	0.227858
0.146008	0.205872
0.153012	0.231048
0.141707	0.175717
0.190514	0.223854
0.101717	0.163764
0.218100	0.209376
0.195923	0.229230
0.062404	0.239632
0.090438	0.154198
0.066682	0.916208
0.024546	0.184093
0.186901	0.133634
0.183496	0.114685
0.187113	0.288155
0.164927	0.779282
0.159650	0.284177
0.128125	0.212047
0.184869	0.206129
0.217661	0.304725
0.151785	0.148749
0.154537	0.288984
0.198186	0.315115
0.195551	0.243461
0.161571	0.316679
0.182818	0.112433
0.224519	0.258197
0.141587	0.261936
0.198981	0.456662
0.167982	0.201578
0.147105	0.180939
0.225378	0.179176
0.127669	0.151926
0.153246	0.125661
0.127796	0.160383
0.096954	0.136221
0.123960	0.109705
0.188255	0.349213
0.056345	0.156359
0.049019	0.107842
0.278966	0.598381
0.094692	0.171393
0.246184	0.558837
0.119623	0.158501
0.194341	0.216690
0.194991	0.601546
0.184433	0.529322
0.163996	0.450169
0.230756	0.342673
0.198831	0.889769
0.230166	0.338343
0.265753	0.494300
0.301736	0.319840
0.321615	1.051682
0.203457	0.306203
0.212548	0.230614
0.230463	0.170542
0.296901	0.449805
0.262172	0.145506
0.435178	0.726748
0.061033	0.103450
0.246091	0.244861
0.441524	0.494507
0.188263	0.180732
0.288016	0.658117
0.244319	0.320057
0.282617	0.300987
0.172172	0.145485
0.233942	0.276052
0.174700	0.183435
0.252718	0.236291
0.181135	0.182041
0.233495	0.183293
0.141948	0.134851
0.226220	0.341592
0.120419	0.131256
0.355377	0.463767
0.149978	0.397443
0.205692	0.159411
0.304599	0.580262
0.412362	0.432980
0.266051	0.234125
0.297152	0.497729
0.177831	0.162715
0.249144	0.232950
0.188685	0.136797
0.308270	0.473195
0.171736	0.180323
0.289741	0.140524
0.475579	1.003473
0.325549	0.312527
0.186335	0.123913
0.329606	0.346087
0.173080	0.205100
0.221186	0.291966
0.348646	0.427092
0.196347	0.301393
0.188455	0.288337
0.073819	0.248769
0.120726	0.211270
0.160354	0.161156
0.161087	0.185249
0.205708	0.244793
0.133376	0.127374
0.275913	0.378000
0.113558	0.201566
0.262993	0.374765
0.120745	0.102633
0.199342	0.185388
0.124684	0.139023
0.213886	0.211747
0.116623	0.168520
0.114105	0.264724
0.052081	0.101557
0.119204	0.248539
0.182648	0.201826
0.233329	0.337160
0.146054	0.154818
0.154429	0.137442
0.171535	0.135513
0.195201	0.659779
0.237286	0.142371
0.326524	0.455501
0.250005	0.247505
0.263317	0.992705
0.119902	0.142084
0.224747	0.377576
0.211901	1.022423
0.163091	0.300903
0.167219	0.387949
0.183544	0.231266
0.176410	0.273435
0.160618	0.141344
0.207426	0.313214
0.254736	0.146473
0.225617	0.153420
0.309338	0.573823
0.277516	0.328857
0.350887	0.454398
0.234334	0.181609
0.094557	0.128125
0.127989	0.245098
0.135023	0.129622
0.134129	0.213265
0.149367	0.275582
0.223904	0.527293
0.237805	0.359085
0.128268	0.112876
0.153123	0.143936
0.218800	0.141126
0.186597	0.318148
0.394591	0.889804
0.340950	0.639282
0.267964	0.375150
0.324879	0.649758
0.422331	0.549030
0.234206	0.192049
0.396299	0.503300
0.158439	0.104569
0.299165	0.421823
0.384156	0.345741
0.197795	0.282847
0.317529	0.306416
0.180409	0.239943
0.221237	0.305307
0.182502	0.203490
0.156064	0.149821
0.221965	0.198659
0.133299	0.286593
0.122512	0.192344
0.241855	0.326504
0.176748	0.154655
0.270317	0.556853
0.178302	0.430600
0.127352	0.288453
0.083394	0.135099
0.179817	0.257138
0.153462	0.202570
0.184487	0.119917
0.091587	0.252321
0.080721	0.168304
0.101824	0.136444
0.097148	0.143778
0.117052	0.153923
0.108719	0.140791
0.081896	0.196959
0.139285	0.231909
0.145123	0.433919
0.291212	0.518358
0.114215	0.177034
0.257803	0.239757
0.250500	0.519787
0.133267	0.161920
0.328372	0.891530
0.160148	0.337912
0.110238	0.176932
0.126391	0.141558
0.111966	0.197060
0.095675	0.338689
0.084364	0.133717
0.272799	0.456938
0.278655	0.417983
0.265893	0.376238
0.283741	0.612881
0.175744	0.121264
0.205412	0.977759
0.231193	0.221945
0.323648	0.466053
0.336768	0.321614
0.343097	0.385984
0.263700	0.313803
0.182755	0.183669
0.178989	0.377667
0.214499	1.303082
0.094761	0.161568
0.108022	0.211182
0.110013	0.276133
0.081682	0.198487
0.088277	0.194652
0.172434	0.170710
0.160133	0.135312
0.171213	0.149811
0.084305	0.150485
0.165183	0.579794
0.220039	0.311355
0.246562	0.216975
0.199445	0.131633
0.291123	0.324603
0.202872	0.149111
0.312238	0.149874
0.208983	0.114940
0.257773	0.149508
0.259355	0.395516
0.191927	0.118035
0.186642	0.245435
0.332483	0.302560
0.301960	0.301960
0.211097	0.319812
0.058429	0.234008
0.052605	0.148082
0.084147	0.337009
0.091675	0.104968
0.112195	0.129585
0.175156	0.284629
0.169128	0.187732
0.157087	0.142164
0.132228	0.115699
0.069907	0.111502
0.125532	0.194574
0.087650	0.117889
0.144656	0.201071
0.137790	0.159837
0.217334	0.620489
0.187144	0.641902
0.098445	0.132901
0.120725	0.127968
0.113586	0.125513
0.179971	1.722318
0.091053	0.224900
0.134228	0.443624
0.136688	0.513262
0.085024	0.141990
0.047916	0.153332
0.136433	0.233982
0.148961	0.207801
0.176598	0.316993
0.106320	0.172239
0.216975	0.218059
0.238673	0.291181
0.166298	0.108925
0.234872	0.596574
0.168557	0.461003
0.139918	0.194486
0.260834	0.332564
0.167234	0.351191
0.236937	0.569833
0.229403	0.325752
0.255265	0.501595
0.216305	0.444507
0.151151	0.129990
0.279025	0.612459
0.151112	0.182089
0.179496	0.272833
0.198350	0.296533
0.181055	0.183771
0.130550	0.118800
0.125289	0.225520
0.081142	0.100211
0.111249	0.130718
0.087202	0.207541
0.098952	0.110331
0.051959	0.386313
0.074969	0.152563
0.062126	0.271180
0.130528	0.162507
0.058880	0.109517
0.098024	0.673427
0.052132	0.224428
0.246813	0.799675
0.124309	0.177140
0.165575	0.334461
0.140132	0.174465
0.176380	0.336886
0.237875	0.451963
0.181882	0.431971
0.227824	0.202763
0.379651	0.447989
0.204357	0.207422
0.183050	0.142779
0.194610	0.118712
0.306419	0.401408
0.200171	0.223190
0.211234	0.638982
0.213772	0.356999
0.193982	0.454887
0.168274	0.196040
0.152694	0.114520
0.137721	0.393883
0.115082	0.146154
0.136868	0.179296
0.090316	0.148118
0.095259	0.113358
0.058317	0.154540
0.046963	0.108015
0.095936	0.179401
0.036274	0.135664
0.074762	0.305028
0.121989	0.232389
0.069853	0.167299
0.107933	0.281704
0.122876	0.130249
0.221528	0.581512
0.063458	0.233210
0.011362	0.131063
0.100759	0.108316
0.117717	0.113597
0.182081	0.128367
0.206805	0.344330
0.167674	0.224683
0.150841	0.188552
0.082238	0.152552
0.115952	0.111314
0.167901	0.228345
0.142533	0.349207
0.083053	0.110460
0.072004	0.137167
0.190987	0.296030
0.198799	1.022819
0.179635	0.162569
0.330287	0.260927
0.446807	0.831061
0.381484	0.309002
0.740961	0.663160
0.286009	0.184476
0.486334	0.615213
0.429985	0.505232
0.296953	0.233108
0.277520	0.269194
0.368837	0.547723
0.151177	0.693905
0.199224	0.195239
0.168625	0.235233
0.208693	0.306779
0.190796	0.381591
0.074483	0.156786
0.091337	0.163037
0.108203	0.167173
0.127144	1.062925
0.221431	0.155002
0.117008	0.215880
0.061436	0.481041
0.131322	0.243602
0.140772	0.267468
0.062447	0.118962
0.112809	0.155677
0.147999	0.417357
0.134565	0.139274
0.110604	0.105073
0.143303	0.171247
0.109029	0.122658
0.167949	0.658361
0.116987	0.140969
0.133661	0.264649
0.146180	0.244852
0.136354	0.539963
0.093647	0.114717
0.122402	0.152391
0.129856	0.168163
0.122245	0.189480
0.232005	0.702976
0.126516	0.243543
0.169555	0.182271
0.186224	0.175051
0.069554	0.223267
0.123331	0.423643
0.061511	1.694638
0.078520	0.418513
0.194987	0.281757
0.057912	0.129143
0.117199	0.329329
0.145527	0.326707
0.118350	0.230192
0.130496	0.134411
0.187345	0.372816
0.157445	0.197594
0.085922	0.216953
0.146165	0.388798
0.122240	0.327602
0.150140	0.234219
0.134394	0.160601
0.132903	0.450542
0.089795	0.222692
0.048550	0.146864
0.078609	0.107302
0.104930	0.207761
0.229648	0.337583
0.108480	0.670950
0.050121	0.223288
0.096030	0.117637
0.037326	0.119258
0.145528	0.184821
0.207461	0.405587
0.137627	0.189925
0.153961	0.307921
0.119071	0.154198
0.252704	0.809917
0.148062	0.124372
0.196585	0.479668
0.155351	0.298274
0.216719	0.447525
0.246178	0.289259
0.193845	0.142476
0.222007	0.263079
0.262163	0.621327
0.201862	0.310867
0.178566	0.429451
0.170799	0.690883
0.136672	0.161273
0.144678	0.197486
0.190923	0.383755
0.078958	0.146861
0.181117	0.256281
0.262148	0.419436
0.143458	0.215187
0.144619	0.228499
0.119780	0.399465
0.088917	0.200507
0.185426	0.266087
0.240324	0.624842
0.296172	0.343560
0.202794	0.403559
0.283768	0.349035
0.283686	0.198580
0.252639	0.320851
0.222197	0.201088
0.339084	0.257704
0.580078	0.536572
0.394716	0.254592
0.236781	0.101816
0.263462	0.196279
0.447936	0.358349
0.407717	0.625846
0.156745	0.179473
0.174447	0.334065
0.119310	0.125276
0.238883	0.807424
0.246750	0.246750
0.295505	0.231971
0.134728	0.344230
0.086241	0.107801
0.123549	0.111812
0.067452	0.145023
0.128577	0.208295
0.081088	0.157311
0.063908	0.172552
0.118261	0.241252
0.066705	0.110396
0.169536	0.146649
0.144716	0.264107
0.088944	0.135195
0.273826	0.247813
0.182778	0.129772
0.271688	0.143995
0.269007	0.313393
0.380940	0.931400
0.265851	1.038150
0.124026	0.153172
0.185170	0.239796
0.161661	0.103463
0.444887	0.633964
0.386806	0.382938
0.354244	0.223174
0.237743	0.335218
0.371479	0.488495
0.266965	0.312349
0.407444	1.047132
0.275599	0.489188
0.315035	0.545010
0.257378	0.441403
0.090980	0.104627
0.261638	0.358443
0.387684	0.232610
0.192246	0.148990
0.190953	0.123165
0.249645	0.480567
0.153539	0.109012
0.137536	0.108654
0.211640	0.232804
0.347551	0.469195
0.276952	0.275567
0.164232	0.170801
0.173435	0.247144
0.137831	0.421763
0.173929	0.641797
0.317498	2.165337
0.196204	0.215825
0.130643	0.254754
0.114353	0.131506
0.138268	0.176983
0.173431	0.508152
0.171017	0.177003
0.166086	0.253281
0.189482	0.399807
0.262246	0.142924
0.138312	0.171507
0.186911	0.387841
0.185508	0.240233
0.172928	0.178980
0.162632	0.746483
0.084132	0.154383
0.213985	0.414060
0.280008	0.485813
0.270345	0.200055
0.177921	0.227739
0.181803	0.204528
0.356758	0.763462
0.317533	0.284192
0.405098	0.678539
0.376809	0.868546
0.327877	0.139348
0.323274	0.607755
0.247462	0.470178
0.189263	0.161820
0.315056	0.263072
0.225101	0.110299
0.323018	0.392467
0.233938	0.135684
0.200190	0.103098
0.311460	0.119912
0.274963	0.303834
0.461910	0.748295
0.361023	0.536119
0.401599	0.664647
0.414130	0.258831
0.332041	0.142778
0.414386	0.145035
0.464549	0.478486
0.412978	0.315928
0.312585	0.553275
0.297778	0.119111
0.557403	1.039556
0.309857	0.235491
0.398417	0.502005
0.422160	0.170975
0.300749	0.168420
0.730497	0.891206
0.566046	0.537743
0.529301	0.688091
0.316946	0.188583
0.164837	0.169782
0.240096	0.274909
0.242399	0.116351
0.234633	0.421167
0.182479	0.460759
0.191433	0.239292
0.103670	0.177793
0.319348	2.680924
0.082862	0.169453
0.147033	0.399194
0.121156	0.194456
0.147296	0.161289
0.272053	0.246208
0.101880	0.117162
0.359789	0.329207
0.354149	0.297485
0.365471	0.568308
0.398097	0.248811
0.274271	0.161820
0.446359	0.564644
0.287597	0.191252
0.317624	0.397030
0.306683	0.355752
0.429438	0.386494
0.360204	0.471867
0.299934	0.254944
0.387085	0.410310
0.209194	0.333664
0.235734	0.182694
0.212963	0.193797
0.112521	0.191286
0.279635	0.501945
0.335905	0.218338
0.170547	0.115119
0.308263	0.302098
0.374385	1.106308
0.338391	1.307880
0.502745	1.626378
0.197111	0.245404
0.218205	0.247663
0.291397	0.150069
0.394041	0.514224
0.186036	0.162782
0.623284	0.775989
0.274205	0.112424
0.458063	0.423709
0.696019	0.967467
0.330082	0.242610
0.371444	0.258154
0.497495	0.340784
0.541473	0.619986
0.287146	0.166545
0.152216	0.127861
0.345319	0.412656
0.225162	0.302843
0.202687	0.239171
0.238687	0.838984
0.163635	0.146453
0.175807	0.178444
0.094566	0.128137
0.121500	0.111173
0.162776	0.555067
0.137512	0.162265
0.120473	0.192756
0.179177	0.112881
0.126223	0.260651
0.225484	0.304403
0.105970	0.145709
0.188933	0.136032
0.225989	0.451977
0.064502	0.107074
0.123695	0.337688
0.112255	0.099346
0.378551	4.826527
0.359562	0.433272
0.260440	0.209654
0.224202	0.394596
0.102781	0.119226
0.108995	0.165128
0.136253	0.247300
0.257477	0.271638
0.172718	0.125221
0.198630	0.148973
0.207108	0.384185
0.344851	0.460376
0.336584	0.161560
0.123288	0.096781
0.301395	0.379757
0.225833	0.206637
0.395696	0.464943
0.319640	0.471469
0.249766	0.383391
0.153503	0.380688
0.113003	0.295502
0.146762	0.194460
0.176018	0.287789
0.130160	0.549276
0.131413	0.314734
0.141840	0.206377
0.114374	0.133817
0.112051	0.108690
0.138285	0.257902
0.110898	0.177992
0.182244	0.151262
0.130354	0.400838
0.084278	0.328684
0.254598	0.165489
0.306560	0.610054
0.379182	0.271115
0.311795	0.187077
0.576557	1.415446
0.300197	0.126083
0.399042	0.572625
0.395463	1.014363
0.231343	0.138806
0.348038	0.278431
0.331751	0.257107
0.339383	0.481924
0.430894	0.848860
0.445231	0.796963
0.323170	0.360334
0.151266	0.274548
0.119654	0.650317
0.137885	0.132370
0.125882	0.267500
0.164154	0.112445
0.191075	0.186299
0.200390	0.147287
0.199113	0.165263
0.215613	0.173569
0.210313	0.292334
0.257914	0.159907
0.087409	0.135921
0.132298	0.165372
0.098231	0.164046
0.047301	0.110921
0.136163	0.189947
0.174338	0.297246
0.222469	0.156841
0.097135	0.132589
0.150013	0.226520
0.087572	0.155878
0.222056	0.602883
0.101915	0.114654
0.150998	0.321627
0.151525	0.234864
0.107631	0.451513
0.159382	0.148225
0.208766	0.385174
0.128028	0.151073
0.070861	0.139242
0.085740	0.161191
0.072776	0.139003
0.092221	0.190437
0.185581	0.157744
0.296254	0.370317
0.265880	0.337667
0.141263	0.110185
0.235744	0.282893
0.127377	0.138204
0.266364	0.283678
0.130420	0.198890
0.216768	0.816131
0.189133	0.279917
0.166221	0.364856
0.108812	0.220345
0.085323	0.209041
0.092390	0.124265
0.132960	0.148250
0.122805	0.392361
0.074482	0.325858
0.223113	3.969187
0.126917	0.366155
0.137753	0.125356
0.151797	0.118401
0.127401	0.216582
0.100713	0.140495
0.082741	0.153485
0.183710	0.330678
0.194925	0.167636
0.128297	0.109694
0.230156	0.475273
0.201536	0.173321
0.186764	1.005724
0.113263	0.134783
0.082114	0.114549
0.245713	0.383313
0.172107	0.906142
0.089061	0.124240
0.064020	0.160049
0.150373	0.182703
0.207510	0.177421
0.230674	0.220293
0.250808	0.216949
0.219934	0.201240
0.295644	0.381381
0.143085	0.095867
0.145869	0.142951
0.125409	0.093430
0.206255	0.202130
0.337499	2.024995
0.210756	0.198110
0.428010	0.965163
0.318308	0.725742
0.128265	0.132755
0.237487	0.398978
0.279447	0.333939
0.401107	0.170471
0.298543	0.443337
0.167501	0.133163
0.644625	1.527762
0.568137	0.815277
0.414660	0.698703
0.211818	0.118618
0.408708	0.277921
0.519823	0.719954
0.534401	0.374081
0.314223	0.142971
0.385032	0.400433
0.233966	0.127511
0.383619	0.391292
0.415606	0.374045
0.370979	0.350575
0.247643	0.276122
0.308906	0.506606
0.218388	0.287180
0.167522	0.139044
0.228149	0.611439
0.170630	0.431693
0.151332	0.674942
0.127459	0.235800
0.081796	0.152549
0.132243	0.305482
0.126725	0.130526
0.151503	0.503748
0.165859	0.266203
0.145310	0.260104
0.202133	0.650868
0.161056	0.438073
0.176536	0.293932
0.216011	0.275414
0.178662	0.244767
0.156404	0.179082
0.309623	0.848366
0.112037	0.114277
0.155656	0.191456
0.087520	0.136969
0.213520	0.227399
0.131443	0.252370
0.183930	0.194046
0.222056	0.277570
0.189414	0.186573
0.099965	0.207428
0.098814	0.336957
0.130025	0.538954
0.140028	0.296159
0.095710	0.109110
0.180365	0.537488
0.121874	0.116999
0.125493	0.199534
0.162844	0.119690
0.082250	0.154630
0.171332	0.178185
0.166791	0.473687
0.118589	0.122740
0.142271	0.142982
0.160294	0.183537
0.131625	0.118463
0.288451	0.321623
0.328497	0.369559
0.204623	0.373438
0.149528	0.204853
0.167231	0.352022
0.111971	0.153960
0.199010	0.633847
0.132020	0.208592
0.176748	0.174981
0.108212	0.129313
0.151632	0.554973
0.116741	0.162270
0.161984	0.463274
0.098407	0.134817
0.224339	0.512614
0.275623	0.512660
0.270373	0.370411
0.332116	0.332116
0.358091	0.252454
0.380834	0.481754
0.213192	0.234511
0.538213	0.920344
0.314702	0.165218
0.273410	0.276144
0.303002	0.536313
0.414820	0.172150
0.352180	0.348658
0.394630	0.911594
0.218279	0.204091
0.311128	0.183566
0.296452	0.589939
0.178398	0.214078
0.364299	0.280510
0.128473	0.127831
0.279935	0.386310
0.199907	0.175918
0.258436	0.555637
0.212585	0.401785
0.165525	0.821832
0.234898	0.328858
0.198179	0.568773
0.309851	0.370272
0.189854	0.190804
0.300998	1.512517
0.201934	0.120151
0.152478	0.333165
0.132372	0.217752
0.100464	0.183849
0.186127	0.292220
0.206658	0.435014
0.159537	0.145178
0.178268	0.231749
0.258598	0.550813
0.088383	0.213445
0.109690	0.334005
0.263442	0.313496
0.148891	0.125813
0.113951	0.174344
0.113856	0.108163
0.110427	0.906056
0.174590	0.324737
0.140540	0.172162
0.145825	0.327377
0.066882	0.133096
0.084663	0.203614
0.107157	0.654196
0.051892	0.225211
0.155390	0.259501
0.211343	0.236705
0.259669	0.199945
0.260046	0.214538
0.251086	0.218445
0.165543	0.288872
0.178360	0.098990
0.238839	0.675914
0.297124	0.411517
0.199678	0.215652
0.088062	0.094667
0.134692	0.169712
0.056803	0.157911
0.121679	0.320625
0.147386	0.151070
0.114579	0.151817
0.124708	0.117849
0.373557	0.537923
0.152349	0.191960
0.292523	0.410995
0.167856	0.251783
0.129427	0.209024
0.162307	0.616767
0.128564	0.205702
0.247128	0.190289
0.201420	0.581098
0.172434	0.226751
0.146438	0.167671
0.089209	0.290821
0.206822	0.504645
0.364345	0.575665
0.241588	0.321312
0.321592	0.283001
0.157355	0.140046
0.154215	0.185058
0.203981	0.180523
0.168910	0.167221
0.194657	0.227749
0.262149	0.630469
0.123885	0.209986
0.166202	0.143765
0.045245	0.239797
0.074323	0.121146
0.154157	0.316022
0.140393	0.388890
0.125651	0.363758
0.173167	0.107363
0.187260	0.161043
0.162640	0.220378
0.087201	0.221491
0.015540	0.114761
0.231919	0.292218
0.272724	0.203179
0.198700	0.149025
0.146408	0.191795
0.095228	0.126177
0.106859	0.109531
0.213420	0.624253
0.070947	0.153955
0.105011	0.169593
0.111638	0.175830
0.194058	0.439541
0.148503	0.223497
0.093099	0.200162
0.158899	0.212924
0.158152	0.287047
0.267096	0.709139
0.189067	0.216481
0.070935	0.129457
0.121473	0.529015
0.180361	0.165030
0.170767	0.160521
0.166521	0.163190
0.179372	0.189238
0.111560	0.192999
0.144691	0.248868
0.061634	0.092451
0.122581	0.414938
0.266949	0.477839
0.244262	0.305327
0.274778	0.443766
0.156031	0.205181
0.191604	0.230883
0.276386	0.262567
0.396724	0.277707
0.227558	0.325408
0.215778	0.310720
0.426030	0.905315
0.459925	0.597903
0.382892	0.871079
0.148269	0.147528
0.324099	0.845899
0.208105	0.226835
0.079205	0.175440
0.115439	0.207213
0.113116	0.180420
0.214218	0.475563
0.177504	0.309745
0.148388	0.192162
0.172513	0.520988
0.150857	0.564205
0.132279	0.204371
0.086716	0.114466
0.113272	0.210686
0.084129	0.266269
0.075742	0.190871
0.119957	0.376664
0.108869	0.223726
0.129002	0.163833
0.216150	0.191293
0.147693	0.711140
0.178815	0.273587
0.142681	0.426615
0.193420	0.403281
0.234389	0.280094
0.245519	1.205500
0.178030	0.197613
0.174291	0.251850
0.145579	0.440375
0.055843	0.151614
0.160631	0.134930
0.133297	0.114636
0.265385	0.314481
0.156310	0.409532
0.105739	0.329904
0.115086	0.302675
0.117440	0.149737
0.153058	0.308411
0.222041	0.240915
0.202339	0.359152
0.185046	0.267392
0.167562	0.278991
0.156146	0.963420
0.181069	0.197365
0.105119	0.138757
0.243985	0.365978
0.156282	0.233641
0.114507	0.233023
0.061753	0.288697
0.060639	0.402339
0.174350	0.163889
0.183800	0.515560
0.147040	0.635214
0.115077	0.158231
0.204035	0.555995
0.202001	0.159581
0.153867	0.210797
0.163613	0.180792
0.163819	0.163000
0.110145	0.148696
0.130404	0.174089
0.288685	0.233835
0.327788	0.303204
0.155126	0.122549
0.498058	0.508019
0.347747	0.123450
0.528224	0.314293
0.407106	0.248335
0.444505	0.433392
0.392428	0.362996
0.500047	0.287527
0.303612	0.201902
0.189744	0.277026
0.058638	0.127243
0.081346	0.128119
0.145394	0.237720
0.100163	0.359084
0.158708	0.226953
0.286695	1.080839
0.182092	0.161152
0.188980	0.246620
0.156975	0.187585
0.221971	0.340726
0.212439	0.166764
0.170355	0.239349
0.175468	0.129846
0.131659	0.357454
0.116701	0.187889
0.142626	0.169012
0.078919	0.272664
0.071619	0.171527
0.119178	0.277686
0.211218	0.258742
0.355837	0.277553
0.278382	0.226881
0.295199	0.222875
0.216835	0.607137
0.397281	0.454887
0.260103	0.176870
0.523037	0.491655
0.433473	0.149548
0.354269	0.476492
0.276025	0.205639
0.227641	0.170731
0.207947	0.196510
0.110838	0.132451
0.294790	0.250571
0.092354	0.136685
0.203847	0.544271
0.192566	0.149239
0.272241	0.262713
0.151872	0.255145
0.174361	0.126412
0.321421	1.234256
0.283716	0.405714
0.267919	0.467519
0.343928	0.634548
0.208622	0.179415
0.248237	0.178731
0.266409	0.384961
0.157860	0.127077
0.182558	0.182558
0.108807	0.295410
0.153413	0.284581
0.293230	0.296162
0.379988	0.220393
0.336104	0.314257
0.276255	0.171278
0.261158	0.299026
0.355523	0.559949
0.269679	0.327660
0.254022	0.190516
0.393456	0.332471
0.225365	0.123951
0.251886	0.154910
0.267355	0.160413
0.440619	0.870223
0.368970	0.330228
0.290713	0.229663
0.300699	0.335279
0.372321	0.586405
0.239370	0.241764
0.201983	0.217132
0.299930	0.412403
0.323890	0.422676
0.112396	0.155107
0.120610	0.214083
0.106940	0.183936
0.144258	0.182486
0.134235	0.216119
0.116411	0.113501
0.329343	1.208690
0.244554	0.270232
0.261371	0.325407
0.105980	0.107040
0.338693	0.282808
0.462034	0.341905
0.529353	0.394368
0.598140	0.977959
0.350449	0.394255
0.258011	0.152226
0.240105	0.162071
0.392132	0.607804
0.191444	0.245049
0.293157	0.208141
0.165434	0.177842
0.264956	0.196067
0.203603	0.292171
0.102485	0.172174
0.199723	0.320555
0.186333	0.185402
0.208161	0.276855
0.146897	0.124128
0.188283	0.226881
0.210255	0.271229
0.261798	0.284050
0.241174	0.555906
0.113434	0.291524
0.174388	0.213625
0.240211	0.153735
0.351744	0.286671
0.209983	0.194235
0.142037	0.175415
0.125198	0.162132
0.111496	0.129335
0.175690	0.459429
0.111622	0.195339
0.078647	0.141565
0.054167	0.210440
0.094630	0.226638
0.139430	0.174287
0.126886	0.395885
0.113053	0.170710
0.200588	0.198582
0.112292	0.248164
0.116705	0.246832
0.236142	1.059098
0.186360	0.587967
0.184622	0.633254
0.173270	0.544934
0.120303	0.205116
0.160795	0.689811
0.087700	0.218372
0.146261	0.193064
0.286642	0.525989
0.342756	0.435300
0.359028	0.683949
0.130683	0.107160
0.242227	0.257972
0.155388	0.159272
0.217210	0.263910
0.228684	0.162366
0.155688	0.165029
0.337889	1.164026
0.153926	0.152387
0.153720	0.292836
0.105426	0.221394
0.135676	0.202157
0.135672	0.312045
0.242147	0.175557
0.193614	0.249762
0.080414	0.125043
0.116406	0.247945
0.090819	0.138046
0.058893	0.563610
0.081398	0.162795
0.108075	0.155628
0.163117	0.183507
0.229742	0.411238
0.199539	0.231465
0.145024	0.561245
0.134882	0.173324
0.079182	0.153612
0.167596	0.212009
0.092415	0.219486
0.070445	0.120109
0.149028	0.199698
0.104581	0.232170
0.072886	0.116618
0.158546	0.375753
0.182051	0.160205
0.172803	0.243652
0.191590	0.367853
0.185243	0.288979
0.145070	0.532406
0.194798	0.318494
0.113283	0.306430
0.128795	0.193193
0.085845	0.110311
0.091149	0.208731
0.092753	0.273158
0.193034	1.224802
0.131333	0.179270
0.177022	0.133652
0.157337	0.179364
0.247519	0.248757
0.278633	0.306497
0.124085	0.104232
0.208827	0.287136
0.164576	0.329153
0.143172	0.273458
0.139594	0.127031
0.119379	0.130720
0.225738	0.207679
0.133466	0.148147
0.184032	0.551176
0.174309	0.256234
0.170518	0.506439
0.125904	0.270693
0.113465	0.162255
0.120797	0.269378
0.115805	0.178919
0.031487	0.150978
0.109982	0.161673
0.114572	0.203365
0.129649	0.157523
0.100427	0.201858
0.093367	0.121377
0.158136	0.237995
0.079564	0.146398
0.094834	0.152682
0.137368	0.322816
0.148773	0.253658
0.207718	0.508909
0.154102	0.268907
0.227605	0.722646
0.139231	0.300740
0.097789	0.165264
0.176660	0.196975
0.318191	0.754114
0.218452	0.474040
0.181341	0.170460
0.270717	0.303203
0.171172	0.108694
0.332333	0.333994
0.560937	1.048951
0.406773	0.392536
0.358840	0.604645
0.282279	0.234292
0.196857	0.208668
0.221535	0.152859
0.246784	0.282567
0.263286	0.236958
0.361415	0.341537
0.228070	0.202983
0.219093	0.255244
0.222801	0.116970
0.290985	0.250247
0.314995	0.214196
0.207669	0.347846
0.283349	0.145925
0.334587	0.237556
0.388295	0.858132
0.320426	0.304405
0.246903	0.408625
0.397689	0.534892
0.272410	0.257427
0.182903	0.128032
0.230541	0.836863
0.162454	0.366333
0.206415	0.313751
0.256617	0.192463
0.283244	0.475849
0.176277	0.462727
0.368148	0.705004
0.219980	0.241978
0.229692	0.178011
0.280300	0.190604
0.138861	0.252034
0.151849	0.142738
0.245107	0.129907
0.390503	0.357310
0.278044	0.175168
0.204499	0.158487
0.193995	0.156166
0.376242	0.449609
0.372472	0.152713
0.156863	0.288627
0.163887	0.200762
0.179962	0.112476
0.384754	0.448239
0.291819	0.354561
0.415389	0.440312
0.401925	0.976678
0.607976	0.778209
0.191449	0.107212
0.296656	0.304073
0.181429	0.150586
0.233423	0.654751
0.105160	0.304437
0.197571	0.126446
0.209843	0.403947
0.174478	0.147434
0.166152	0.214336
0.108573	0.155259
0.190636	0.149649
0.182582	0.400768
0.169419	0.306647
0.179952	0.359905
0.088896	0.219129
0.172712	0.170984
0.219768	0.210977
0.248835	0.403113
0.185185	0.140741
0.274651	0.384511
0.374421	1.171937
0.236549	0.325254
0.184311	0.746461
0.082557	0.188231
0.150452	0.231696
0.133566	0.126220
0.308438	0.274510
0.157038	0.175882
0.165577	0.143224
0.408994	0.584862
0.287298	0.231275
0.236483	0.289691
0.493197	1.173810
0.264166	0.245674
0.221037	0.194512
0.209286	0.148593
0.241075	0.142234
0.293961	0.280733
0.186202	0.280234
0.164460	0.180906
0.064810	0.275768
0.066633	0.197233
0.245370	0.606065
0.174595	0.170230
0.211201	0.401282
0.126235	0.144539
0.153138	0.161561
0.108774	0.183827
0.175575	0.188744
0.095456	0.316437
0.182522	0.384209
0.152701	0.179424
0.138108	0.164348
0.134860	0.142952
0.099433	0.188426
0.123320	0.162166
0.129368	0.136484
0.115900	0.258456
0.115665	0.200679
0.108772	0.126175
0.146175	0.214146
0.115328	0.196635
0.137963	0.389056
0.119319	0.425968
0.119885	0.192416
0.146543	0.313603
0.062425	0.248451
0.107712	0.158875
0.098553	0.134032
0.157990	0.488188
0.168312	0.474641
0.165794	0.282678
0.086721	0.137452
0.127603	0.162056
0.112298	0.265022
0.103676	0.479502
0.090851	0.177159
0.085670	0.114798
0.035494	0.249875
0.085417	0.191761
0.152978	2.337501
0.166043	0.206723
0.114945	0.167246
0.102194	0.146648
0.197605	0.159072
0.102981	0.142113
0.085469	0.132905
0.212735	1.143449
0.047756	0.137298
0.175533	0.185187
0.196035	0.212698
0.086206	0.146981
0.122973	0.582893
0.058308	0.104663
0.184408	1.209716
0.257411	0.287013
0.170824	0.336524
0.178734	0.169797
0.274017	0.179481
0.160436	0.156425
0.148957	0.189920
0.220149	0.165112
0.191291	0.194161
0.185367	0.168684
0.121223	0.177592
0.181458	0.249505
0.168919	0.127534
0.197183	0.188310
0.256281	0.390829
0.356918	0.190951
0.212468	0.250712
0.294776	0.439216
0.237857	0.380570
0.155691	0.516116
0.115418	0.229681
0.088138	0.135292
0.088174	0.182962
0.048140	0.104464
0.105903	0.198568
0.096362	0.155624
0.125551	0.245451
0.224920	0.258657
0.190445	0.201872
0.326683	0.596196
0.223070	0.381451
0.217035	0.196417
0.273611	0.232569
0.249973	0.521194
0.209145	0.181956
0.175816	0.123950
0.138637	0.198251
0.146567	0.263821
0.124135	0.178754
0.165910	0.286194
0.144001	0.257042
0.220277	0.473595
0.207893	0.238037
0.160708	0.535962
0.160759	0.505588
0.232541	0.579027
0.135163	0.166926
0.179813	0.414469
0.151405	0.252090
0.142073	0.179012
0.151181	0.173103
0.185520	0.207782
0.226198	0.415073
0.134728	0.163694
0.110049	0.291629
0.176613	0.222532
0.178664	0.246556
0.062997	0.188045
0.183637	0.808922
0.157533	0.211881
0.339251	1.234874
0.202105	0.305178
0.124926	0.190512
0.134488	0.179542
0.143536	0.346639
0.229735	0.655893
0.202198	0.257802
0.202357	0.155815
0.293681	0.243755
0.344367	0.504498
0.245168	0.199812
0.252991	0.178358
0.278264	0.317220
0.280928	0.310426
0.338039	0.630443
0.112154	0.120565
0.217932	0.137297
0.300113	0.603227
0.203012	0.485199
0.137363	0.677885
0.132609	0.241349
0.100983	0.149960
0.083164	0.215395
0.094125	0.156247
0.129831	0.153850
0.106552	0.363874
0.069896	0.163905
0.066453	0.226272
0.121540	0.150710
0.068260	0.121162
0.131932	0.147104
0.245066	0.181349
0.067210	0.410318
0.070036	0.109957
