Velocity(m/s)	Chord(mm)
0.404981	0.417130
0.246185	0.151404
0.213778	0.137887
0.254272	0.549227
0.141311	0.124354
0.253859	0.394751
0.146634	0.203821
0.236098	0.409630
0.168071	0.292443
0.129877	0.154553
0.105725	0.133213
0.188494	0.720989
0.132120	0.159205
0.162602	0.253659
0.187059	0.181447
0.186552	0.363777
0.252047	0.270950
0.186284	0.217952
0.189626	0.312883
0.178833	0.152008
0.162542	0.125970
0.170475	0.265942
0.306113	1.643825
0.130005	0.200208
0.147944	0.171615
0.143192	0.171115
0.138739	0.107523
0.295212	0.748362
0.203049	0.176653
0.230207	0.329196
0.147437	0.158495
0.172536	0.366638
0.131627	0.229032
0.119970	0.202150
0.219141	0.313371
0.269963	0.585820
0.249206	0.275372
0.232362	0.738911
0.125453	0.112908
0.142677	0.263953
0.192747	0.220695
0.179919	0.386826
0.134432	0.173417
0.203446	0.260411
0.125863	0.122087
0.199181	0.587584
0.149315	0.231439
0.164649	0.253559
0.196987	0.215701
0.143239	0.143955
0.276930	0.371087
0.318348	1.001203
0.274690	0.254088
0.199755	0.222727
0.236119	0.195978
0.175887	0.214582
0.122909	0.098327
0.148497	0.144042
0.271089	0.185696
0.272462	0.162115
0.177945	0.145026
0.205944	0.239925
0.230079	1.365518
0.233574	0.203209
0.218201	0.411309
0.236599	0.305213
0.252670	0.511657
0.257098	0.478203
0.187993	0.221831
0.161678	0.170570
0.149956	0.122964
0.180709	0.142760
0.242308	0.449481
0.263304	0.263304
0.184320	0.115200
0.271183	0.264403
0.224983	0.391470
0.238886	0.390578
0.223356	0.268027
0.215106	0.413003
0.199337	0.218274
0.195838	0.219339
0.251125	0.150675
0.256758	0.319664
0.178538	0.318691
0.262351	0.338433
0.168174	0.306918
0.151576	0.186438
0.247485	0.669447
0.142651	0.159056
0.190395	0.218002
0.152811	0.119192
0.182752	0.169046
0.137396	0.184111
0.200861	0.675896
0.244892	0.309789
0.321424	0.334281
0.414976	3.043852
0.533862	0.429759
0.478459	0.423436
0.349638	0.188805
0.475681	0.397193
0.592789	0.705419
0.272760	0.255030
0.336455	0.420569
0.240315	0.136980
0.358998	0.506187
0.349787	0.402256
0.283397	0.297566
0.322884	0.397147
0.323907	0.341722
0.414173	0.385181
0.335485	0.152645
0.405885	0.568238
0.452091	0.626146
0.329557	0.316375
0.301746	0.162943
0.332492	0.302567
0.378585	0.946463
0.425840	1.207258
0.163449	0.147922
0.229981	0.178235
0.255667	0.255667
0.303680	0.312790
0.321180	0.348480
0.302249	0.495688
0.264203	0.696175
0.192252	0.208593
0.183150	0.152015
0.232998	0.216688
0.257288	0.352484
0.326283	0.402960
0.236199	0.196045
0.262569	0.313770
0.204989	0.173215
0.267194	0.427511
0.208733	0.174292
0.278139	0.251716
0.257139	0.195426
0.323866	0.663925
0.210704	0.245470
0.198799	0.161027
0.290176	0.522317
0.285207	0.305172
0.207250	0.150256
0.212721	0.238248
0.252271	0.296419
0.268170	0.248057
0.340974	0.900171
0.186871	0.240129
0.306308	0.347659
0.174520	0.120419
0.264109	0.277315
0.246510	0.979877
0.166276	0.184566
0.271989	0.421583
0.202180	0.219366
0.213161	0.244069
0.224780	0.129249
0.243524	0.420079
0.169624	0.172168
0.237361	0.183954
0.210838	0.374238
0.236056	0.367067
0.216458	0.247845
0.199874	0.157901
0.175823	0.136263
0.227867	0.183433
0.219504	0.410472
0.190251	0.151250
0.183176	0.177681
0.252784	0.374120
0.187407	0.234258
0.168638	0.258016
0.199135	0.527707
0.126375	0.142172
0.131746	0.106055
0.187891	0.457514
0.174640	0.645293
0.181673	0.386963
0.176090	0.239482
0.180121	0.466514
0.166688	0.364214
0.179640	0.414969
0.158481	0.172744
0.244550	0.140616
0.192959	0.382058
0.212124	0.492128
0.189628	0.137480
0.194357	0.245862
0.251203	0.185890
0.212238	0.420232
0.238050	0.296372
0.143804	0.117200
0.162274	0.238543
0.178208	0.411660
0.210869	0.339499
0.218870	0.335965
0.204688	0.401189
0.097454	0.114508
0.105829	0.167209
0.118049	0.260888
0.107682	0.183597
0.121060	0.122876
0.116751	0.126675
0.128177	0.185856
0.160233	0.315659
0.187026	0.372182
0.115413	0.157538
0.118634	0.179137
0.148982	0.164626
0.153168	0.264980
0.138485	0.234732
0.100044	0.253610
0.146633	0.322593
0.112034	0.246475
0.103792	0.147385
0.143905	0.314431
0.076774	0.130900
0.097548	0.148273
0.156272	0.182838
0.137516	0.190459
0.185097	0.190649
0.147079	0.170612
0.110851	0.221702
0.089332	0.118366
0.178501	0.451608
0.162075	0.272285
0.188968	0.306128
0.128119	0.247269
0.127691	0.217074
0.096206	0.120257
0.081350	0.135041
0.124367	0.521721
0.087783	0.196196
0.121896	0.245011
0.124307	0.303932
0.112602	0.144130
0.163218	0.736930
0.144100	0.318462
0.130430	0.234122
0.100101	0.125126
0.162696	0.257060
0.151771	0.365009
0.137495	0.263302
0.152969	0.178973
0.214451	0.412819
0.108683	0.104879
0.189592	0.375392
0.162007	0.162817
0.140550	0.230502
0.176701	0.217343
0.153678	0.183645
0.203323	0.456461
0.207156	0.410168
0.245865	0.478207
0.213987	0.208637
0.217151	0.184579
0.186124	0.164720
0.234148	0.369954
0.275422	0.669276
0.310539	0.462703
0.220673	0.412658
0.208983	0.212117
0.252410	0.483365
0.208663	0.253526
0.217007	0.524072
0.174153	0.124520
0.225578	0.575223
0.208671	0.239971
0.207593	0.580223
0.198605	0.297907
0.204951	0.460114
0.185428	0.647143
0.183091	0.357027
0.179615	0.148183
0.149740	0.141505
0.174297	0.296305
0.215016	0.392404
0.116138	0.124267
0.121428	0.120821
0.166988	0.350675
0.121423	0.196706
0.148497	0.408367
0.110760	0.143435
0.154596	0.527944
0.080538	0.137720
0.069254	0.188717
0.113295	0.241885
0.086483	0.132319
0.206312	0.661230
0.103469	0.190900
0.171783	0.562590
0.132113	0.198830
0.100513	0.182934
0.076272	0.124324
0.103436	0.110159
0.165862	0.310992
0.189399	0.311561
0.170143	0.239901
0.128707	0.131925
0.147579	0.322460
0.178782	0.205599
0.117212	0.123073
0.165811	0.290170
0.157155	0.144583
0.151984	0.155023
0.132363	0.136334
0.208620	0.303542
0.148394	0.196621
0.116500	0.133975
0.159301	0.255679
0.157323	0.272956
0.146075	0.196470
0.094531	0.127144
0.115477	0.129912
0.151520	0.126519
0.180598	0.205882
0.126054	0.184039
0.140591	0.324062
0.135067	0.214081
0.143683	0.303891
0.112258	0.160530
0.123932	0.165450
0.081269	0.193826
0.106628	0.142881
0.150820	0.160623
0.131350	0.195054
0.142207	0.197667
0.145020	0.156622
0.163210	0.404761
0.117940	0.283646
0.117250	0.218086
0.107654	0.116805
0.114525	0.372780
0.101507	0.291832
0.088339	0.168286
0.075618	0.134977
0.076228	0.130731
0.111983	0.214448
0.094665	0.130638
0.099418	0.170503
0.158666	0.419672
0.144232	0.178848
0.125556	0.306985
0.122298	0.244595
0.113362	0.228990
0.117124	0.161045
0.113799	0.326034
0.133073	0.447789
0.129577	0.253323
0.143975	0.259155
0.166044	0.166874
0.163592	0.228211
0.181887	0.230996
0.169379	0.250681
0.216472	0.586640
0.141621	0.220220
0.195581	0.327598
0.152702	0.149648
0.095131	0.123670
0.176610	0.176610
0.211401	0.212458
0.211374	0.206090
0.333511	0.316836
0.135223	0.991863
0.513109	0.590075
0.324468	0.139521
0.451235	0.360988
0.331252	0.756910
0.163357	0.158457
0.345758	0.318098
0.121477	0.120263
0.177382	0.250109
0.174665	0.179031
0.118531	0.222245
0.200385	0.114220
0.292533	0.519245
0.141885	0.234110
0.147690	0.190520
0.122646	0.156374
0.190865	0.225220
0.155022	0.222457
0.144257	0.165896
0.241380	0.172587
0.116877	0.115708
0.147710	0.167651
0.155948	0.121639
0.172409	0.133617
0.176063	0.253531
0.150722	0.217039
0.208969	0.234046
0.140224	0.145833
0.191006	0.137524
0.231099	0.227632
0.214438	0.274480
0.205459	0.172585
0.181274	0.294570
0.111911	0.123661
0.234344	0.568285
0.203491	0.230962
0.184216	0.335273
0.160002	0.203203
0.252617	0.351137
0.180368	0.177662
0.168371	0.142273
0.201347	0.258731
0.134300	0.124228
0.193910	0.435328
0.188850	0.332376
0.114982	0.163275
0.119412	0.171953
0.144954	0.451531
0.130278	0.218867
0.110016	0.195828
0.091400	0.131616
0.132064	0.195455
0.182426	0.429613
0.224710	0.762892
0.243371	0.747150
0.204788	0.432102
0.243277	0.509665
0.266517	1.493830
0.160085	0.238527
0.139221	0.112769
0.170175	0.400763
0.133621	0.291293
0.242108	0.723903
0.211919	0.240528
0.246006	0.579343
0.159557	0.300764
0.197323	0.487387
0.126718	0.185008
0.166671	0.159171
0.144895	0.302106
0.136545	0.206866
0.113584	0.191956
0.161385	0.260636
0.145015	0.207371
0.184263	0.278237
0.173753	0.244991
0.104551	0.099323
0.134817	0.140210
0.216685	0.722644
0.120949	0.223756
0.164121	0.232231
0.162282	0.315639
0.151783	0.231469
0.161546	0.165585
0.128163	0.200575
0.176497	0.274453
0.207121	0.188480
0.175424	0.159636
0.215742	0.474632
0.188373	0.251478
0.245292	0.197460
0.326048	0.264099
0.235064	0.232714
0.198557	0.228341
0.218750	0.257032
0.199866	0.230845
0.342829	0.281119
0.238027	0.113063
0.372112	0.254897
0.141145	0.107270
0.157015	0.131892
0.189283	0.212943
0.256243	0.185776
0.209017	0.151537
0.203834	0.162048
0.312400	0.215556
0.396999	0.674898
0.366201	0.833107
0.169536	0.100874
0.213602	0.201854
0.186815	0.159727
0.250290	0.197729
0.298965	0.505251
0.416071	0.599142
0.327365	0.744757
0.130268	0.111379
0.198925	0.252634
0.261325	0.160715
0.245403	0.255219
0.158045	0.161996
0.141948	0.159692
0.166119	0.134556
0.244339	0.620621
0.242789	0.931094
0.202546	0.267360
0.238374	0.287241
0.233841	0.320362
0.102693	0.104233
0.153928	0.290154
0.125966	0.139823
0.125433	0.308566
0.195209	0.390418
0.229812	0.313694
0.215389	0.404932
0.190780	0.446425
0.152297	0.121838
0.153969	0.172445
0.133095	0.191657
0.195696	0.159493
0.165394	0.149682
0.164319	0.350821
0.138537	0.142693
0.161107	0.227160
0.150720	0.378307
0.208842	0.266273
0.127834	0.116329
0.243902	0.352438
0.140075	0.130970
0.223610	0.466227
0.148288	0.192775
0.146509	0.243205
0.147515	0.303144
0.149988	0.267729
0.165135	0.472286
0.138875	0.159706
0.175983	0.410040
0.278663	0.550360
0.247091	0.376814
0.162780	0.179058
0.209740	0.317757
0.267511	0.774444
0.175429	0.369279
0.186404	0.230209
0.185625	0.234816
0.190666	0.294578
0.137126	0.141925
0.173696	0.335233
0.226472	0.243457
0.229669	0.407662
0.154838	0.281031
0.180368	0.187583
0.172614	0.192465
0.186689	0.305236
0.132531	0.192170
0.164725	0.191081
0.169623	0.154357
0.258259	0.764446
0.205635	0.229284
0.275673	0.658858
0.127838	0.117611
0.146130	0.183393
0.134063	0.204446
0.143355	0.139771
0.182513	0.354988
0.118494	0.202624
0.117539	0.168080
0.100456	0.132602
0.122338	0.143748
0.079457	0.104088
0.209067	0.337644
0.126435	0.116321
0.297977	0.861153
0.300112	0.894333
0.163124	0.252027
0.171566	0.183576
0.189462	0.327769
0.206740	0.641929
0.239928	0.524243
0.185616	0.241301
0.150753	0.252511
0.146529	0.350205
0.149226	0.258161
0.105182	0.112018
0.111821	0.216373
0.099565	0.107530
0.184102	0.282597
0.141087	0.284291
0.180580	0.434295
0.173819	0.261598
0.143310	0.209949
0.124064	0.236961
0.109605	0.307990
0.074870	0.170704
0.211057	1.090109
0.106157	0.159235
0.191891	0.532497
0.155740	0.277218
0.122987	0.146969
0.093874	0.139872
0.155994	0.336946
0.084515	0.234952
0.172419	0.332769
0.122147	0.177113
0.132462	0.223860
0.136562	0.163192
0.145295	0.276787
0.112637	0.197677
0.174113	0.405683
0.096027	0.243429
0.073710	0.157372
0.148276	0.488569
0.068545	0.213176
0.132577	0.308906
0.163737	0.240693
0.136507	0.329664
0.129460	0.223966
0.150310	0.152564
0.160863	0.257381
0.163723	0.386386
0.110480	0.163510
0.115080	0.246271
0.096506	0.125940
0.140107	0.242385
0.090054	0.106264
0.125880	0.172456
0.162374	0.404311
0.138060	0.153937
0.115420	0.145429
0.117440	0.300646
0.091573	0.155674
0.102799	0.175786
0.096604	0.169541
0.116531	0.337357
0.086891	0.123385
0.127183	0.452772
0.122075	0.416886
0.077317	0.129893
0.082701	0.213368
0.097939	0.189512
0.136835	0.184728
0.167936	0.355184
0.140923	0.164880
0.246425	0.426316
0.165200	0.237888
0.158293	0.281761
0.145960	0.193397
0.159950	0.163149
0.201932	0.319053
0.243084	0.432689
0.221395	0.226930
0.248645	0.262321
0.170557	0.187613
0.188580	0.329071
0.141210	0.094611
0.162325	0.159079
0.224430	0.190765
0.200498	0.169421
0.275432	0.298844
0.221719	0.317058
0.242476	0.385537
0.142767	0.127777
0.141662	0.117580
0.191896	0.228356
0.190939	0.209078
0.185077	0.199884
0.270620	0.830803
0.164441	0.258172
0.153124	0.147765
0.237009	0.231084
0.260825	0.440795
0.228831	0.310066
0.241145	1.011602
0.196659	0.248773
0.210641	0.380207
0.119317	0.171816
0.198094	0.319922
0.152535	0.139570
0.173278	0.338758
0.186223	0.306336
0.105273	0.172647
0.195622	0.517420
0.107278	0.126588
0.204734	0.515929
0.194696	0.197617
0.191642	0.233803
0.164184	0.169109
0.094299	0.122588
0.097171	0.225437
0.112399	0.300667
0.114680	0.284406
0.070311	0.169097
0.163233	0.319121
0.153815	0.206111
0.109974	0.119872
0.268282	0.453397
0.191514	0.194387
0.217247	0.574618
0.134834	0.266298
0.131628	0.213238
0.067273	0.123109
0.132416	0.572038
0.107373	0.175555
0.098359	0.255242
0.145174	0.279460
0.058951	0.164180
0.111844	0.349512
0.085210	0.175958
0.104883	0.144738
0.113302	0.261728
0.131332	0.426828
0.128390	0.331245
0.075191	0.187978
0.088772	0.109189
0.063387	0.131529
0.108116	0.165958
0.065880	0.151854
0.115010	0.630829
0.093940	0.136683
0.153909	0.557922
0.068263	0.133796
0.077130	0.200153
0.115983	0.463933
0.150860	0.283617
0.121681	0.175829
0.178783	0.283372
0.194917	0.965814
0.117242	0.211036
0.155391	0.357399
0.186495	0.395370
0.143306	0.258668
0.178701	0.767520
0.101870	0.162482
0.108359	0.188003
0.142025	0.217298
0.136575	0.155696
0.169758	0.155329
0.131479	0.212339
0.134106	0.152210
0.161924	0.280938
0.206032	0.970410
0.115468	0.196295
0.093030	0.213503
0.134446	0.308554
0.094255	0.144210
0.089403	0.256140
0.154213	0.238260
0.161334	0.158107
0.112804	0.227865
0.085527	0.171055
0.097886	0.166896
0.141017	0.419526
0.097378	0.356402
0.045767	0.147826
0.069969	0.154281
0.108378	0.150104
0.120324	0.187706
0.122258	0.221899
0.118957	0.154049
0.100175	0.234910
0.116188	0.156853
0.114645	0.251646
0.082035	0.125104
0.096192	0.195751
0.119926	0.127722
0.196557	0.391148
0.135493	0.184271
0.126769	0.246566
0.171060	0.133427
0.134508	0.245476
0.236380	0.833239
0.150873	0.277606
0.184802	0.720726
0.110779	0.101363
0.213002	0.346129
0.241823	0.610604
0.102447	0.099373
0.173101	0.137615
0.209945	0.399946
0.217699	0.681399
0.114473	0.168848
0.139096	0.376255
0.147879	0.323116
0.210473	1.256523
0.206248	0.789929
0.169895	0.676182
0.104208	0.152144
0.175712	0.244240
0.151125	0.168505
0.206352	0.418895
0.145680	0.160977
0.184216	0.166716
0.219425	0.305000
0.251424	0.211196
0.252241	0.303951
0.246103	0.385151
0.169980	0.215024
0.255789	0.405425
0.241235	0.258122
0.228441	0.302684
0.145602	0.099738
0.206233	0.151581
0.259302	0.840138
0.223752	0.512393
0.210040	0.329763
0.213012	0.238574
0.163183	0.157471
0.147274	0.114873
0.170924	0.200835
0.151022	0.227288
0.150320	0.237506
0.244674	0.387808
0.266005	1.323376
0.163505	0.172497
0.154876	0.144809
0.176687	0.179337
0.210917	0.446089
0.144704	0.177986
0.169890	0.391596
0.148125	0.189601
0.189784	0.270443
0.224007	0.528658
0.189110	0.145615
0.140495	0.150329
0.187219	0.197516
0.259203	0.219027
0.192970	0.210337
0.170821	0.191319
0.251465	0.466468
0.158900	0.138243
0.171640	0.378465
0.185561	0.202262
0.177488	0.426859
0.152849	0.178833
0.095441	0.199950
0.129433	0.162438
0.142476	0.203029
0.147113	0.216256
0.174448	0.739659
0.119760	0.220358
0.154241	0.409510
0.148987	0.178040
0.106406	0.223985
0.129930	0.222830
0.128027	0.147871
0.082371	0.210458
0.158701	0.505462
0.142081	0.370121
0.122765	0.296477
0.123690	0.278920
0.128677	0.285020
0.154422	0.169864
0.206475	0.609103
0.092290	0.119516
0.122823	0.210028
0.093856	0.137500
0.198651	0.468815
0.113269	0.172168
0.152584	0.241846
0.086386	0.136490
0.154129	0.370681
0.123033	0.273132
0.103081	0.236572
0.106166	0.178890
0.107674	0.140515
0.133330	0.251993
0.107662	0.136731
0.090567	0.160756
0.117621	0.121738
0.111975	0.115334
0.170239	0.407722
0.153547	0.317074
0.178023	0.158441
0.189969	0.506268
0.128077	0.154333
0.098436	0.190475
0.161361	0.371130
0.210236	0.619146
0.221679	0.732648
0.139457	0.167348
0.168010	0.375502
0.128364	0.480081
0.073412	0.137647
0.161959	0.281809
0.141560	0.296568
0.147811	0.402785
0.174182	0.200309
0.121757	0.172895
0.165795	0.212217
0.116049	0.116049
0.127528	0.302879
0.097527	0.136538
0.175229	0.309280
0.127307	0.161680
0.102812	0.106925
0.148418	0.279026
0.106328	0.125467
0.095323	0.146321
0.124242	0.257801
0.166115	0.402830
0.141133	0.366240
0.088108	0.188992
0.117224	0.360463
0.094589	0.179247
0.190375	0.736750
0.144340	0.180425
0.165156	0.132125
0.177640	0.297547
0.188549	0.384640
0.126105	0.136193
0.147864	0.280941
0.161815	0.136733
0.150309	0.193147
0.127315	0.250811
0.129496	0.211079
0.138113	0.187142
0.157092	0.325966
0.150956	0.209074
0.143901	0.194266
0.166614	0.207434
0.113230	0.179469
0.199106	0.301645
0.117805	0.150201
0.145735	0.212044
0.173192	0.458960
0.080278	0.093925
0.147104	0.369230
0.200195	0.185180
0.141142	0.221594
0.158453	0.340673
0.195989	0.502712
0.139711	0.166256
0.155541	0.152430
0.155747	0.173657
0.219749	0.272489
0.149004	0.194450
0.162977	0.145865
0.217391	0.676087
0.148455	0.331055
0.238491	0.614113
0.158360	0.234372
0.226647	0.445361
0.149939	0.125948
0.241846	0.804136
0.102098	0.148042
0.122768	0.211160
0.059569	0.114372
0.135921	0.147474
0.172579	0.239022
0.168415	0.338514
0.241647	0.558204
0.217422	0.485938
0.198140	0.276405
0.163997	0.148417
0.150750	0.159041
0.228012	0.445764
0.148014	0.153194
0.203611	0.463214
0.177300	0.190597
0.212213	0.676960
0.204418	0.479360
0.149138	0.190896
0.136353	0.225664
0.130772	0.254352
0.147962	0.311460
0.137709	0.232040
0.170147	0.260324
0.144034	0.406896
0.128279	0.194342
0.123387	0.153000
0.171903	0.225193
0.169179	0.376423
0.208397	0.513699
0.235137	0.490261
0.207833	0.372021
0.169275	0.155733
0.186576	0.648352
0.113480	0.133339
0.166218	0.299192
0.163099	0.187564
0.140621	0.406396
0.096902	0.110952
0.112387	0.172515
0.128277	0.182154
0.206748	0.316324
0.121360	0.109831
0.190940	0.290229
0.120822	0.231978
0.093264	0.194455
0.096515	0.290992
0.120085	0.312822
0.134896	0.178738
0.148248	0.272775
0.139905	0.135008
0.133583	0.212397
0.100305	0.222175
0.154433	0.304233
0.100936	0.124151
0.116089	0.338399
0.165875	0.680919
0.092782	0.101133
0.156056	0.259833
0.097805	0.272387
0.129204	0.211249
0.119553	0.207424
0.139611	0.269449
0.163483	0.300808
0.175145	0.198789
0.173502	0.165694
0.202142	0.253688
0.239715	0.570521
0.175529	0.237842
0.178422	0.188235
0.215425	0.148643
0.269059	0.667267
0.132664	0.098835
0.189358	0.310548
0.244172	0.313761
0.184553	0.176248
0.197918	0.490838
0.207668	0.354073
0.154358	0.179055
0.157879	0.210768
0.118591	0.218801
0.131779	0.123872
0.197076	0.324190
0.172425	0.136216
0.199988	0.328980
0.139411	0.129653
0.156767	0.206149
0.151126	0.204020
0.172267	0.248064
0.187971	0.375943
0.160732	0.231454
0.198133	0.228844
0.164813	0.157396
0.209989	0.250937
0.175227	0.261088
0.167265	0.204900
0.246550	0.422833
0.207335	0.245692
0.185012	0.190563
0.215611	0.158474
0.259795	0.636498
0.246861	0.539391
0.222229	0.381122
0.184634	0.227100
0.147625	0.158697
0.196882	0.240196
0.189713	0.509379
0.122037	0.145834
0.186563	0.323686
0.136760	0.116930
0.164506	0.250872
0.223281	0.755806
0.157268	0.146259
0.149940	0.195671
0.097284	0.141548
0.154359	0.139695
0.090479	0.095003
0.187488	0.313106
0.187141	0.841197
0.129718	0.179011
0.141299	0.196405
0.103270	0.163167
0.140421	0.230290
0.202640	0.540034
0.092515	0.116569
0.177991	0.449426
0.155142	0.204012
0.168704	0.276674
0.124750	0.122879
0.136053	0.200678
0.175674	0.314456
0.148986	0.340434
0.133407	0.118732
0.140996	0.174130
0.159110	0.265714
0.196344	0.290589
0.250512	0.533590
0.182617	0.278491
0.168873	0.278641
0.125026	0.160658
0.166898	0.434769
0.163224	0.316654
0.177327	0.244711
0.209415	0.273286
0.166488	0.292187
0.204274	0.425911
0.172852	0.160752
0.162551	0.173930
0.188299	0.148757
0.164628	0.220601
0.187531	0.243790
0.173008	0.216260
0.112014	0.136097
0.207519	0.154602
0.148459	0.169986
0.247513	0.441810
0.231798	0.169213
0.257038	0.402265
0.387855	0.151264
0.321808	0.299282
0.187097	0.311516
0.161764	0.156911
0.118609	0.249078
0.206393	0.489151
0.131914	0.201829
0.083857	0.137106
0.166643	0.317454
0.186278	0.243093
0.113726	0.212099
0.155527	0.234846
0.122606	0.188813
0.138268	0.276536
0.208934	0.690526
0.178090	0.407827
0.129468	0.130115
0.174348	0.235370
0.120146	0.159193
0.191568	0.408039
0.162744	0.359665
0.099558	0.104536
0.128047	0.128047
0.161323	0.136318
0.231801	0.275843
0.155655	0.144759
0.199075	0.617132
0.162180	0.247324
0.127792	0.178909
0.180588	0.217609
0.194783	0.352557
0.172003	0.169423
0.158059	0.298731
0.158942	0.164505
0.106181	0.150247
0.192909	0.421506
0.187195	0.390301
0.148224	0.376489
0.129532	0.272016
0.155467	0.334254
0.130425	0.215201
0.169851	0.225902
0.139342	0.238971
0.080225	0.118734
0.113512	0.135647
0.196090	0.251976
0.224547	0.278439
0.152384	0.182861
0.236952	1.296125
0.192101	0.363070
0.121077	0.270607
0.103056	0.184985
0.134422	0.187518
0.134740	0.132718
0.172898	0.444348
0.160861	0.156035
0.123873	0.206248
0.153593	0.143609
0.150517	0.160301
0.150650	0.219949
0.109641	0.192420
0.142608	0.158295
0.125312	0.129071
0.123933	0.120835
0.129168	0.147897
0.104583	0.127591
0.118714	0.178071
0.181822	0.277279
0.287209	0.809929
0.205244	0.203192
0.168942	0.269463
0.171604	0.228233
0.146591	0.122403
0.126999	0.144144
0.164639	0.503797
0.092894	0.154669
0.116694	0.177374
0.144449	0.306955
0.152415	0.418379
0.212548	0.405966
0.109017	0.196230
0.117972	0.223557
0.153421	0.335992
0.129823	0.151244
0.205273	0.330490
0.174259	0.348518
0.190027	0.453214
0.189036	0.331758
0.170220	0.237457
0.170440	0.361334
0.145532	0.291064
0.083803	0.102240
0.176361	0.307751
0.181198	0.530909
0.176336	0.210722
0.215351	0.319797
0.253501	0.346030
0.156043	0.156823
0.201282	0.223423
0.198367	0.283665
0.256994	0.214590
0.211598	0.326919
0.176079	0.124136
0.244210	0.332126
0.201913	0.171626
0.261643	0.409471
0.216472	0.301979
0.150026	0.298551
0.156160	0.377125
0.145859	0.327453
0.177392	0.321966
0.118152	0.151235
0.093635	0.120321
0.103629	0.244564
0.190689	0.206898
0.140232	0.295189
0.115765	0.270890
0.127095	0.250378
0.129435	0.155322
0.111953	0.137702
0.089136	0.105181
0.188870	0.413625
0.171047	0.250584
0.222207	0.511077
0.118512	0.130364
0.315577	0.214592
0.322751	3.981136
0.235062	0.271496
0.216582	0.187343
0.198270	0.113014
0.184700	0.182853
0.214337	0.141462
0.288665	0.456090
0.342553	0.315149
0.369223	0.299071
0.318919	0.355594
0.209695	0.186628
0.139426	0.156157
0.090892	0.127703
0.215985	0.579919
0.128496	0.183749
0.084183	0.127959
0.123530	0.213089
0.145178	0.162599
0.181349	0.152333
0.225175	0.454853
0.137998	0.200098
0.105259	0.183677
0.148486	0.160365
0.238335	0.430195
0.170412	0.213014
0.188566	0.224393
0.104263	0.187151
0.203827	0.160004
0.246730	0.352823
0.180967	0.186396
0.210337	0.420675
0.097766	0.136384
0.150294	0.214921
0.205895	0.242956
0.151359	0.210389
0.107518	0.153751
0.145845	0.154596
0.134879	0.161180
0.101832	0.211301
0.134622	0.121160
0.139921	0.257454
0.175816	0.254933
0.111125	0.176134
0.117534	0.183354
0.110290	0.260835
0.099631	0.147952
0.147801	0.314077
0.095728	0.151728
0.096462	0.134083
0.154998	0.231723
0.097467	0.167156
0.206917	0.928025
0.154630	0.326268
0.177566	0.355131
0.122939	0.115562
0.110437	0.131972
0.142264	0.239715
0.182973	0.128081
0.206180	0.225767
0.251492	0.460231
0.171401	0.146548
0.210257	0.192385
0.137892	0.153749
0.154625	0.149987
0.095248	0.123822
0.123776	0.191853
0.105215	0.175710
0.139782	0.251607
0.177731	0.247047
0.169349	0.183744
0.104261	0.096963
0.119975	0.117575
0.207924	0.522930
0.180345	0.477014
0.130846	0.198232
0.165021	0.179873
0.157153	0.167368
0.153482	0.213340
0.202486	0.373586
0.167857	0.453214
0.122862	0.235895
0.116447	0.113536
0.141371	0.238917
0.159916	0.231079
0.245919	2.333774
0.093154	0.157895
0.161280	0.292724
0.202891	0.321583
0.164951	0.232581
0.136848	0.169692
0.200441	0.246542
0.191517	0.433786
0.163204	0.214614
0.113922	0.089428
0.226158	0.417262
0.232008	0.306251
0.163050	0.313055
0.154642	0.160828
0.168926	0.275350
0.173295	0.350055
0.114802	0.206644
0.126069	0.162629
0.219002	0.330693
0.104457	0.151463
0.109332	0.332917
0.143745	0.237898
0.157778	0.208267
0.130087	0.137242
0.173510	0.130132
0.194727	0.158703
0.182913	0.137185
0.218893	0.314111
0.130274	0.207787
0.190733	0.275609
0.177153	0.295846
0.222367	0.733811
0.173754	0.264106
0.159543	0.221765
0.138963	0.242490
0.131919	0.242072
0.117420	0.131510
0.111807	0.143672
0.176994	0.565495
0.215668	0.295464
0.178271	0.315540
0.152537	0.269991
0.137470	0.179398
0.110209	0.154293
0.150036	0.159038
0.183459	0.346737
0.140694	0.139287
0.150259	0.416218
0.147191	0.146455
0.157698	3.693278
0.210695	0.234924
0.106212	0.099308
0.174533	0.251328
0.256116	0.286850
0.274156	0.327617
0.167426	0.126406
0.263274	1.956124
0.048217	0.142240
0.110656	0.145513
0.118465	0.152820
0.100688	0.167646
0.141372	0.149854
0.189811	0.316035
0.182128	0.502673
0.131776	0.152860
0.125076	0.196995
0.151079	0.315000
0.203314	0.248044
0.195362	0.312579
0.227128	0.377033
0.172555	0.239851
0.154934	0.185146
0.264233	0.278766
0.168152	0.121070
0.303774	0.214161
0.260312	0.847316
0.201047	0.128670
0.258310	0.601863
0.309417	0.269193
0.197516	0.210354
0.278371	0.797533
0.222873	0.245161
0.170758	0.285165
0.188240	0.330361
0.326459	0.928777
0.287392	0.544607
0.158743	0.213510
0.233568	0.168169
0.252784	0.511888
0.215651	0.295443
0.214680	0.349928
0.164992	0.305235
0.105910	0.108028
0.109422	0.188205
0.103640	0.127478
0.328692	1.424882
0.254307	0.521329
0.210267	0.261782
0.170861	0.130709
0.161470	0.227673
0.221893	0.335058
0.193127	0.285828
0.147075	0.169136
0.182177	0.163048
0.138450	0.186216
0.166020	0.192583
0.196954	0.527837
0.239575	0.571385
0.175944	0.202336
0.199561	0.271403
0.140338	0.122094
0.228459	0.364392
0.226353	0.643973
0.085186	0.182298
0.127305	0.134307
0.197627	0.331025
0.260245	0.463236
0.142079	0.291973
0.126662	0.184927
0.172943	0.249038
0.164199	0.229058
0.132116	0.202138
0.161931	0.157883
0.174465	0.358525
0.163653	0.187383
0.144862	0.189770
0.180421	0.288674
0.137635	0.307614
0.132386	0.183355
0.139233	0.163599
0.122701	0.280986
0.132230	0.342475
0.115729	0.162020
0.157467	0.285803
0.152119	0.324014
0.210635	0.838328
0.100660	0.194274
0.102624	0.212944
0.185262	0.186188
0.175284	0.318140
0.110074	0.171165
0.088317	0.137332
0.156631	0.427602
0.094443	0.255468
0.110269	0.212267
0.086639	0.186274
0.093602	0.166612
0.137775	0.219752
0.093942	0.214188
0.127116	0.174784
0.219346	0.201798
0.179642	0.147306
0.155753	0.221948
0.201401	0.160114
0.197733	0.272871
0.151919	0.202812
0.243118	0.996783
0.152318	0.234570
0.150251	0.104425
0.135380	0.186824
0.146266	0.122132
0.166398	0.293692
0.189368	0.250912
0.308145	0.610127
0.266659	0.778645
0.250913	0.467953
0.109589	0.112329
0.178891	0.184258
0.125397	0.157373
0.153855	0.388485
0.187317	0.450498
0.141479	0.250418
0.154565	0.415779
0.122407	0.222168
0.107617	0.244291
0.095830	0.243408
0.123787	0.258095
0.106604	0.203614
0.094810	0.111876
0.128677	0.227758
0.120767	0.409399
0.116261	0.227872
0.089429	0.165891
0.103850	0.152140
0.073726	0.137498
0.147034	0.183057
0.156599	0.161297
0.131179	0.352215
0.205177	0.503710
0.094406	0.249231
0.075558	0.136383
0.090554	0.159375
0.104605	0.125003
0.122393	0.164006
0.103621	0.227448
0.102688	0.168409
0.087243	0.140462
0.168055	0.469714
0.176810	0.206868
0.157235	0.224060
0.089077	0.132279
0.122539	0.231599
0.127338	0.183367
0.118419	0.223812
0.201771	0.407577
0.159325	0.148969
0.210969	0.527421
0.128872	0.146269
0.154337	0.219159
0.156498	0.541482
0.114626	0.107176
0.113188	0.164122
0.142010	0.236446
0.127237	0.185766
0.166271	0.241093
0.137458	0.376635
0.088492	0.243794
0.084938	0.160108
0.071457	0.135411
0.086347	0.197303
0.088032	0.233725
0.119726	0.147862
0.111869	0.207517
0.120851	0.135957
0.086115	0.098601
0.105489	0.171419
0.106928	0.125105
0.087479	0.195516
0.101431	0.181561
0.113877	0.200424
0.171490	0.495606
0.118057	0.138716
0.177388	0.153440
0.156051	0.328488
0.207586	0.594733
0.144987	0.139188
0.204046	0.752929
0.174122	0.332573
0.074654	0.120567
0.089558	0.566904
0.112662	0.255742
0.109508	0.208613
0.117963	0.165738
0.080208	0.117905
0.103526	0.297638
0.089093	0.145668
0.089148	0.174285
0.177646	0.357068
0.168446	0.413534
0.090332	0.124207
0.105525	0.217909
0.111844	0.187898
0.189795	0.324550
0.172235	0.171373
0.195701	0.146776
0.181332	0.216692
0.152112	0.142985
0.206871	0.324788
0.132991	0.115702
0.139075	0.124472
0.136606	0.246575
0.077305	0.146492
0.171367	0.319599
0.182325	0.202381
0.146278	0.174071
0.320246	0.597259
0.226704	0.315119
0.253745	0.667351
0.169997	0.217596
0.225541	0.265010
0.137791	0.138480
0.153444	0.466470
0.184254	0.386013
0.160192	0.303564
0.165792	0.175740
0.140262	0.138158
0.172645	0.378092
0.085409	0.216085
0.140854	0.195082
0.177304	0.594854
0.155791	0.370005
0.159123	0.199700
0.135440	0.708349
0.063309	0.288058
0.133493	0.169536
0.157172	0.388215
0.153223	0.239794
0.122007	0.139088
0.108464	0.117142
0.122836	0.275766
0.212908	0.356622
0.131286	0.173298
0.165784	0.614230
0.101994	0.153501
0.210423	0.833276
0.165160	0.330320
0.152435	0.163868
0.191241	0.156817
0.168780	0.211819
0.184449	0.169693
0.145814	0.148001
0.129285	0.190695
0.158098	0.316197
0.152133	0.252541
0.103931	0.119001
0.148842	0.203914
0.156155	0.264683
0.145956	0.210906
0.158103	0.188933
0.219348	0.603207
0.139135	0.214269
0.144273	0.325336
0.170955	0.340201
0.152250	0.253496
0.191143	0.270468
0.096435	0.127294
0.141564	0.140148
0.173163	0.155846
0.153622	0.333360
0.169091	0.389755
0.169321	0.376739
0.167476	0.180037
0.221950	0.167572
0.133963	0.125256
0.220016	0.399329
0.111744	0.183260
0.164230	0.255378
0.194917	0.295299
0.186994	0.215043
0.207250	0.244555
0.185936	0.216616
0.276132	0.339643
0.215146	0.363596
0.181079	0.316888
0.144922	0.137676
0.130840	0.135419
0.191402	0.224897
0.147760	0.179529
0.247998	0.721673
0.202900	0.527540
0.099274	0.107216
0.130856	0.165533
0.099662	0.114113
0.166294	0.282700
0.134092	0.172979
0.159378	0.278911
0.133280	0.155271
0.125718	0.204292
0.139292	0.323159
0.227493	0.602857
0.134105	0.179700
0.115128	0.159452
0.090928	0.168217
0.110445	0.138056
0.083511	0.289784
0.085194	0.268361
0.104626	0.156938
0.095075	0.164005
0.156034	0.373700
0.121133	0.420937
0.120529	0.158496
0.136142	0.318573
0.142784	0.237736
0.090374	0.153184
0.108851	0.134431
0.116567	0.171354
0.146409	0.233523
0.094767	0.171054
0.165362	0.157921
0.170763	0.282612
0.092108	0.131255
0.101470	0.145610
0.135407	0.255243
0.180657	0.350475
0.151054	0.167670
0.119743	0.137105
0.148727	0.183678
0.196956	0.209758
0.245348	0.598650
0.111291	0.164711
0.212717	0.349920
0.153407	0.175651
0.100075	0.143107
0.114729	0.123907
0.196595	0.557347
0.107489	0.108026
0.207893	0.690204
0.105746	0.204089
0.077417	0.102577
0.097207	0.140465
0.136237	0.237734
0.210031	0.299294
0.229596	0.513147
0.114721	0.127340
0.174441	0.515474
0.091329	0.186767
0.094174	0.137023
0.099739	0.136642
0.137747	0.387757
0.098054	0.140217
0.146654	0.188450
0.137477	0.141601
0.118459	0.219741
0.126506	0.250483
0.196539	0.409783
0.129909	0.240331
0.117990	0.303236
0.106160	0.240452
0.082648	0.233480
0.133647	0.269298
0.135440	0.212641
0.070499	0.152983
0.107275	0.166277
0.096110	0.125904
0.090470	0.166918
0.108329	0.153827
0.114140	0.126125
0.124863	0.142344
0.210649	0.670916
0.150804	0.229976
0.112101	0.103693
0.145638	0.379387
0.130296	0.208474
0.125062	0.282015
0.105467	0.145544
0.147789	0.156656
0.102819	0.139833
0.151614	0.289583
0.166294	0.148002
0.168463	0.276279
0.102286	0.162634
0.179026	0.928251
0.161812	0.381877
0.184253	0.315993
0.125134	0.216482
0.172102	0.180707
0.132384	0.217109
0.179077	0.152216
0.169189	0.143810
0.241271	0.365525
0.208077	0.322520
0.252510	0.362352
0.319602	0.744674
0.217773	0.197084
0.243210	0.144710
0.276591	0.372014
0.162175	0.153256
0.251861	0.366457
0.227126	0.356588
0.279621	0.795523
0.175073	0.304627
0.222869	0.404507
0.181917	0.118246
0.312949	0.521060
0.225494	0.251426
0.193624	0.144250
0.187929	0.173834
0.200974	0.180876
0.197706	0.315341
0.224621	0.331316
0.178401	0.323798
0.190361	0.548238
0.175609	0.145755
0.253367	0.473797
0.139496	0.140193
0.117864	0.183279
0.126254	0.229783
0.164882	0.205278
0.134977	0.146450
0.125057	0.205718
0.149003	0.260010
0.217693	0.388582
0.148935	0.187658
0.095915	0.117976
0.134110	0.175014
0.262105	0.969789
0.120288	0.243584
0.126727	0.162844
0.123302	0.235507
0.146391	0.226906
0.158488	0.255166
0.202223	0.321534
0.190019	0.162466
0.270813	0.311435
0.143072	0.150226
0.201518	0.179351
0.162488	0.194173
0.146286	0.166767
0.189281	0.448596
0.098515	0.219690
0.167800	0.408593
0.163071	0.355496
0.090303	0.164351
0.105442	0.187160
0.139448	0.207081
0.117131	0.183311
0.122716	0.126398
0.150429	0.290327
0.231736	0.161056
0.182278	0.179544
0.151959	0.125366
0.206680	0.188079
0.166092	0.195158
0.146213	0.212739
0.218066	0.329279
0.211981	0.179124
0.151087	0.142022
0.189629	0.270222
0.209864	0.375656
0.109935	0.225368
0.137367	0.129125
0.148575	0.172347
0.125024	0.146903
0.153030	0.192818
0.150157	0.186945
0.140736	0.209696
0.223036	0.450533
0.115576	0.144471
0.175127	0.180381
0.256071	0.491657
0.114871	0.170584
0.171220	0.187486
0.184234	0.307670
0.138676	0.214254
0.087446	0.149970
0.223214	0.398438
0.180681	0.346004
0.119494	0.156537
0.180823	0.309208
0.179521	0.437133
0.167457	0.256209
0.116925	0.152588
0.229451	0.156027
0.218084	0.383828
0.503394	0.385096
0.432495	0.192460
0.104736	0.133014
0.106885	0.257059
0.106233	0.116856
0.235404	0.403718
0.207980	0.332769
0.269688	0.542072
0.236597	0.339517
0.164777	0.149124
0.165038	0.293767
0.231498	0.601894
0.185045	0.273866
0.221110	0.208949
0.203952	0.175399
0.221844	0.207424
0.290307	0.719961
0.188104	0.404424
0.224606	0.261666
0.228749	0.290512
0.120069	0.111664
0.148684	0.230460
0.118998	0.149343
0.143485	0.194423
0.147477	0.128305
0.195235	0.201092
0.110757	0.140661
0.115375	0.109029
0.202450	0.254075
0.215553	0.255431
0.141295	0.243735
0.120834	0.187897
0.181770	0.307191
0.189185	0.148511
0.159592	0.347910
0.219315	0.211639
0.144745	0.211328
0.123072	0.201838
0.174085	0.368190
0.117406	0.131495
0.122422	0.128543
0.107242	0.128154
0.133480	0.183535
0.151197	0.151953
0.158857	0.316126
0.167603	0.194420
0.219680	0.383342
0.135491	0.168686
0.273533	1.317063
0.163761	0.319334
0.297695	0.171175
0.526349	0.739521
0.464264	0.452657
0.475629	0.746738
0.397200	0.377340
0.302275	0.181365
0.374618	0.176071
0.500034	0.550038
0.481277	0.907207
0.462526	0.471777
0.455720	0.906884
0.416708	0.385455
0.381316	0.686369
0.500039	0.650050
0.337010	0.311735
0.310149	0.254322
0.209169	0.146418
0.262517	0.339959
0.191533	0.139819
0.143331	0.177731
0.162476	0.142979
0.198918	0.358052
0.145681	0.146409
0.116266	0.133706
0.100806	0.167842
0.163277	0.220424
0.131883	0.208375
0.145834	0.212188
0.179104	0.267760
0.128948	0.136040
0.175397	0.239418
0.132413	0.156247
0.170250	0.161738
0.140925	0.231118
0.141587	0.218752
0.235143	0.578452
0.199479	0.244362
0.155939	0.201941
0.149926	0.223390
0.151911	0.250653
0.151561	0.219763
0.204753	0.318392
0.172167	0.256529
0.209786	0.239156
0.126050	0.206092
0.148535	0.235428
0.132900	0.282413
0.119416	0.134343
0.130573	0.267674
0.177268	0.187904
0.153474	0.188773
0.132881	0.398644
0.122638	0.269805
0.153432	0.585343
0.102109	0.176649
0.153841	0.139226
0.131112	0.301558
0.084206	0.158307
0.143879	0.139562
0.073882	0.143331
0.092602	0.144922
0.138050	0.298188
0.132524	0.256435
0.149384	0.405579
0.115231	0.225854
0.157855	0.190216
0.134954	0.135628
0.190915	0.383739
0.191097	0.337287
0.142524	0.155351
0.198540	0.299795
0.189685	0.227622
0.109048	0.121043
0.133114	0.212982
0.158483	0.227423
0.113844	0.112705
0.241819	0.623894
0.192885	0.510180
0.068484	0.425288
0.168498	0.222418
0.125798	0.111960
0.140424	0.180445
0.214297	0.651463
0.190406	0.359867
0.118341	0.155618
0.144163	0.268864
0.159483	0.292651
0.180099	0.227825
0.174730	0.370428
0.258668	0.441030
0.214346	0.475849
0.191381	0.285158
0.119182	0.167451
0.149003	0.221269
0.087294	0.159312
0.195658	0.855027
0.217777	0.513954
0.166190	0.198597
0.125743	0.116312
0.139231	0.386367
0.112514	0.174396
0.104272	0.142852
0.199426	0.398852
0.103571	0.131535
0.147143	0.282514
0.142399	0.271983
0.102974	0.230147
0.112934	0.213445
0.256264	0.367739
0.233800	0.300432
0.136085	0.125198
0.146292	0.148486
0.117019	0.118189
0.194899	0.351793
0.136931	0.135561
0.162667	0.629520
0.107899	0.310209
0.125361	0.132256
0.191005	0.354314
0.133911	0.172746
0.137301	0.144852
0.104953	0.198361
0.150578	0.269535
0.117174	0.132993
0.168595	0.367537
0.242007	0.499744
0.108304	0.177077
0.086818	0.142815
0.106813	0.162890
0.109927	0.151149
0.129610	0.331803
0.079611	0.250377
0.092205	0.137386
0.125909	0.167459
0.125647	0.152661
0.152378	0.421325
0.120985	0.295809
0.168665	0.161075
0.166632	0.505728
0.137289	0.203188
0.127734	0.284209
0.085958	0.184810
0.141760	0.362197
0.224963	0.987588
0.184853	0.206111
0.108253	0.152637
0.157902	0.204482
0.104582	0.152690
0.138327	0.239306
0.178003	0.501968
0.140455	0.464905
0.101213	0.215583
0.106587	0.135898
0.092932	0.126387
0.092753	0.205447
0.175293	0.911522
0.108718	0.132635
0.293148	1.348481
0.170763	0.399585
0.159846	0.230178
0.163465	0.379240
0.164534	0.153840
0.105296	0.161102
0.126587	0.179754
0.128471	0.266577
0.102650	0.196575
0.141977	0.181020
0.167772	0.276824
0.095240	0.159528
0.111837	0.337190
0.091178	0.178254
0.184970	0.941495
0.076555	0.132439
0.069961	0.147969
0.103702	0.255624
0.122554	0.175253
0.159387	0.328336
0.102786	0.203002
0.117216	0.222711
0.148514	0.289603
0.130473	0.138953
0.205299	0.502982
0.104104	0.180620
0.131154	0.320016
0.116117	0.319903
0.080186	0.153958
0.081913	0.207240
0.111085	0.332144
0.127526	0.239112
0.100790	0.217706
0.094317	0.173072
0.111016	0.205380
0.102550	0.252786
0.120928	0.302321
0.095569	0.146698
0.096083	0.172950
0.084808	0.279867
0.073544	0.205188
0.117072	0.414434
0.088195	0.104071
0.131566	0.260500
0.095364	0.135894
0.181491	0.281311
0.119559	0.145265
0.241095	0.582245
0.120177	0.293233
0.105804	0.176164
0.127666	0.281504
0.089275	0.166945
0.129729	0.297078
0.137692	0.293972
0.114639	0.289463
0.079820	0.176801
0.103205	0.237371
0.117925	0.230542
0.155613	0.412374
0.107948	0.225072
0.117047	0.248725
0.133877	0.230937
0.160630	0.606380
0.142375	0.187223
0.137357	0.279521
0.108559	0.193778
0.110321	0.270837
0.127277	0.232918
0.159389	0.356234
0.114043	0.195584
0.103057	0.148917
0.090057	0.136886
0.114838	0.154457
0.135027	0.386176
0.088892	0.200452
0.126661	0.269155
0.075649	0.102883
0.134740	0.158320
0.111781	0.160965
0.132027	0.141269
0.125021	0.267545
0.121272	0.143707
0.111396	0.126434
0.235486	0.372068
0.384324	0.161416
0.467561	0.820569
0.434056	0.260434
0.470346	0.237525
0.536192	0.699730
0.576882	0.458621
0.334168	0.262322
0.372088	0.221392
0.466334	0.135237
0.398789	0.414740
0.419927	0.428326
0.239339	0.305157
0.283080	0.154279
0.197412	0.140162
0.231184	0.224248
0.146422	0.164725
0.098147	0.302784
0.143395	0.216526
0.139853	0.145448
0.142367	0.229923
0.207906	0.314977
0.287792	1.112316
0.212120	0.343635
0.189600	0.145044
0.225096	0.120427
0.171778	0.181226
0.145920	0.203559
0.248964	0.210374
0.169798	0.265734
0.222135	0.696393
0.221842	0.209641
0.258019	0.410250
0.141760	0.119078
0.192944	0.221886
0.237345	0.178009
0.266768	0.154725
0.243477	0.482084
0.201464	0.322343
0.176990	0.326546
0.206586	0.361525
0.110861	0.148553
0.139169	0.244937
0.226143	0.205790
0.188031	0.189911
0.112373	0.166874
0.190165	0.311871
0.152814	0.222344
0.118868	0.165226
0.254911	1.254160
0.113058	0.162804
0.195987	0.299861
0.161526	0.177679
0.144351	0.133525
0.123881	0.195113
0.150202	0.265857
0.113185	0.204298
0.105531	0.154075
0.170713	0.512991
0.123532	0.177886
0.119763	0.148506
0.099884	0.129349
0.144076	0.142635
0.068344	0.094998
0.140153	0.206025
0.141634	0.192623
0.132991	0.172888
0.166510	0.407117
0.138891	0.163891
0.110613	0.160942
0.122563	0.159331
0.114724	0.137095
0.100666	0.120296
0.124686	0.162091
0.121752	0.206370
0.165698	0.327253
0.175892	0.238334
0.153887	0.256991
0.189307	0.159018
0.131592	0.176991
0.084283	0.093976
0.138542	0.178719
0.184439	0.252681
0.102828	0.161954
0.139198	0.146158
0.149296	0.262761
0.118087	0.141113
0.120607	0.279809
0.125152	0.217765
0.152749	0.388747
0.111060	0.193799
0.141356	0.178108
0.149500	0.194350
0.164558	0.177722
0.157103	0.247437
0.181305	0.209408
0.136119	0.215068
0.138699	0.148408
0.139717	0.171852
0.147358	0.165777
0.138011	0.224959
0.114079	0.130621
0.176926	0.312275
0.156787	0.302600
0.191634	0.496333
0.159608	0.284102
0.093625	0.161036
0.097140	0.122397
0.193174	0.469413
0.122213	0.210206
0.171773	0.298885
0.180035	0.206140
0.099253	0.146398
0.084880	0.106948
0.121474	0.195572
0.130210	0.159507
0.143894	0.271240
0.143627	0.163734
0.131432	0.213577
0.099367	0.137623
0.142287	0.217699
0.095216	0.138540
0.213884	1.137863
0.101666	0.153516
0.131405	0.335082
0.138543	0.287477
0.147718	0.234133
0.219751	0.590032
0.143719	0.207674
0.123507	0.195142
0.184421	0.463819
0.111091	0.281617
0.095671	0.161206
0.168368	0.423447
0.123524	0.329191
0.059090	0.166634
0.048138	0.159818
0.163066	0.808806
0.141267	0.285359
0.173403	0.531482
0.126461	0.163134
0.158006	0.240169
0.092384	0.125180
0.122110	0.335193
0.107728	0.139507
0.107676	0.160437
0.212427	0.508763
0.228594	0.466332
0.109754	0.144327
0.187429	0.294264
0.144564	0.147456
0.179596	0.197555
0.315852	1.476607
0.223867	0.338039
0.162926	0.179219
0.240482	0.199600
0.176650	0.155452
0.204467	0.206511
0.171922	0.180518
0.298800	0.868013
0.266002	0.325852
0.241807	0.363920
0.242129	0.215495
0.160825	0.224351
0.204623	0.287496
0.185714	0.145786
0.153958	0.381817
0.116988	0.123422
0.135866	0.225538
0.147912	0.326886
0.090280	0.131358
0.115243	0.289836
0.099398	0.214699
0.093795	0.155699
0.079283	0.109410
0.082957	0.174625
0.120146	0.264922
0.113478	0.282560
0.098762	0.166909
0.072941	0.103212
0.101039	0.196521
0.070547	0.091711
0.154300	0.450557
0.123028	0.193769
0.116873	0.160116
0.128007	0.323858
0.091755	0.159194
0.098405	0.117594
0.110828	0.113044
0.126798	0.210485
0.166387	0.322791
0.118249	0.533303
0.149918	0.399532
0.088669	0.152954
0.092023	0.115028
0.117220	0.359866
0.101901	0.158457
0.139621	0.334393
0.137087	0.833492
0.247702	0.174630
0.370923	0.537838
0.378247	0.501177
0.378590	0.465666
0.200197	0.391385
0.217761	0.477985
0.252494	0.733496
0.319095	0.481833
0.237483	0.174550
0.319994	0.545590
0.377921	0.576329
0.336001	0.216721
0.366132	0.426544
0.284166	0.210283
0.226527	0.134784
0.362346	0.402204
0.315442	0.312288
0.187261	0.590810
0.161157	0.153905
0.116666	0.153999
0.116738	0.260327
0.092299	0.156908
0.092137	0.223432
0.127866	0.194356
0.116215	0.213836
0.167974	0.505600
0.059387	0.119368
0.097205	0.130254
0.163292	0.483344
0.200996	0.824085
0.163053	0.266592
0.081871	0.112163
0.114013	0.540993
0.083361	0.124625
0.086681	0.189397
0.065613	0.130570
0.068433	0.177925
0.115132	0.165791
0.109764	0.197026
0.064177	0.148890
0.148918	0.150408
0.146046	0.338827
0.116153	0.205010
0.130182	0.219357
0.093364	0.148915
0.184361	0.520820
0.095095	0.203027
0.133729	0.136404
0.120398	0.248019
0.093485	0.111247
0.156983	0.200938
0.124784	0.164714
0.167398	0.292946
0.113138	0.138029
0.140498	0.377939
0.120374	0.152875
0.219541	0.413835
0.128543	0.310432
0.192899	0.402195
0.142037	0.210925
0.134134	0.138158
0.112168	0.123385
0.130330	0.303668
0.164101	0.279793
0.159722	0.150938
0.130484	0.253791
0.081338	0.130547
0.219784	0.917600
0.092827	0.128101
0.162063	0.253629
0.155162	0.228088
0.162783	0.165225
0.142067	0.405602
0.110365	0.199761
0.090387	0.196140
0.120296	0.181648
0.109165	0.234705
0.175448	0.389494
0.110505	0.123213
0.173729	0.371781
0.187074	0.549998
0.188704	0.435906
0.134088	0.132747
0.154678	0.150038
0.224517	0.272788
0.189747	0.379494
0.190318	0.305461
0.121360	0.298547
0.127512	0.135163
0.101602	0.125986
0.197202	0.365809
0.130332	0.181161
0.131168	0.179701
0.111825	0.192898
0.117808	0.120165
0.200271	0.456618
0.125893	0.308439
0.116496	0.206197
0.120388	0.181785
0.079899	0.199747
0.095146	0.122262
0.083748	0.149072
0.145014	0.218245
0.146479	0.216788
0.118314	0.150259
0.108585	0.144961
0.095504	0.139913
0.059133	0.136598
0.101359	0.213868
0.075504	0.127979
0.150423	0.585897
0.141344	0.320852
0.075511	0.143093
0.092911	0.157949
0.135119	0.237809
0.072123	0.193650
0.098756	0.193562
0.085665	0.195316
0.101801	0.251449
0.179231	0.362046
0.215716	0.534975
0.151112	0.166223
0.190454	0.443759
0.147392	0.105386
0.248373	1.233171
0.397302	0.478749
0.215289	0.274494
0.300810	0.440687
0.159277	0.180780
0.221287	0.276609
0.253104	0.270821
0.125792	0.145918
0.111879	0.133695
0.108546	0.169331
0.128765	0.148080
0.170379	0.135451
0.205966	0.229652
0.142647	0.152633
0.173145	0.174010
0.155327	0.194936
0.165102	0.177485
0.147712	0.152144
0.224841	0.306908
0.122528	0.157449
0.158494	0.225061
0.146202	0.244888
0.141392	0.131494
0.209441	0.144514
0.200664	0.175581
0.306324	1.949755
0.176817	0.150295
0.188994	0.325070
0.150826	0.213418
0.131695	0.158693
0.143449	0.162815
0.148907	0.144440
0.111260	0.154651
0.124028	0.224490
0.236664	0.446112
0.166015	0.322900
0.099765	0.163116
0.131347	0.180602
0.140129	0.151339
0.152411	0.333780
0.189507	0.534409
0.105362	0.169633
0.096185	0.225074
0.127020	0.264836
0.136390	0.189583
0.108004	0.321852
0.081446	0.142124
0.189178	0.378355
0.132515	0.260391
0.204198	0.252185
0.094810	0.118986
0.124652	0.282960
0.099808	0.119271
0.094752	0.238301
0.200532	0.305812
0.152350	0.141685
0.116428	0.100128
0.175197	0.154174
0.103825	0.112130
0.213173	0.474309
0.187701	0.167992
0.182297	0.112113
0.208596	0.241971
0.236393	0.398322
0.261594	0.228894
0.194801	0.457782
0.145399	0.173752
0.197961	0.210828
0.158688	0.275323
0.168816	0.268417
0.247949	0.540528
0.178577	0.385726
0.152345	0.227756
0.132890	0.179401
0.180750	0.463624
0.136847	0.208008
0.126797	0.247889
0.098739	0.114044
0.242584	0.623442
0.134945	0.207140
0.163945	0.629548
0.170928	0.174346
0.198799	0.493021
0.144132	0.152059
0.143832	0.138798
0.101363	0.194617
0.101025	0.241956
0.069419	0.144738
0.085807	0.147589
0.106242	0.173705
0.194152	0.782433
0.145819	0.236956
0.108162	0.147100
0.083256	0.193155
0.076675	0.173668
0.072698	0.191195
0.091256	0.216277
0.121052	0.285078
0.157956	0.329339
0.182531	0.533902
0.122706	0.208600
0.125003	0.123128
0.134709	0.226985
0.136471	0.163082
0.158467	0.196499
0.146570	0.304133
0.144137	0.176568
0.210660	0.568782
0.170482	0.453481
0.109356	0.120292
0.142577	0.245233
0.132905	0.346882
0.156994	0.188393
0.129433	0.148201
0.130729	0.160142
0.188598	0.393227
0.112449	0.123694
0.096496	0.121585
0.167353	0.183252
0.154641	0.234281
0.143664	0.235609
0.167705	0.481314
0.166923	0.292950
0.105084	0.152898
0.161318	0.226652
0.232968	0.420507
0.222246	0.291142
0.337277	4.681404
0.276794	0.292018
0.196645	0.178947
0.321729	0.149604
0.372180	0.200977
0.335682	0.191339
0.515528	0.845466
0.326770	0.191161
0.486535	0.698178
0.266412	0.829874
0.238218	0.196530
0.305113	0.633110
0.226436	0.285310
0.230699	0.456784
0.143266	0.115329
0.192637	0.414169
0.271458	0.575491
0.211857	0.305074
0.196376	0.246451
0.126493	0.222628
0.163177	0.289639
0.183105	0.542907
0.208949	1.181605
0.115181	0.204446
0.088546	0.116438
0.123443	0.293794
0.102526	0.163016
0.095943	0.205318
0.131829	0.220154
0.150555	0.280784
0.158471	0.287625
0.197650	0.439772
0.233899	0.218696
0.136165	0.145697
0.140339	0.138936
0.160151	0.155347
0.217334	0.866077
0.132840	0.441029
0.084028	0.147890
0.130983	0.275720
0.086977	0.130466
0.105326	0.264894
0.102899	0.157951
0.148668	0.329300
0.134899	0.327804
0.084308	0.122247
0.136890	0.216971
0.090670	0.137366
0.069275	0.139590
0.172983	0.417755
0.102036	0.213765
0.085458	0.288421
0.080001	0.149202
0.087070	0.188942
0.071538	0.131988
0.093473	0.279952
0.103196	0.215163
0.094903	0.166080
0.172997	0.909967
0.111567	0.243217
0.095676	0.136817
0.074267	0.190866
0.095539	0.226905
0.086573	0.171414
0.095903	0.247908
0.091543	0.131822
0.127445	0.559481
0.151941	0.608523
0.183949	0.455273
0.136506	0.275059
0.105733	0.144854
0.131557	0.166420
0.137420	0.204755
0.193240	0.508221
0.145535	0.149901
0.171191	0.298729
0.138989	0.167481
0.177346	0.165818
0.120908	0.163225
0.144250	0.273354
0.124672	0.306070
0.085599	0.114274
0.089995	0.252886
0.134142	0.215298
0.098593	0.167114
0.074211	0.125417
0.123073	0.154457
0.088795	0.194017
0.105572	0.226451
0.137882	0.133056
0.164827	0.292567
0.089572	0.184967
0.069773	0.181759
0.086901	0.213778
0.133399	0.411537
0.100757	0.231236
0.095087	0.164501
0.114795	0.174489
0.117379	0.154940
0.105903	0.288055
0.112002	0.142243
0.116252	0.216809
0.097017	0.213922
0.099740	0.113703
0.117892	0.176837
0.092648	0.217261
0.088162	0.169712
0.083226	0.160210
0.126539	0.226504
0.100031	0.217067
0.075698	0.133229
0.081200	0.194068
0.104390	0.140926
0.108750	0.145181
0.099147	0.151199
0.086889	0.155965
0.130570	0.242208
0.089514	0.123530
0.157616	0.320749
0.163005	0.431148
0.109926	0.148399
0.101273	0.233940
0.094082	0.596010
0.060863	0.158547
0.119456	0.706581
0.082541	0.158891
0.086935	0.175608
0.116744	0.297113
0.133460	0.373688
0.089222	0.124018
0.078898	0.130577
0.106263	0.308163
0.080222	0.231840
0.078313	0.159367
0.074760	0.117746
0.099694	0.251726
0.130682	0.404461
0.146114	0.348482
0.121975	0.296399
0.058314	0.232963
0.082436	0.137667
0.112643	0.138551
0.099733	0.147605
0.095544	0.124685
0.119588	0.165629
0.158977	0.222568
0.178606	0.550999
0.070273	0.235767
0.144269	0.214960
0.097275	0.260212
0.114018	0.114018
0.137883	0.172354
0.147995	0.291550
0.149744	0.857285
0.044451	0.178025
0.115626	0.383878
0.156021	0.368989
0.102969	0.181226
0.081939	0.271629
0.133476	0.470503
0.144564	0.340447
0.077375	0.117611
0.126981	0.243168
0.129464	0.299061
0.158420	0.323177
0.087336	0.255021
0.104066	0.250279
0.098123	0.252177
0.158078	0.488461
0.121992	0.309860
0.128684	0.391198
0.138861	0.231203
0.169756	0.512662
0.124091	0.138362
0.141924	0.372550
0.110616	0.179751
0.132151	0.247783
0.113556	0.128886
0.167631	0.407344
0.126118	0.114768
0.132801	0.262281
0.120287	0.246588
0.133385	0.212083
0.186659	0.354652
0.150575	0.140788
0.255032	0.399126
0.131247	0.181777
0.157616	0.204901
0.139879	0.176947
0.207885	0.569606
0.175049	0.213560
0.119796	0.162323
0.170512	0.280492
0.204663	0.192383
0.174249	0.325845
0.176666	0.219950
0.224135	0.719474
0.181662	0.194378
0.204040	0.324424
0.144030	0.179317
0.169162	0.264738
0.225854	0.449450
0.110134	0.270380
0.182182	0.105666
0.119697	0.150818
0.241740	0.355358
0.174288	0.114159
0.245519	0.320403
0.166834	0.123458
0.169526	0.176307
0.176779	0.303177
0.206470	0.552307
0.238580	0.576171
0.170009	0.260114
0.249707	0.821537
0.153287	0.156353
0.146732	0.341886
0.196702	0.328492
0.141607	0.196833
0.173490	0.278452
0.157757	0.234269
0.142542	0.173189
0.173871	0.192997
0.110623	0.123897
0.114199	0.226113
0.147003	0.282246
0.192099	0.379396
0.127665	0.238733
0.141206	0.208985
0.114880	0.170022
0.109754	0.192619
0.061383	0.491986
0.108758	0.501376
0.082747	0.136946
0.065854	0.128745
0.087744	0.300085
0.125749	0.506141
0.097604	0.138109
0.089885	0.174377
0.121219	0.163040
0.117605	0.208748
0.152956	0.227139
0.072661	0.104994
0.069886	0.128241
0.082119	0.181482
0.067069	0.167672
0.144602	0.577686
0.131515	0.125597
0.158743	0.139694
0.161435	0.277668
0.121452	0.127525
0.165363	0.234816
0.135353	0.392523
0.116560	0.146283
0.134769	0.121292
0.187973	0.258463
0.102745	0.165420
0.104354	0.242101
0.110431	0.203194
0.087027	0.150122
0.136484	0.260685
0.090424	0.265394
0.090587	0.360085
0.128035	0.512138
0.061323	0.159439
0.073674	0.225075
0.118773	0.123524
0.156531	0.777179
0.104499	0.239303
0.082696	0.125285
0.149076	0.179637
0.146844	0.321588
0.165496	0.170460
0.103755	0.124506
0.093331	0.104531
0.106960	0.790971
0.075561	0.148855
0.144708	0.733669
0.125973	0.230530
0.089249	0.107099
0.089840	0.296471
0.098818	0.239635
0.192082	0.344786
0.135283	0.219159
0.091671	0.123756
0.111003	0.323019
0.107309	0.156134
0.108676	0.278755
0.145391	0.150479
0.193061	0.275113
0.099143	0.155655
0.195243	1.035767
0.092939	0.180301
0.124319	0.359281
0.076613	0.122963
0.143872	0.322994
0.168921	0.315038
0.142555	0.266578
0.109350	0.157464
0.151810	0.166232
0.209725	0.719357
0.136026	0.305378
0.137218	0.264145
0.085461	0.176476
0.136006	0.131926
0.099318	0.137556
0.144005	0.358571
0.191731	0.168723
0.168201	0.195113
0.146226	0.369222
0.119470	0.201904
0.163630	0.312534
0.164232	0.427823
0.087766	0.158856
0.121746	0.283668
0.102026	0.192829
0.092806	0.155914
0.123644	0.263361
0.115949	0.271321
0.115892	0.187745
0.111401	0.214447
0.139919	0.129425
0.253579	0.547731
0.202165	0.488227
0.196470	0.277023
0.166891	0.245330
0.124550	0.128909
0.159472	0.355623
0.100785	0.218704
0.146769	0.439572
0.088683	0.197320
0.129983	0.422444
0.207228	0.760527
0.113055	0.144146
0.129275	0.168058
0.183046	0.410939
0.197898	0.366112
0.127528	0.163236
0.133477	0.222906
0.195211	0.228396
0.202378	0.333924
0.175055	0.161050
0.190862	0.316830
0.173566	0.163152
0.149841	0.197790
0.141160	0.297849
0.147854	0.226216
0.163741	0.136724
0.117157	0.192137
0.118149	0.191402
0.111368	0.125289
0.082466	0.161633
0.156116	0.451177
0.189971	0.378042
0.143192	0.196173
0.125011	0.232521
0.192434	0.861141
0.148221	0.156373
0.083154	0.139283
0.145285	0.389364
0.113974	0.189766
0.235317	1.157759
0.121199	0.191495
0.102489	0.169619
0.162773	0.205094
0.225302	0.491158
0.160498	0.281674
0.214438	0.235881
0.201874	0.240230
0.166496	0.282210
0.200735	0.303111
0.148275	0.300257
0.107953	0.122527
0.163588	0.271555
0.227108	1.612467
0.101361	0.095786
0.129339	0.232163
0.154233	0.262967
0.163486	0.231333
0.138558	0.135787
0.205174	0.445227
0.244725	0.192109
0.181864	0.307350
0.191470	0.395385
0.201918	0.168602
0.244649	0.726606
0.176505	0.210041
0.172100	0.258151
0.232883	0.461109
0.185573	0.347022
0.198167	0.310131
0.124839	0.142941
0.124150	0.173190
0.129896	0.116906
0.168999	0.390387
0.111387	0.217206
0.153456	0.154991
0.186929	0.467324
0.162105	0.226947
0.124613	0.223680
0.370205	1.129125
0.197772	0.349067
0.229956	0.320788
0.236531	0.402102
0.122791	0.132614
0.234967	0.269038
0.295176	0.904713
0.203689	0.277017
0.260933	0.431844
0.263092	0.144700
0.201326	0.165087
0.200716	0.151541
0.239562	0.309035
0.190956	0.211961
0.172386	0.174109
0.170907	0.211071
0.213396	0.142975
0.172769	0.136488
0.148854	0.139179
0.220164	0.473353
0.274111	0.649643
0.204708	0.289662
0.194502	0.156574
0.261577	0.606858
0.180600	0.275414
0.162191	0.175167
0.273624	0.406332
0.191490	0.182873
0.138603	0.099101
0.228178	0.334281
0.240988	0.332563
0.182646	0.144290
0.193755	0.173411
0.239127	0.266627
0.220992	0.159115
0.189960	0.208956
0.220271	0.432832
0.249274	0.205651
0.255727	0.377197
0.228288	0.247693
0.169472	0.265223
0.177982	0.168193
0.311176	0.236494
0.247714	0.237805
0.220032	0.427963
0.207384	0.144132
0.177306	0.175533
0.310138	0.437295
0.237403	0.198232
0.246272	0.646463
0.236324	0.620349
0.258801	0.485252
0.216853	0.379492
0.135680	0.151284
0.140695	0.175165
0.157795	0.295077
0.226642	0.350162
0.136891	0.203283
0.154644	0.296916
0.181538	0.245984
0.111868	0.111309
0.167092	0.305778
0.150619	0.163422
0.091710	0.138483
0.166719	0.411797
0.101649	0.131127
0.078266	0.238319
0.173444	0.470900
0.098610	0.131644
0.079343	0.125362
0.107370	0.207224
0.115859	0.155251
0.186084	0.342394
0.171369	0.523534
0.186509	0.233136
0.181370	0.252105
0.130473	0.151348
0.097739	0.141233
0.163429	0.140549
0.174584	0.212120
0.263133	0.461799
0.278616	0.324587
0.140010	0.128109
0.144782	0.246853
0.238084	0.780917
0.092108	0.084740
0.167662	0.263229
0.152696	0.200032
0.204705	0.371539
0.154081	0.131739
0.118202	0.122930
0.152746	0.155801
0.240033	0.469265
0.183736	0.224158
0.247221	0.223735
0.202196	0.149625
0.216230	0.463814
0.157363	0.207719
0.182105	0.176642
0.249189	0.254173
0.197509	0.276513
0.233907	0.178939
0.172056	0.162593
0.149498	0.145761
0.167141	0.172155
0.240393	0.146640
0.202184	0.440761
0.165362	0.210010
0.190714	0.355682
0.121115	0.139888
0.134679	0.253196
0.170073	0.338445
0.117280	0.116694
0.141993	0.126374
0.142998	0.255966
0.134437	0.178129
0.254714	1.036688
0.109970	0.154508
0.126870	0.220119
0.083300	0.232406
0.114021	0.168750
0.101772	0.235094
0.122642	0.202360
0.095934	0.236956
0.103682	0.121826
0.172297	0.423851
0.109233	0.122887
0.156000	0.160680
0.199231	0.647499
0.146506	0.276164
0.127367	0.291670
0.114544	0.178689
0.150978	0.747340
0.124261	0.137308
0.142272	0.215542
0.356787	1.687605
0.218195	0.224741
0.199719	0.397442
0.189258	0.273478
0.162162	0.198648
0.140721	0.132278
0.170098	0.139480
0.171909	0.144404
0.216910	0.301504
0.160755	0.274891
0.188451	0.151703
0.217196	0.178101
0.157899	0.110530
0.152208	0.122527
0.314898	0.423538
0.135219	0.100062
0.183144	0.132780
0.249388	0.438922
0.194933	0.463942
0.208731	0.208731
0.214731	0.527165
0.141382	0.232574
0.255806	0.443824
0.221588	0.315762
0.277766	0.236101
0.153942	0.103141
0.347663	0.441532
0.266666	0.166666
0.303157	0.504757
0.272299	0.435678
0.194008	0.537401
0.228743	0.404875
0.213742	0.346262
0.214459	0.477172
0.254154	0.776439
0.181832	0.363665
0.175534	0.513437
0.167654	0.137477
0.177297	0.258853
0.101168	0.121907
0.105584	0.164183
0.150964	0.247581
0.217477	0.646994
0.254177	0.476582
0.138438	0.256803
0.145541	0.163734
0.169137	0.405083
0.140422	0.269611
0.148004	0.241247
0.149391	0.300276
0.245795	0.192949
0.239286	0.295518
0.360175	0.574479
0.207941	0.203782
0.218057	0.296558
0.116009	0.125290
0.113340	0.151309
0.205975	0.287335
0.170110	0.152249
0.143715	0.156649
0.147889	0.146410
0.133468	0.213549
0.138908	0.185442
0.127043	0.189930
0.101462	0.113131
0.097600	0.215208
0.091275	0.167945
0.096220	0.162130
0.170573	0.823868
0.123491	0.179062
0.125570	0.162613
0.132800	0.174632
0.112308	0.417787
0.166955	0.158607
0.349825	1.163168
0.326113	0.127184
0.357930	0.164648
0.369718	0.171919
0.346233	0.510694
0.331071	0.476743
0.255954	0.277710
0.283159	0.366691
0.195954	0.199873
0.256190	0.368913
0.343052	1.037733
0.175147	0.262721
0.203586	0.522197
0.134834	0.163824
0.119848	0.197750
0.097183	0.120993
0.121722	0.336562
0.117363	0.173697
0.238855	1.165611
0.097313	0.131859
0.130994	0.229895
0.141623	0.270500
0.155870	0.242378
0.129434	0.172794
0.166373	0.462516
0.090392	0.136040
0.173477	0.154395
0.157642	0.152913
0.178150	0.183495
0.092469	0.115587
0.152171	0.139237
0.132447	0.177479
0.147472	0.375316
0.100335	0.255352
0.139019	0.179334
0.124248	0.167734
0.090236	0.104674
0.152632	0.173237
0.163529	0.199505
0.114848	0.137243
0.130270	0.121151
0.187690	0.361303
0.210926	0.331154
0.279605	0.701809
0.254500	0.797856
0.080701	0.096438
0.173948	0.180906
0.162246	0.305022
0.110387	0.113699
0.118157	0.129382
0.205973	0.593203
0.124004	0.124625
0.183975	0.540887
0.135191	0.298096
0.179386	0.536364
0.180885	0.187216
0.119569	0.241530
0.103421	0.197018
0.100107	0.117126
0.109752	0.119630
0.169032	0.785154
0.094973	0.391290
0.187768	0.614000
0.107157	0.132339
0.184218	0.478045
0.083995	0.194028
0.083378	0.124650
0.134262	0.214819
0.190063	0.199566
0.226112	0.507622
0.140872	0.145803
0.191359	0.332965
0.100216	0.151325
0.086892	0.162054
0.177700	0.311864
0.159629	0.336817
0.115798	0.187014
0.124918	0.233596
0.094550	0.108733
0.140696	0.210341
0.088995	0.139277
0.145524	0.201551
0.127934	0.241156
0.136237	0.190050
0.138807	0.197799
0.109476	0.228257
0.073239	0.164421
0.117801	0.149607
0.199933	0.823723
0.183195	0.460735
0.147824	0.131564
0.147972	0.227138
0.126040	0.239475
0.178467	0.353365
0.130556	0.212807
0.152837	0.349232
0.159393	0.267781
0.167589	0.315905
0.116644	0.158052
0.127571	0.142879
0.146334	0.256085
0.103649	0.166357
0.116839	0.174675
0.114386	0.153277
0.256399	0.644843
0.138299	0.147288
0.153328	0.259124
0.111440	0.113112
0.162963	0.454666
0.106808	0.104672
0.152242	0.248916
0.115143	0.173866
0.119259	0.125819
0.165894	0.178336
0.096419	0.115220
0.202916	0.181610
0.103607	0.127954
0.208791	0.719284
0.123274	0.215114
0.135747	0.161539
0.155575	0.254365
0.159305	0.299493
0.135738	0.192749
0.174817	0.263974
0.142178	0.183409
0.266123	0.919456
0.142676	0.149810
0.145184	0.155347
0.214660	0.205000
0.182759	0.269570
0.192614	0.276401
0.221233	0.389369
0.293997	0.776151
0.191178	0.450224
0.201335	0.313075
0.202228	0.285141
0.125028	0.186917
0.140575	0.166581
0.196937	0.347594
0.194390	0.237155
0.152213	0.155257
0.218164	0.262888
0.134689	0.117853
0.214335	0.214335
0.151243	0.144437
0.240254	0.187398
0.247319	0.294309
0.192211	0.146080
0.172111	0.191903
0.227453	0.290003
0.246578	0.380963
0.205659	0.386639
0.218849	0.425662
0.213241	0.235631
0.201263	0.371330
0.137256	0.145492
0.232925	0.428583
0.227974	0.461647
0.245420	0.542378
0.195508	0.330409
0.177103	0.232005
0.211625	0.217974
0.207681	0.253370
0.288226	0.397752
0.257109	0.471795
0.166607	0.193264
0.244099	0.299022
0.154910	0.313694
0.120443	0.182471
0.138538	0.293701
0.307550	0.299861
0.258689	0.265156
0.297259	0.860566
0.201094	0.185006
0.280809	0.304678
0.285103	0.389166
0.307986	0.255629
0.287795	0.158287
0.301468	0.479334
0.218035	0.270363
0.177729	0.167954
0.260166	0.320005
0.251229	0.256254
0.308747	0.578900
0.218946	0.245220
0.160218	0.120163
0.218164	0.262888
0.150458	0.118862
0.223752	0.445267
0.246092	0.417126
0.190512	0.177176
0.285234	0.564764
0.266723	0.270724
0.294683	0.748495
0.328311	1.332941
0.248325	0.382421
0.205979	0.183321
0.230499	0.217822
0.271362	0.515588
0.242848	0.155423
0.148953	0.140760
0.297737	0.245633
0.400832	0.280582
0.263950	0.161009
0.168586	0.203146
0.167432	0.121388
0.191427	0.178984
0.263520	0.345211
0.165465	0.128235
0.164103	0.238769
0.176190	0.223761
0.202723	0.320302
0.227905	0.434158
0.156908	0.176522
0.143617	0.114893
0.151486	0.137853
0.231481	0.512731
0.260737	1.071630
0.231101	0.548865
0.249866	0.660897
0.151861	0.239182
0.231826	0.627090
0.127110	0.126475
0.227623	0.312981
0.274180	0.522314
0.206932	0.159338
0.206233	0.150550
0.250237	0.314047
0.187064	0.146845
0.215782	0.233044
0.181294	0.306387
0.153299	0.213086
0.226114	0.379872
0.242658	0.157728
0.258316	0.328061
0.124200	0.148419
0.151464	0.174183
0.192359	0.175046
0.203763	0.157916
0.138819	0.177688
0.239916	0.484631
0.317483	1.366764
0.144077	0.189461
0.151555	0.114424
0.160537	0.220738
0.231798	0.609630
0.238343	0.481453
0.231050	0.774019
0.162229	0.145195
0.153037	0.158394
0.219664	0.298743
0.249042	0.161877
0.203736	0.160951
0.231618	0.423861
0.116845	0.112172
0.178958	0.143167
0.210212	0.209161
0.212204	0.170824
0.169650	0.305370
0.226771	0.320880
0.322564	0.762865
0.148951	0.126608
0.268280	0.380958
0.163438	0.188771
0.232450	0.321943
0.185610	0.249646
0.171216	0.327879
0.145077	0.358340
0.139422	0.143605
0.133859	0.178032
0.220112	0.355480
0.168294	0.243185
0.224228	0.354281
0.145196	0.129950
0.271201	0.398666
0.233194	0.362617
0.183586	0.281805
0.106515	0.110243
0.237896	0.352086
0.208214	0.170735
0.310678	1.172809
0.122364	0.126035
0.185987	0.219464
0.219645	0.220743
0.147462	0.212345
0.168056	0.217633
0.164068	0.422474
0.100655	0.137898
0.201427	0.384726
0.185388	0.351310
0.114917	0.116067
0.151468	0.400632
0.124812	0.184097
0.119362	0.167704
0.129018	0.121277
0.186820	0.365232
0.153508	0.307016
0.093259	0.130562
0.145381	0.180272
0.136537	0.136537
0.158996	0.302092
0.212995	0.428119
0.224129	0.357485
0.156341	0.282976
0.134343	0.167929
0.087632	0.242742
0.166169	0.464442
0.085609	0.129698
0.122298	0.249487
0.142365	0.306086
0.145216	0.241059
0.096542	0.147226
0.130021	0.319201
0.085245	0.138949
0.103009	0.194172
0.159559	0.138816
0.249707	0.339601
0.181406	0.326531
0.150865	0.156899
0.199928	0.228917
0.223141	0.441820
0.103779	0.157743
0.120929	0.280555
0.204213	0.338993
0.254257	0.737345
0.203854	0.288453
0.144692	0.123711
0.138433	0.202804
0.093469	0.106555
0.143887	0.177700
0.117701	0.138298
0.213288	0.228218
0.212727	0.362699
0.175170	0.311802
0.162450	0.250173
0.178730	0.350310
0.199601	0.646707
0.195870	0.128295
0.165529	0.136561
0.177920	0.274886
0.167362	0.256900
0.153366	0.202443
0.166644	0.207472
0.197708	0.144327
0.170190	0.143811
0.198600	0.341591
0.187044	0.235675
0.146930	0.119748
0.195266	0.158166
0.173728	0.222372
0.201945	0.257479
0.210607	0.233773
0.219820	0.311045
0.234068	0.273860
0.311216	0.890079
0.297318	0.483142
0.222743	0.278429
0.246634	0.293494
0.239846	0.181084
0.141258	0.194935
0.102539	0.093310
0.291266	1.597594
0.085172	0.154162
0.109146	0.164810
0.125808	0.162292
0.169561	0.276384
0.229789	0.281492
0.147850	0.152285
0.178289	0.195226
0.267319	0.220538
0.246704	0.294811
0.148815	0.167417
0.193466	0.186694
0.218994	0.346010
0.199123	0.231978
0.323850	0.482537
0.199536	0.167610
0.171171	0.142928
0.187109	0.171205
0.198731	0.304058
0.148290	0.191294
0.132184	0.142759
0.227222	0.259033
0.232819	0.211865
0.207604	0.213833
0.105491	0.104964
0.135715	0.262609
0.138939	0.232722
0.229376	0.831488
0.166961	0.260458
0.165361	0.182724
0.144073	0.216110
0.151562	0.349350
0.129970	0.159213
0.141013	0.298242
0.225745	0.398439
0.196362	0.264107
0.202717	0.300022
0.181010	0.200016
0.226653	0.267451
0.220262	0.320482
0.226890	0.241638
0.208703	0.284879
0.193428	0.224377
0.132689	0.162544
0.246186	0.350815
0.126166	0.162123
0.194120	0.410563
0.162041	0.179055
0.175166	0.317926
0.137739	0.265837
0.176446	0.572567
0.122793	0.161473
0.162840	0.235304
0.133458	0.172829
0.153683	0.189030
0.217165	0.320319
0.141545	0.124560
0.235379	0.433098
0.210553	0.278983
0.234420	0.386793
0.151964	0.154243
0.206726	0.822768
0.186414	0.279621
0.221895	0.147560
0.184755	0.144109
0.212778	0.360658
0.188618	0.296130
0.175221	0.308389
0.163701	0.177615
0.154811	0.154811
0.114060	0.136302
0.130281	0.152429
0.117188	0.113673
0.204741	0.189385
0.179750	0.208510
0.134197	0.147617
0.197475	0.522322
0.163537	0.192156
0.106254	0.125911
0.082263	0.246377
0.074578	0.154750
0.135385	0.219324
0.134082	0.280903
0.148552	0.136668
0.123834	0.239000
0.132564	0.231324
0.228073	0.604392
0.151493	0.240874
0.135003	0.158629
0.126876	0.166843
0.166588	0.660520
0.099372	0.122725
0.190064	0.426694
0.107043	0.155747
0.248147	0.342442
0.209175	0.346184
0.110143	0.224691
0.137771	0.168081
0.145392	0.131579
0.138302	0.265540
0.077725	0.118919
0.165922	0.367517
0.149377	0.171783
0.189758	0.177424
0.142022	0.117168
0.251720	0.392683
0.229701	0.450213
0.191326	0.164540
0.212345	0.526616
0.192613	0.160832
0.232390	0.391577
0.239319	0.453510
0.218598	0.467799
0.311803	0.810687
0.237214	0.383101
0.230271	0.267114
0.167628	0.150865
0.200555	0.182505
0.280751	0.313037
0.212581	0.306116
0.219027	0.513618
0.208425	0.376207
0.236809	0.375342
0.184446	0.165079
0.195901	0.246836
0.157565	0.271799
0.138979	0.146623
0.196795	0.951505
0.134610	0.613821
0.088866	0.103973
0.186044	0.331157
0.166916	0.272073
0.215798	0.543811
0.190816	0.232796
0.284165	0.319686
0.187000	0.423556
0.192148	0.239225
0.232117	0.176409
0.127957	0.172742
0.107118	0.197632
0.141338	0.257234
0.117692	0.144761
0.115198	0.129021
0.210326	0.321799
0.192217	0.449787
0.168513	0.821500
0.115752	0.281855
0.197743	0.183901
0.184952	0.296848
0.168055	0.150409
0.207497	0.329920
0.243686	0.358218
0.151130	0.173800
0.210086	0.264708
0.246217	0.258527
0.263878	0.253323
0.196825	0.230286
0.260911	0.327444
0.282849	0.253150
0.173823	0.108639
0.305095	0.410353
0.209239	0.325367
0.259704	0.310347
0.254719	0.263634
0.326175	0.357161
0.226855	0.391325
0.232757	0.327024
0.284075	0.570990
0.257793	0.382823
0.148742	0.168822
0.232288	0.364691
0.178334	0.164067
0.212618	0.393343
0.158792	0.219133
0.221717	0.297100
0.187337	0.182654
0.135319	0.171178
0.269178	0.650065
0.138101	0.225795
0.138258	0.262691
0.189065	0.535054
0.115538	0.250717
0.123757	0.141083
0.143899	0.420186
0.099086	0.197181
0.145826	0.245716
0.149484	0.161442
0.135141	0.108789
0.240113	0.976060
0.155846	0.196366
0.107114	0.102294
0.138480	0.220876
0.141991	0.332968
0.114774	0.164127
0.145262	0.200462
0.186491	0.199545
0.136682	0.177003
0.112676	0.145351
0.172482	0.314779
0.204053	0.468301
0.158465	0.156880
0.155355	0.139820
0.187784	0.246936
0.142926	0.197238
0.108758	0.116371
0.158919	0.282876
0.107725	0.120113
0.206536	0.260236
0.171736	0.341755
0.141154	0.122804
0.136105	0.164006
0.147635	0.381637
0.183880	0.173767
0.101616	0.141754
0.119745	0.156866
0.109004	0.147155
0.204788	1.102782
0.113422	0.285258
0.128483	0.254396
0.145763	0.274762
0.115500	0.205591
0.154320	0.159721
0.196337	0.291561
0.145256	0.335541
0.100477	0.150214
0.159993	0.249590
0.126684	0.172924
0.135968	0.211431
0.176974	0.279618
0.176367	0.371252
0.170964	0.334235
0.168947	0.460381
0.122955	0.130332
0.160703	0.248286
0.190346	0.749965
0.213770	0.349513
0.135469	0.174755
0.128627	0.139560
0.177687	0.310951
0.231831	0.161122
0.213167	0.214233
0.235331	0.613038
0.259301	0.635288
0.195619	0.437208
0.203279	0.242918
0.244068	0.594306
0.157049	0.230861
0.149985	0.139486
0.162498	0.527306
0.126343	0.191410
0.135431	0.144234
0.096503	0.106636
0.144505	0.362708
0.174642	0.447957
0.107185	0.119511
0.131486	0.317540
0.122164	0.254713
0.185888	0.276974
0.187778	0.557701
0.114537	0.201586
0.209553	1.259412
0.097083	0.205815
0.085082	0.151021
0.073629	0.138791
0.101045	0.189964
0.092445	0.154845
0.113140	0.126152
0.146251	0.284459
0.152270	0.185769
0.136050	0.396585
0.103068	0.107191
0.200588	0.423241
0.087518	0.128214
0.082767	0.112563
0.080740	0.193372
0.103900	0.308064
0.070487	0.111016
0.155317	0.955199
0.156462	0.349692
0.247216	0.446226
0.119366	0.113398
0.209496	0.349858
0.171532	0.191258
0.170638	0.165519
0.250263	0.588119
0.238718	0.655281
0.126352	0.104872
0.188099	0.209731
0.241728	0.496751
0.140755	0.173129
0.263386	0.633442
0.172696	0.289266
0.165723	0.281728
0.194251	0.161228
0.156403	0.320626
0.193926	0.224955
0.142533	0.223777
0.100342	0.131448
0.150829	0.155353
0.149044	0.272005
0.189865	0.281000
0.159964	0.153565
0.217424	0.340268
0.336359	3.340041
0.392691	0.369130
0.552738	0.632885
0.450357	0.412077
0.402997	0.477552
0.242433	0.349104
0.231023	0.210231
0.195508	0.130013
0.409699	0.475251
0.297334	0.173940
0.365282	1.041055
0.221564	0.150664
0.260024	0.213219
0.371003	0.437783
0.358417	0.412180
0.356037	0.493112
0.325257	1.143279
0.151377	0.341355
0.219462	0.282009
0.176835	0.204244
0.195761	0.367051
0.190233	0.254912
0.201340	0.249662
0.136149	0.185843
0.161697	0.168165
0.202668	0.742778
0.182197	0.362571
0.206842	0.228560
0.135049	0.099936
0.183253	0.192416
0.140911	0.102865
0.214317	0.317189
0.199941	0.275919
0.141889	0.287325
0.178067	0.306275
0.190719	0.568342
0.183075	0.252644
0.148105	0.321387
0.136378	0.143196
0.156708	0.505383
0.098188	0.273453
0.108168	0.145486
0.225077	0.494043
0.157925	0.161873
0.174457	0.161373
0.180732	0.605452
0.121415	0.115344
0.168183	0.140433
0.194928	0.210523
0.294225	0.775284
0.213730	0.200907
0.182028	0.274862
0.173527	0.109322
0.258728	0.410084
0.163185	0.253753
0.197239	0.173570
0.208485	0.347127
0.305569	0.768506
0.367133	0.624126
0.233309	0.310300
0.269766	0.397905
0.209970	0.293958
0.194440	0.277077
0.221763	0.375889
0.233372	0.260210
0.236303	0.187861
0.206292	0.219701
0.169993	0.272839
0.223783	0.396095
0.302818	0.481480
0.232452	0.382383
0.291010	0.509268
0.295516	0.987023
0.182552	0.356889
0.298984	0.527707
0.218031	0.195138
0.202270	0.264974
0.204987	0.161940
0.235807	0.383186
0.197093	0.224686
0.289874	0.184070
0.167948	0.234287
0.136132	0.129325
0.223255	0.341580
0.254158	0.227471
0.183456	0.129336
0.189426	0.131651
0.161456	0.149347
0.359111	0.666151
0.296459	0.323140
0.391290	0.721930
0.237765	0.135526
0.255750	0.425824
0.266150	0.133075
0.185642	0.119739
0.241746	0.241746
0.171018	0.111162
0.166566	0.123259
0.305565	0.305565
0.203978	0.146864
0.276849	0.567541
0.246737	0.521850
0.276428	0.284721
0.113292	0.100264
0.151583	0.698042
0.224946	0.449891
0.165724	0.239471
0.222344	0.478039
0.136337	0.134292
0.170641	0.265347
0.192021	0.133455
0.129362	0.104784
0.181176	0.163965
0.263724	0.890068
0.223956	0.525176
0.169848	0.139275
0.194688	0.259909
0.235625	0.319271
0.254155	0.424439
0.237132	0.688870
0.169505	0.190693
0.258408	0.306214
0.157513	0.244146
0.193370	0.197238
0.214382	0.602414
0.230214	0.713662
0.213339	0.418145
0.212015	0.319083
0.267911	0.514390
0.183620	0.369076
0.190027	0.420910
0.142283	0.128055
0.185107	0.335969
0.184909	0.253326
0.278001	0.544883
0.212844	0.155376
0.194629	0.185871
0.218633	0.173813
0.237830	0.353177
0.159539	0.187458
0.202235	0.303353
0.193695	0.337029
0.154696	0.197237
0.174528	0.295825
0.189170	0.363206
0.211278	0.434176
0.180487	0.275243
0.123958	0.179739
0.082959	0.101210
0.093426	0.256922
0.086186	0.103423
0.139036	0.141817
0.122939	0.174574
0.100158	0.142726
0.154607	0.182436
0.171882	0.275871
0.250408	0.793793
0.157932	0.247163
0.112599	0.132304
0.159881	0.310968
0.113926	0.264308
0.128719	0.352048
0.126180	0.198734
0.106538	0.184311
0.101481	0.167951
0.256562	1.661239
0.165361	0.450609
0.177301	0.499989
0.090328	0.126007
0.146882	0.135131
0.095967	0.154987
0.147556	0.433816
0.054653	0.158495
0.110679	0.121194
0.104061	0.158692
0.179260	0.291297
0.150332	0.171379
0.210379	0.277701
0.266069	0.231480
0.166134	0.142876
0.239371	0.551751
0.249153	0.244170
0.251377	0.191047
0.221239	0.335177
0.205148	0.291310
0.206639	0.247967
0.129399	0.120341
0.196902	0.549357
0.175954	0.386218
0.183918	0.283234
0.150343	0.248817
0.226083	0.604773
0.144254	0.243790
0.154251	0.614691
0.101787	0.187289
0.150545	0.132479
0.173921	0.233924
0.143657	0.240625
0.245022	0.776720
0.141228	0.145465
0.158216	0.265803
0.176178	0.365569
0.208631	0.556002
0.111982	0.167972
0.178082	0.229726
0.191326	0.395088
0.173192	0.352447
0.179177	0.370000
0.222416	0.417030
0.185070	0.657924
0.217699	0.232938
0.120755	0.111699
0.177245	0.364239
0.211391	0.480916
0.232578	0.310492
0.180966	0.348359
0.175659	0.343414
0.209247	0.246911
0.168414	0.605447
0.091635	0.196100
0.102204	0.140530
0.119672	0.149589
0.103359	0.237208
0.115499	0.282396
0.093901	0.159632
0.089180	0.198426
0.084435	0.151560
0.123248	0.429518
0.107702	0.139474
0.096141	0.187957
0.151971	0.307741
0.097016	0.203248
0.181236	0.618014
0.093961	0.198727
0.126933	0.197381
0.123916	0.201983
0.122997	0.240460
0.115119	0.297583
0.106869	0.181677
0.087023	0.121832
0.132358	0.430164
0.172933	0.518799
0.131168	0.305622
0.194517	0.614673
0.219936	0.498156
0.175056	0.132167
0.174615	0.306449
0.243940	0.196372
0.230225	0.248643
0.178812	0.126063
0.225486	0.124017
0.256376	0.138443
0.361151	0.276281
0.294446	0.580058
0.308504	0.391801
0.221368	0.149423
0.202498	0.279447
0.127872	0.190529
0.107687	0.129763
0.240518	0.864662
0.149681	0.389171
0.077559	0.176058
0.126166	0.193665
0.152813	0.248320
0.203750	0.607175
0.130154	0.179612
0.120819	0.201163
0.090633	0.217972
0.134943	0.217932
0.159836	0.479507
0.103971	0.121126
0.165616	0.264158
0.259664	0.484273
0.194865	0.283528
0.118020	0.124511
0.174486	0.165762
0.095032	0.116414
0.213473	0.463236
0.118582	0.147634
0.177915	0.530188
0.112629	0.144728
0.126814	0.154713
0.121460	0.199195
0.146821	0.289971
0.279089	1.367535
0.162726	0.194457
0.168421	0.167579
0.182769	0.248566
0.178628	0.158979
0.240684	0.351399
0.247188	0.679767
0.158095	0.269552
0.150756	0.151510
0.191485	0.351376
0.152782	0.239868
0.142665	0.136958
0.193182	0.366080
0.158114	0.158904
0.280151	0.522481
0.196775	0.344357
0.237045	0.482386
0.107351	0.135262
0.097837	0.175617
0.077370	0.171376
0.116569	0.233138
0.111364	0.144216
0.094012	0.213878
0.145867	0.460210
0.118976	0.187387
0.108951	0.193388
0.180428	0.763211
0.164700	0.318695
0.097863	0.153155
0.114539	0.218197
0.118439	0.371897
0.146940	1.093965
0.107327	0.364913
0.149250	0.218651
0.107460	0.169249
0.135983	0.263126
0.124882	0.299093
0.124537	0.480090
0.087142	0.160777
0.118423	0.249280
0.082615	0.117314
0.104691	0.339722
0.105373	0.190198
0.060358	0.161760
0.106346	0.396140
0.085985	0.151334
0.174435	0.391606
0.128301	0.308564
0.144223	0.219219
0.082659	0.102084
0.115503	0.424473
0.082580	0.142864
0.128875	0.242284
0.140542	0.207300
0.127157	0.189465
0.149768	0.199941
0.120505	0.133158
0.140887	0.176109
0.217157	0.355052
0.207798	0.341827
0.130994	0.233823
0.083475	0.147750
0.114795	0.195151
0.139456	0.227313
0.185594	0.196730
0.079821	0.125319
0.102402	0.177667
0.083687	0.165699
0.104267	0.311759
0.099378	0.216643
0.109638	0.165553
0.109306	0.163958
0.120561	0.179636
0.114648	0.151908
0.112923	0.595668
0.138891	0.277781
0.101750	0.236060
0.173398	0.199408
0.167086	0.170427
0.195992	0.489981
0.174603	0.351825
0.132030	0.235673
0.144868	0.288287
0.171263	0.357084
0.105410	0.149154
0.111423	0.316999
0.087128	0.206493
0.124407	0.201540
0.151013	0.154788
0.111332	0.221550
0.155205	0.188574
0.111029	0.187639
0.117460	0.355317
0.168752	0.248909
0.129360	0.138415
0.176719	0.794351
0.096810	0.178130
0.143673	0.242807
0.134203	0.454278
0.113704	0.229683
0.101717	0.158679
0.189819	0.454615
0.137036	0.192535
0.209331	0.137112
0.205448	0.489993
0.165143	0.352581
0.118148	0.118148
0.156539	0.280987
0.205047	0.430598
0.212225	0.515706
0.107835	0.165526
0.126264	0.115532
0.174888	0.318297
0.176026	0.229713
0.146479	0.153802
0.197448	0.202385
0.242459	0.762534
0.112211	0.151484
0.155585	0.159474
0.234104	0.737429
0.194128	0.319340
0.205342	0.711512
0.120311	0.155201
0.143241	0.259982
0.112572	0.174486
0.197264	0.607573
0.138168	0.214160
0.184674	0.237306
0.163326	0.230290
0.143572	0.278530
0.120797	0.148580
0.150966	0.246075
0.172244	0.273006
0.100435	0.166722
0.123514	0.259997
0.130331	0.131635
0.153516	0.251767
0.181198	0.243711
0.267543	0.628727
0.145506	0.187702
0.102110	0.167460
0.132574	0.116665
0.166727	0.284269
0.133753	0.205980
0.205641	0.162456
0.190482	0.344773
0.144449	0.160339
0.099914	0.152369
0.141013	0.254528
0.187133	0.316255
0.110325	0.145630
0.277720	1.070609
0.171699	0.236086
0.241988	0.300065
0.147712	0.132203
0.101723	0.148516
0.206349	0.478729
0.154747	0.209682
0.127860	0.192430
0.131777	0.143637
0.158171	0.173988
0.277121	0.615210
0.184618	0.149540
0.161397	0.243709
0.185801	0.420839
0.196346	0.165912
0.226877	0.402707
0.134981	0.159278
0.253066	0.992020
0.129064	0.118093
0.149954	0.138708
0.210467	0.278869
0.213724	0.593085
0.164787	0.343580
0.189357	0.293503
0.203277	0.301866
0.198253	0.437149
0.192183	1.097367
0.173464	0.150914
0.208528	0.468146
0.210503	0.285232
0.186035	0.251147
0.186272	0.326907
0.163965	0.317271
0.188618	0.475317
0.133130	0.154431
0.168803	0.275150
0.176095	0.168171
0.161107	0.129691
0.130715	0.116337
0.201193	0.191134
0.239018	0.452940
0.163948	0.384459
0.226737	0.355978
0.170208	0.167655
0.225466	0.222084
0.161013	0.198851
0.216517	0.154810
0.162841	0.135158
0.189085	0.251483
0.257601	0.235705
0.195301	0.205066
0.112619	0.195393
0.164755	0.311387
0.177715	0.379422
0.142005	0.222947
0.119583	0.226609
0.140665	0.156841
0.158579	0.156994
0.189493	0.346772
0.093431	0.095299
0.179487	0.175898
0.137100	0.214561
0.158558	0.260035
0.156946	0.352343
0.221749	0.514457
0.295406	1.033921
0.159680	0.380836
0.119283	0.347113
0.230074	1.215943
0.116388	0.152468
0.192392	0.365545
0.201094	0.248351
0.157435	0.165307
0.173167	0.230312
0.115692	0.120320
0.160756	0.141465
0.128300	0.235431
0.119299	0.190879
0.174596	0.173723
0.107764	0.151947
0.173791	0.264162
0.203890	0.431227
0.121713	0.172224
0.187097	0.518258
0.297696	0.290254
0.137257	0.152355
0.127559	0.208559
0.144544	0.286197
0.118901	0.294875
0.148159	0.307429
0.109628	0.156769
0.125586	0.303290
0.179454	0.174070
0.151864	0.152624
0.246410	0.453395
0.106260	0.103604
0.186765	0.205442
0.153440	0.177223
0.229978	0.681886
0.184721	0.339886
0.150788	0.161344
0.297431	0.533889
0.207276	0.206240
0.213408	0.199536
0.143164	0.153185
0.261813	0.140070
0.219473	0.397245
0.185030	0.258117
0.176228	0.350693
0.251286	0.315364
0.216363	0.291009
0.177549	0.163345
0.165782	0.242870
0.133046	0.119741
0.236158	0.201915
0.249818	0.322266
0.215327	0.331604
0.276085	0.252618
0.213510	0.194294
0.253716	0.465568
0.183185	0.152043
0.171594	0.221356
0.231761	0.292019
0.263380	0.446428
0.254707	0.504319
0.086228	0.127618
0.131213	0.257833
0.197578	0.264754
0.133708	0.105630
0.267530	0.288932
0.248222	0.192372
0.321525	0.274904
0.185032	0.131372
0.258504	0.599728
0.241101	0.259183
0.158599	0.148290
0.281872	0.818837
0.186269	0.184406
0.166430	0.139801
0.115627	0.123721
0.211103	0.351486
0.213854	0.397769
0.232711	0.432842
0.269051	0.859618
0.205796	0.180071
0.212213	0.255717
0.150559	0.115178
0.133062	0.139715
0.195754	0.248608
0.234430	0.466515
0.160409	0.145170
0.137624	0.183040
0.262758	0.306113
0.163262	0.142854
0.166338	0.146377
0.244341	0.434927
0.159617	0.205906
0.226180	0.524738
0.190903	0.270127
0.179514	0.205543
0.185383	0.218752
0.184593	0.137522
0.235877	0.391556
0.278051	0.525517
0.229247	0.354186
0.224571	0.262748
0.203163	0.213321
0.219564	0.237129
0.216158	0.395569
0.150581	0.238671
0.171395	0.236525
0.119610	0.105855
0.138177	0.180321
0.118457	0.236914
0.136868	0.330537
0.116092	0.153822
0.235520	0.466329
0.188385	0.258088
0.304054	0.751013
0.213756	0.221237
0.194293	0.198179
0.129465	0.167010
0.205506	0.356553
0.167879	0.325685
0.164987	0.263979
0.191411	0.450773
0.132417	0.122486
0.142285	0.229079
0.150063	0.279867
0.148520	0.243573
0.200928	0.173803
0.165762	0.145041
0.168790	0.296226
0.153436	0.246265
0.182762	0.277798
0.238479	0.141895
0.247321	0.482276
0.241903	0.550329
0.255284	0.305064
0.261257	0.455893
0.199871	0.354771
0.156161	0.166311
0.226123	0.170723
0.191667	0.312418
0.205705	0.126508
0.236344	0.261160
0.144046	0.155569
0.211314	0.152146
0.199525	0.185558
0.214406	0.226198
0.248288	0.230908
0.168807	0.135046
0.256182	0.245935
0.240908	0.499884
0.091379	0.118336
0.137710	0.154924
0.132115	0.325663
0.116734	0.250977
0.176442	0.217024
0.151147	0.259217
0.166946	0.144408
0.122474	0.129210
0.141306	0.196415
0.118832	0.113485
0.224066	0.616181
0.212332	0.503226
0.294824	0.201955
0.323410	0.572436
0.264692	0.371892
0.227554	0.147910
0.213991	0.350945
0.283475	0.413874
0.171102	0.184790
0.259489	0.429454
0.239572	0.283893
0.228032	0.307844
0.214865	0.322297
0.323893	0.955486
0.135055	0.109394
0.221518	0.765344
0.224723	0.185397
0.230374	0.175084
0.224715	0.299994
0.190439	0.418013
0.155097	0.262889
0.177653	0.218513
0.167362	0.156483
0.195442	0.828676
0.149772	0.198448
0.159660	0.136509
0.173969	0.228769
0.205938	0.229621
0.170633	0.145038
0.158337	0.174171
0.206385	0.178523
0.264167	0.338134
0.187908	0.222670
0.210834	0.382664
0.203486	0.230956
0.177538	0.221035
0.263156	0.449996
0.316994	0.477075
0.279772	0.332928
0.132520	0.133183
0.222095	0.332031
0.151645	0.184249
0.242267	0.327060
0.171504	0.124340
0.243087	0.386508
0.206763	0.171613
0.173944	0.128719
0.236876	0.482042
0.210238	0.233364
0.159785	0.175764
0.262956	0.360250
0.219479	0.269959
0.164505	0.179311
0.209566	0.901134
0.168756	0.185631
0.221152	0.650188
0.109956	0.229258
0.128812	0.213827
0.115317	0.239282
0.145221	0.313678
0.107897	0.141346
0.131510	0.155182
0.149556	0.252002
0.152679	0.266424
0.185474	0.388568
0.174629	0.203443
0.162419	0.272053
0.182941	0.243311
0.152548	0.128903
0.178921	0.259436
0.176388	0.198437
0.156226	0.165599
0.161210	0.255517
0.154835	0.352249
0.082726	0.192751
0.203279	0.464492
0.118410	0.125514
0.128590	0.268109
0.150585	0.247712
0.095460	0.137939
0.110744	0.148950
0.197059	0.355692
0.156205	0.156205
0.157458	0.176353
0.198392	0.455310
0.139688	0.127116
0.222341	0.215671
0.191413	0.306261
0.115419	0.137926
0.100404	0.193277
0.118577	0.132213
0.153572	0.310984
0.177736	0.129747
0.199773	0.429511
0.174089	0.283765
0.209111	0.464226
0.207335	0.379424
0.130154	0.129503
0.205807	0.234620
0.179986	0.132290
0.200207	0.305316
0.272065	0.555013
0.177624	0.221142
0.211810	0.250995
0.133553	0.219694
0.146901	0.550146
0.100479	0.544599
0.115022	0.235795
0.145393	0.221725
0.245844	1.062048
0.166600	0.292382
0.154729	0.477338
0.057161	0.207207
0.109328	0.148140
0.115445	0.196256
0.151016	0.178199
0.265515	1.265181
0.143931	0.208700
0.129337	0.284542
0.112302	0.162276
0.130374	0.129070
0.230651	0.384033
0.191418	0.427818
0.174312	0.207431
0.190270	0.386248
0.099435	0.121310
0.152712	0.180964
0.172587	0.245936
0.200828	0.721975
0.183414	0.298047
0.155761	0.133176
0.222713	0.393088
0.185807	0.378116
0.135471	0.147664
0.243442	0.289696
0.153735	0.179101
0.211114	0.532008
0.120670	0.176178
0.147891	0.125708
0.216650	0.411636
0.208909	0.315453
0.172546	0.163919
0.202480	0.235890
0.233501	0.551062
0.161938	0.208090
0.200385	0.369711
0.124946	0.170551
0.135788	0.190103
0.146634	0.249278
0.174390	0.214500
0.188728	0.375569
0.165004	0.243380
0.136477	0.163090
0.184643	0.280657
0.158724	0.181739
0.126707	0.176123
0.197917	1.188490
0.117236	0.136580
0.102301	0.312531
0.183528	0.999312
0.173229	0.172363
0.107603	0.098457
0.124532	0.097135
0.222890	0.176083
0.198858	0.323145
0.213785	0.251198
0.211228	0.208059
0.227719	0.216333
0.273165	0.352383
0.271389	0.261891
0.288508	0.643373
0.161678	0.177038
0.238683	0.764979
0.218860	0.714577
0.136233	0.231595
0.114789	0.218673
0.186615	0.156757
0.136209	0.179114
0.134653	0.223524
0.121623	0.174528
0.115764	0.172488
0.094283	0.119268
0.107171	0.192908
0.107509	0.146750
0.138741	0.238635
0.117596	0.326328
0.108172	0.127643
0.104965	0.108639
0.173615	0.320320
0.194416	0.391747
0.134818	0.342437
0.136386	0.139113
0.170633	0.373687
0.151892	0.212649
0.122146	0.155125
0.125512	0.202702
0.164986	0.270577
0.167830	0.305451
0.157245	0.169825
0.192739	0.395115
0.154665	0.153118
0.135936	0.143413
0.177005	0.302678
0.281362	0.326380
0.294117	0.319116
0.283446	0.335884
0.126302	0.141458
0.168649	0.145881
0.182621	0.236494
0.145719	0.330783
0.133677	0.138355
0.132326	0.169377
0.171083	0.284853
0.120598	0.194766
0.135901	0.171915
0.238821	0.278226
0.277062	1.831381
0.301605	0.218664
0.453899	0.422126
0.257183	0.131163
0.471011	0.692387
0.393419	0.277360
0.483748	0.592591
0.338655	0.316642
0.301386	0.382761
0.213898	0.236357
0.265108	0.478520
0.237930	0.221275
0.260903	0.155237
0.182227	0.129381
0.229571	0.307625
0.248262	0.251986
0.255198	0.384073
0.212501	0.345314
0.184993	0.204418
0.117517	0.123980
0.157185	0.238921
0.151158	0.227492
0.098275	0.124318
0.166763	0.436084
0.132333	0.187913
0.142582	0.181080
0.157481	0.292128
0.132628	0.267246
0.131753	0.378131
0.170423	0.191726
0.146734	0.316946
0.193348	0.295822
0.161454	0.152574
0.158039	0.194388
0.217139	0.284452
0.173446	0.264506
0.204364	0.236040
0.167474	0.204318
0.153295	0.153295
0.245686	0.460662
0.163860	0.180246
0.157913	0.233712
0.168759	0.480964
0.140443	0.138336
0.120426	0.214359
0.172166	0.365852
0.150503	0.173831
0.079348	0.156713
0.129440	0.267293
0.291898	1.148617
0.113610	0.183480
0.150889	0.265565
0.181024	0.389201
0.152186	0.214582
0.134767	0.268186
0.099776	0.209031
0.114102	0.188839
0.154090	0.461501
0.073098	0.106357
0.151147	0.154926
0.191907	0.198624
0.245286	0.987276
0.149488	0.165185
0.176660	0.351553
0.138697	0.281555
0.159219	0.249974
0.110153	0.138792
0.158908	0.234390
0.207567	0.483632
0.112424	0.192808
0.163168	0.292886
0.130863	0.221159
0.141744	0.214743
0.153050	0.200496
0.197125	1.059545
0.127377	0.195523
0.165760	0.323233
0.151261	0.295716
0.173645	0.724099
0.156128	0.266198
0.164789	0.248008
0.161503	0.193803
0.137687	0.165225
0.171760	0.192371
0.179025	0.193347
0.113960	0.173789
0.224282	1.734825
0.191769	0.362443
0.251934	0.563072
0.192121	0.340055
0.152687	0.182461
0.251631	0.982618
0.128128	0.160801
0.160083	0.299355
0.207182	0.176104
0.177620	0.116341
0.237645	0.215068
0.180428	0.194862
0.296402	0.419408
0.225064	0.240818
0.252579	0.732478
0.279858	0.261667
0.363291	1.060811
0.225046	0.327442
0.243872	0.181685
0.278997	0.986255
0.164013	0.242740
0.104453	0.112287
0.171772	0.170913
0.215704	0.183348
0.176023	0.352046
0.153745	0.154514
0.210788	0.382581
0.199172	0.260916
0.190128	0.289945
0.214898	0.329869
0.203154	0.196044
0.214034	0.407735
0.193831	0.227751
0.206286	0.313555
0.208716	0.364209
0.145455	0.127274
0.234901	0.475674
0.272411	0.625183
0.251265	0.247496
0.232917	0.150232
0.254353	0.831734
0.191024	0.140402
0.198038	0.351518
0.149016	0.147526
0.202694	1.034755
0.252581	1.006537
0.165000	0.166650
0.131394	0.139278
0.091641	0.151208
0.168045	0.266352
0.109824	0.245456
0.202641	0.655545
0.134138	0.166331
0.199429	0.536465
0.172930	0.290523
0.143175	0.171810
0.272704	0.976279
0.133847	0.198763
0.165514	0.303719
0.151439	0.254418
0.171628	0.243712
0.189329	0.782876
0.149292	0.235135
0.111292	0.174729
0.201466	0.490569
0.165207	0.145382
0.189781	0.144234
0.270570	0.569550
0.214442	0.266980
0.243372	0.504996
0.148403	0.187730
0.178812	0.463124
0.204470	0.394627
0.232156	0.416719
0.202219	0.242663
0.254368	0.459134
0.173861	0.256445
0.152786	0.174176
0.151078	0.343703
0.106524	0.160319
0.203956	0.228431
0.157471	0.384228
0.077172	0.180582
0.139231	0.295169
0.190144	0.424971
0.095625	0.153000
0.115002	0.307631
0.154974	0.726051
0.049972	0.248111
0.139834	0.263587
0.116462	0.140336
0.089849	0.163525
0.145080	0.467157
0.138096	0.243049
0.143142	0.222586
0.202895	0.568105
0.130647	0.153510
0.131814	0.172018
0.142644	0.206833
0.121831	0.212595
0.098688	0.166289
0.146937	0.202773
0.167427	0.186681
0.137552	0.378957
0.163386	0.259784
0.112222	0.178433
0.124794	0.175336
0.203338	0.344657
0.118177	0.126450
