Velocity(m/s)	Chord(mm)
0.107734	0.171835
0.151296	0.157348
0.107131	0.144627
0.171050	0.463545
0.194672	0.183965
0.191369	0.413356
0.190109	0.383070
0.120665	0.132731
0.121688	0.430774
0.099019	0.159916
0.095059	0.139737
0.111535	0.296125
0.108524	0.142166
0.166360	0.217099
0.082842	0.103138
0.134189	0.387136
0.075013	0.144400
0.160540	0.220743
0.234431	1.122926
0.200591	0.440298
0.128120	0.182571
0.150485	0.425121
0.171347	0.248453
0.131811	0.317005
0.053534	0.135441
0.078476	0.157736
0.170773	0.321053
0.132319	0.136288
0.136402	0.152089
0.206499	0.463591
0.093972	0.248555
0.116141	0.173631
0.206301	0.259939
0.182281	0.287093
0.309536	1.556968
0.126997	0.165096
0.147021	0.199948
0.164057	0.172260
0.258902	0.436250
0.104885	0.147888
0.148302	0.398190
0.158528	0.610334
0.217930	0.885887
0.190534	0.283896
0.169446	0.282127
0.141968	0.306651
0.101584	0.235675
0.084947	0.220012
0.115836	0.258892
0.097187	0.204578
0.197782	0.309528
0.218759	0.390484
0.194747	0.397284
0.199707	0.360472
0.117039	0.179654
0.112231	0.102130
0.190578	0.221070
0.118032	0.102098
0.246399	0.311694
0.299327	1.800450
0.116554	0.166673
0.096740	0.162524
0.201368	0.456098
0.125418	0.213210
0.094255	0.158819
0.114179	0.203810
0.107495	0.161781
0.092933	0.123137
0.170760	0.132339
0.117715	0.162447
0.108755	0.135944
0.056855	0.175113
0.099787	0.231506
0.103509	0.309492
0.161238	0.250725
0.141288	0.217583
0.056492	0.129084
0.253411	0.425730
0.084538	0.148787
0.164139	0.143621
0.271854	0.459433
0.167728	0.135021
0.224417	0.160458
0.297533	0.301996
0.440067	0.611692
0.180729	0.149101
0.309386	0.658992
0.309623	0.880877
0.197709	0.276793
0.212227	0.218594
0.128378	0.115540
0.223234	0.195329
0.160849	0.304808
0.155213	0.159869
0.087798	0.124235
0.173096	0.414564
0.096404	0.269449
0.124862	0.199155
0.081013	0.111392
0.289943	0.490003
0.200098	0.327161
0.303049	0.769743
0.164637	0.176985
0.392929	1.658162
0.214966	0.174123
0.235798	0.208682
0.190145	0.138806
0.189662	0.178282
0.181552	0.220586
0.153599	0.226558
0.317123	1.222510
0.180885	0.340065
0.158882	0.209725
0.087256	0.089437
0.185902	0.576296
0.293815	0.584692
0.182328	0.165919
0.124260	0.152839
0.214787	0.380173
0.119643	0.109473
0.153359	0.154126
0.281806	0.417074
0.184788	0.153374
0.225644	0.382466
0.268888	0.208388
0.375358	0.673767
0.239282	0.148355
0.358609	1.459537
0.234334	0.657307
0.296305	0.262230
0.260492	0.415484
0.210016	0.354926
0.250055	0.363830
0.194682	0.210256
0.179832	0.346177
0.187157	0.362149
0.251724	0.383880
0.169195	0.151429
0.178019	0.234985
0.116555	0.125879
0.120129	0.219837
0.263039	0.532653
0.157845	0.228085
0.189834	0.245835
0.243619	0.606612
0.157807	0.224086
0.140919	0.128941
0.137261	0.148928
0.128158	0.137129
0.155408	0.505078
0.098993	0.153439
0.201664	0.390219
0.178275	0.196103
0.098131	0.160445
0.161713	0.254698
0.245673	0.480292
0.113802	0.116647
0.152663	0.169456
0.272482	0.280656
0.328917	0.407857
0.359148	1.181596
0.160840	0.151994
0.196911	0.226447
0.328544	1.103909
0.146656	0.152523
0.226055	0.232836
0.212332	0.286648
0.368801	1.322151
0.273826	0.362820
0.269261	0.138669
0.209301	0.386161
0.279344	0.512596
0.217603	0.171907
0.397667	0.664104
0.280637	0.263799
0.394515	0.575992
0.298013	0.472351
0.142284	0.118096
0.169784	0.247036
0.142700	0.130570
0.320596	0.285330
0.221351	0.222458
0.193485	0.375361
0.201878	0.358333
0.148646	0.255670
0.136482	0.287294
0.276843	0.582754
0.217951	0.333465
0.283699	0.279444
0.173181	0.223403
0.346069	0.998410
0.257467	0.659117
0.258031	0.218036
0.195797	0.258452
0.215778	0.257854
0.212930	0.217189
0.177230	0.194954
0.336066	0.282296
0.268833	0.290340
0.141422	0.128694
0.331066	0.703515
0.275825	0.303407
0.309054	0.554751
0.248588	0.481018
0.196404	0.351563
0.207788	0.442589
0.216531	0.640932
0.111644	0.112202
0.114274	0.112560
0.191702	0.295221
0.125743	0.195531
0.166710	0.330085
0.157369	0.239988
0.089021	0.134422
0.111964	0.136037
0.197681	0.103782
0.424964	3.153231
0.133270	0.213232
0.122892	0.342870
0.086187	0.138761
0.096804	0.151498
0.143207	0.179725
0.127726	0.164128
0.103435	0.164979
0.148727	0.171780
0.142120	0.130040
0.156730	0.275062
0.117727	0.155400
0.195703	0.256371
0.181841	0.195479
0.218094	0.443822
0.153531	0.211104
0.180566	0.257306
0.197078	0.345872
0.171388	0.248513
0.145622	0.155815
0.166114	0.404488
0.278013	1.031427
0.183264	0.702819
0.119782	0.207223
0.125069	0.171970
0.144592	0.246530
0.174567	0.318585
0.157328	0.306002
0.187482	0.209043
0.125261	0.124635
0.297830	0.461636
0.127417	0.177110
0.154002	0.127822
0.306999	0.907181
0.183714	0.375696
0.161418	0.383368
0.146816	0.145348
0.138939	0.226470
0.190365	0.417852
0.254859	0.438358
0.380914	1.816961
0.113637	0.196025
0.131425	0.182023
0.334796	2.313438
0.179442	0.200077
0.179408	0.507725
0.156420	0.280773
0.174080	0.247194
0.177746	0.163527
0.206239	0.320701
0.189011	0.176726
0.160130	0.183349
0.247442	0.661907
0.136581	0.175506
0.156807	0.173271
0.211428	0.354142
0.173616	0.360254
0.297506	0.709553
0.155019	0.318564
0.122421	0.126094
0.269453	0.370498
0.126279	0.183105
0.179299	0.241157
0.171086	0.395210
0.173007	0.325252
0.139514	0.151372
0.174886	0.277194
0.237030	0.244141
0.262561	0.357083
0.239512	0.560457
0.120186	0.137012
0.166181	0.235977
0.152277	0.146186
0.143839	0.210723
0.200748	0.254949
0.233368	0.558915
0.152583	0.163264
0.223062	0.217485
0.137206	0.265493
0.112457	0.220978
0.202184	0.297210
0.212330	0.322741
0.084757	0.099589
0.153264	0.309593
0.127519	0.131982
0.180626	0.461500
0.147706	0.401021
0.081247	0.106434
0.077625	0.211529
0.096653	0.136764
0.141063	0.160107
0.161213	0.285347
0.161872	0.292989
0.111436	0.214515
0.178290	0.356580
0.074567	0.108122
0.123065	0.177828
0.154835	0.334443
0.202725	0.459171
0.105963	0.172719
0.103760	0.127107
0.142825	0.365631
0.112709	0.182589
0.078346	0.097149
0.168441	0.535641
0.169216	0.359584
0.211745	0.690287
0.054490	0.410308
0.152990	0.288386
0.100936	0.270508
0.113471	0.221835
0.098585	0.215408
0.083683	0.131801
0.098492	0.151678
0.095742	0.203930
0.122311	0.233613
0.206888	0.336193
0.170454	0.238636
0.169591	0.237427
0.263365	0.626809
0.141827	0.122681
0.179592	0.433714
0.258298	0.409402
0.336231	1.901389
0.227609	0.623650
0.107324	0.186208
0.139758	0.294890
0.140302	0.214662
0.197462	0.553881
0.200453	0.288652
0.305562	0.588207
0.175743	0.219679
0.125012	0.144389
0.153204	0.238232
0.218086	0.498327
0.238136	0.303623
0.152747	0.210791
0.122650	0.172937
0.221685	0.280432
0.159116	0.235491
0.111038	0.109927
0.130230	0.204460
0.159731	0.212443
0.112577	0.228531
0.101448	0.227751
0.284072	1.007036
0.187488	0.170614
0.167184	0.186411
0.233453	0.703862
0.112422	0.281054
0.173057	0.349575
0.242522	0.556587
0.135738	0.120128
0.136539	0.180231
0.144228	0.214179
0.168421	0.408421
0.206233	0.338222
0.112929	0.149066
0.098974	0.132130
0.188400	0.555781
0.103786	0.247011
0.147836	0.336326
0.079061	0.150217
0.074544	0.166234
0.207578	0.483658
0.104053	0.200822
0.155449	0.166331
0.125096	0.205158
0.156400	0.394127
0.094493	0.122369
0.262922	0.736182
0.160312	0.347877
0.103085	0.143289
0.098562	0.149815
0.251956	0.453522
0.148956	0.229392
0.171233	0.355308
0.137343	0.157945
0.109956	0.191873
0.134294	0.248444
0.169022	0.382835
0.143386	0.223682
0.169407	0.329497
0.180134	0.417911
0.125092	0.138852
0.144391	0.212255
0.181229	0.405046
0.199957	0.218953
0.206347	0.355948
0.175188	0.324974
0.161219	0.355487
0.188980	0.528200
0.174874	0.306029
0.102718	0.148427
0.143122	0.198940
0.124218	0.157136
0.094845	0.153649
0.088139	0.114581
0.110622	0.297572
0.112680	0.398323
0.096362	0.168633
0.137153	0.410774
0.133134	0.274255
0.169014	0.268732
0.153238	0.190016
0.152714	0.238234
0.117031	0.191346
0.174495	0.291407
0.118594	0.131046
0.129142	0.176925
0.211932	0.346509
0.094470	0.102028
0.132173	0.251128
0.160528	0.191831
0.276319	0.780601
0.205854	0.233645
0.206002	0.282223
0.124951	0.163061
0.189459	0.227351
0.094824	0.181588
0.102508	0.127110
0.096717	0.156199
0.095528	0.141381
0.107417	0.138568
0.100452	0.150678
0.152454	0.325489
0.130866	0.271548
0.074075	0.097408
0.082165	0.188568
0.177697	0.675250
0.067205	0.123658
0.093475	0.152364
0.091387	0.129769
0.094020	0.128807
0.117431	0.222533
0.103339	0.242330
0.102123	0.162886
0.099850	0.181228
0.153159	0.234333
0.145245	0.548300
0.253668	0.829495
0.074449	0.174583
0.099429	0.396225
0.090773	0.326327
0.128890	0.349935
0.122437	0.173861
0.124954	0.279271
0.100143	0.156724
0.080509	0.128010
0.088544	0.158936
0.086098	0.092125
0.101891	0.265935
0.160120	0.479560
0.081843	0.128084
0.079391	0.141713
0.082881	0.124736
0.125590	0.348512
0.105316	0.149549
0.248621	0.605393
0.192274	0.188429
0.214485	0.724960
0.214940	0.353577
0.148742	0.235756
0.118176	0.114039
0.217679	0.202441
0.136938	0.276614
0.102607	0.225735
0.160800	0.393959
0.110051	0.135363
0.246829	0.509702
0.285150	0.424874
0.256675	0.381163
0.106986	0.206483
0.150975	0.268735
0.158340	0.279470
0.079143	0.160265
0.131850	0.318419
0.136000	0.295120
0.080462	0.156901
0.080774	0.142971
0.152524	0.372159
0.118907	0.269324
0.105161	0.154061
0.138873	0.263165
0.099388	0.142125
0.151150	0.200274
0.120790	0.123810
0.118769	0.216754
0.191482	0.406900
0.166472	0.144830
0.187298	0.198536
0.090485	0.183684
0.083598	0.152985
0.137296	0.385115
0.170193	0.268905
0.153574	0.219611
0.105715	0.107300
0.208562	0.442151
0.148790	0.209795
0.277156	1.036563
0.099668	0.145017
0.223049	0.305577
0.220513	0.190744
0.338985	0.469494
0.167551	0.160849
0.191107	0.202573
0.128773	0.153884
0.133408	0.224126
0.129723	0.223124
0.171476	0.240924
0.181902	0.429289
0.093717	0.115271
0.156172	0.188187
0.267041	0.682289
0.199237	0.229123
0.225492	0.180394
0.317939	0.343374
0.180091	0.247625
0.240797	0.233573
0.507472	0.801806
0.397719	0.956513
0.274771	0.200583
0.274851	0.364178
0.132668	0.120065
0.272225	0.500894
0.285757	0.315761
0.323090	0.557330
0.196544	0.254524
0.175453	0.145626
0.195715	0.413936
0.232046	0.243648
0.216478	0.163441
0.209924	0.581490
0.286055	0.416210
0.226669	0.478271
0.162613	0.224406
0.300607	0.414838
0.234296	0.267098
0.196357	0.268028
0.241823	0.368779
0.178894	0.484802
0.180240	0.544326
0.259794	0.741712
0.176321	0.241560
0.228488	0.429558
0.227717	0.267567
0.208485	0.131346
0.188298	0.139340
0.232969	0.331981
0.324416	0.528798
0.156126	0.129585
0.277532	0.176233
0.197891	0.346310
0.186600	0.216456
0.234194	0.257614
0.143067	0.135913
0.257608	0.396716
0.298278	0.284855
0.285324	0.995782
0.200162	0.174141
0.210314	0.187180
0.287335	0.290208
0.163248	0.173859
0.236722	0.159787
0.361343	1.794066
0.280998	0.566211
0.209888	0.345266
0.177423	0.170326
0.215060	0.167747
0.137842	0.122679
0.219718	0.142817
0.246052	0.212835
0.305639	0.354541
0.139114	0.125202
0.173737	0.231939
0.308725	0.381275
0.381386	1.342480
0.223343	0.201009
0.376833	0.357992
0.315400	0.507795
0.284642	0.305990
0.160088	0.145680
0.258475	0.582862
0.152681	0.225968
0.291668	0.613961
0.175803	0.157344
0.235531	0.466351
0.132686	0.245469
0.190904	0.368445
0.163314	0.271101
0.324274	1.381406
0.155239	0.132729
0.243119	0.465573
0.265193	0.458784
0.234742	0.467136
0.282737	0.426933
0.252636	0.442114
0.179901	0.177202
0.212215	0.219643
0.144590	0.159049
0.243617	0.538394
0.326085	0.666845
0.329141	0.278124
0.340444	0.330231
0.183417	0.135728
0.177057	0.131908
0.331098	0.700272
0.159050	0.159050
0.207990	0.342143
0.292247	0.341929
0.396139	0.883390
0.163824	0.163824
0.218035	0.255101
0.126115	0.169625
0.243942	0.992846
0.159747	0.162143
0.131519	0.441902
0.119972	0.142166
0.138986	0.118833
0.154405	0.205359
0.382910	2.163440
0.307773	1.458845
0.100765	0.175332
0.095607	0.202687
0.108305	0.140796
0.088015	0.233239
0.102464	0.144474
0.119643	0.160920
0.082656	0.188455
0.129808	0.128510
0.215912	0.437223
0.245673	0.282524
0.243350	0.517119
0.135024	0.205237
0.235292	0.221175
0.251901	0.727995
0.189493	0.251078
0.191432	0.333091
0.095724	0.129706
0.204400	0.339304
0.177030	0.288559
0.111592	0.171293
0.089255	0.166908
0.156580	0.283410
0.149308	0.197087
0.242554	0.234064
0.217540	0.197961
0.239280	0.275172
0.366054	1.559388
0.176631	0.197827
0.167628	0.240546
0.157541	0.285150
0.102407	0.142346
0.161010	0.257617
0.087168	0.160825
0.113821	0.243578
0.122705	0.258295
0.117146	0.176891
0.083716	0.119714
0.223017	0.189564
0.095318	0.136304
0.146093	0.202339
0.084905	0.115046
0.116436	0.174072
0.220944	0.666146
0.157253	0.269689
0.098343	0.142597
0.098729	0.167839
0.294442	1.492819
0.170160	0.182072
0.183376	0.268646
0.215367	0.267055
0.122244	0.105741
0.145237	0.277403
0.215209	0.480993
0.266575	0.515822
0.176034	0.196277
0.177124	0.346277
0.133917	0.260468
0.081886	0.115050
0.142063	0.250741
0.184886	0.415068
0.193716	0.571462
0.161203	0.336108
0.234238	0.156940
0.215387	0.258465
0.289742	0.427369
0.423840	2.261188
0.270943	0.923915
0.173705	0.219736
0.132213	0.166589
0.117890	0.149720
0.124156	0.294249
0.130295	0.240394
0.272208	0.295345
0.175032	0.272175
0.180756	0.380491
0.263404	0.555783
0.156598	0.248991
0.159561	0.145200
0.133150	0.200390
0.144812	0.214321
0.183058	0.361539
0.156378	0.186872
0.123048	0.225792
0.174809	0.646795
0.114155	0.205478
0.090653	0.163176
0.102738	0.273282
0.185942	0.453699
0.207461	0.779018
0.098304	0.129270
0.171779	0.365890
0.173009	0.131487
0.231914	0.207563
0.187806	0.323965
0.277291	0.456143
0.162096	0.336349
0.110633	0.133313
0.189604	0.287251
0.147063	0.199271
0.170370	0.301555
0.200640	0.323030
0.194168	0.167956
0.251625	0.271755
0.146814	0.372908
0.095057	0.134982
0.117975	0.197018
0.157463	0.300755
0.090746	0.209169
0.138115	0.173334
0.126804	0.209227
0.128440	0.186238
0.217567	0.790855
0.071083	0.193345
0.101409	0.125240
0.141546	0.281677
0.157462	0.240917
0.125083	0.176367
0.122029	0.151316
0.106790	0.123877
0.109854	0.141711
0.155772	0.415131
0.128293	0.325223
0.157323	0.295768
0.123869	0.348071
0.145925	0.398375
0.103413	0.192865
0.134518	0.214557
0.069904	0.117090
0.157385	0.170763
0.133813	0.167936
0.155036	0.340303
0.200709	0.491738
0.137617	0.172709
0.178382	0.582417
0.068821	0.174116
0.111669	0.329982
0.082697	0.128594
0.071184	0.141655
0.213524	0.927761
0.134343	0.450722
0.105774	0.207846
0.103007	0.384732
0.168262	0.311285
0.258957	0.668109
0.152085	0.184784
0.148558	0.369909
0.229974	0.493294
0.269452	0.536210
0.191974	0.485693
0.134769	0.157005
0.178961	0.180751
0.124755	0.128497
0.151225	0.235155
0.101866	0.127332
0.231147	0.760474
0.160922	0.366098
0.145259	0.177216
0.280609	0.289027
0.265043	0.499606
0.180756	0.291017
0.204858	0.461956
0.213559	0.341695
0.131716	0.168596
0.110047	0.129305
0.110018	0.200233
0.155127	0.411862
0.101032	0.259147
0.076613	0.184253
0.106772	0.140405
0.134976	0.300322
0.144116	0.170057
0.098057	0.132867
0.113647	0.164221
0.112273	0.234088
0.219193	0.496471
0.178516	0.173161
0.127012	0.128282
0.162106	0.182370
0.127670	0.180014
0.202360	0.179089
0.248845	0.563634
0.150057	0.340629
0.091319	0.204098
0.102972	0.117903
0.124692	0.171451
0.121407	0.185146
0.137728	0.230694
0.217994	0.338981
0.192486	0.342626
0.250126	0.373938
0.132197	0.116994
0.093426	0.109308
0.183537	0.367074
0.163845	0.285910
0.121985	0.123815
0.229990	0.501378
0.136920	0.148558
0.160529	0.398112
0.117630	0.168800
0.181003	0.292319
0.118332	0.102949
0.205920	0.233719
0.101276	0.168625
0.220442	0.343890
0.114337	0.170362
0.109049	0.188654
0.101940	0.128444
0.150909	0.245227
0.186235	0.216963
0.283085	0.482660
0.210775	0.198128
0.220748	0.188740
0.276491	0.338701
0.199854	0.179868
0.286717	0.266647
0.359899	0.709001
0.456161	1.074260
0.256693	0.247709
0.201378	0.184261
0.407289	0.694428
0.331131	0.369211
0.235765	0.343038
0.137550	0.131360
0.151155	0.208594
0.152325	0.216301
0.155796	0.270305
0.234834	0.434443
0.189332	0.146732
0.220954	0.183392
0.287571	0.199862
0.357389	0.164399
0.216357	0.229339
0.201518	0.217640
0.278519	0.530578
0.215467	0.244555
0.217271	0.178162
0.213789	0.245858
0.253655	0.460384
0.256189	0.228008
0.217579	0.335071
0.212583	0.250848
0.248690	0.288481
0.240433	0.490483
0.137802	0.118509
0.206709	0.763790
0.153167	0.176907
0.131087	0.184832
0.151013	0.449264
0.126199	0.242302
0.189878	0.300007
0.096684	0.102485
0.126063	0.188464
0.069842	0.142478
0.255482	0.379391
0.158246	0.149543
0.162750	0.253076
0.146032	0.143112
0.162694	0.327828
0.121358	0.129853
0.265351	0.460385
0.113046	0.140177
0.269925	0.657267
0.117416	0.198433
0.132216	0.184442
0.234030	0.542951
0.209719	0.252712
0.228515	0.751815
0.065803	0.108575
0.147365	0.114945
0.116524	0.122933
0.210932	0.349093
0.202882	0.412866
0.123133	0.252423
0.129233	0.226157
0.176913	0.681115
0.171809	0.196721
0.219643	0.311893
0.121141	0.184134
0.132411	0.186700
0.126493	0.248558
0.120055	0.168078
0.126451	0.161225
0.150588	0.172423
0.107450	0.234779
0.175395	0.138562
0.167228	0.332783
0.123279	0.194781
0.110065	0.264707
0.074323	0.127464
0.083279	0.117424
0.224815	2.223420
0.121608	0.455422
0.119278	0.186670
0.169072	0.436205
0.213329	0.340260
0.149329	0.213540
0.131992	0.172910
0.210729	0.273948
0.333620	0.563819
0.136941	0.273882
0.215868	0.351865
0.206663	0.261429
0.361823	0.758020
0.134534	0.135207
0.187987	0.254722
0.198533	0.308719
0.153776	0.106874
0.311255	0.490226
0.177883	0.128076
0.200178	0.168149
0.183684	0.311344
0.168120	0.191656
0.208755	0.191011
0.135195	0.127759
0.224341	0.300617
0.182028	0.287604
0.177221	0.157727
0.172283	0.232582
0.117162	0.139422
0.169237	0.156544
0.184806	0.592303
0.115579	0.216132
0.128385	0.182306
0.194753	0.232730
0.174912	0.285981
0.133782	0.264888
0.099377	0.137140
0.137678	0.198945
0.089652	0.176167
0.173849	0.198188
0.145031	0.145756
0.103388	0.196438
0.132068	0.264136
0.198557	0.286915
0.199207	0.157373
0.107535	0.147323
0.105828	0.207423
0.137795	0.268011
0.065418	0.280970
0.042274	0.274778
0.086123	0.561955
0.114738	0.406748
0.112982	0.211276
0.182931	0.210370
0.178133	0.272543
0.129222	0.189310
0.170457	0.271878
0.155890	0.436492
0.186732	0.295971
0.204382	0.353581
0.242882	0.540413
0.102582	0.141050
0.123957	0.177879
0.225042	0.362317
0.107324	0.130935
0.140000	0.156100
0.145671	0.305181
0.127662	0.230430
0.133795	0.196009
0.173048	0.192083
0.157456	0.248780
0.178942	0.155679
0.302025	0.937787
0.209264	0.204032
0.162506	0.212070
0.110247	0.154897
0.134768	0.163743
0.157415	0.161351
0.170061	0.209174
0.255011	1.026418
0.140835	0.197169
0.145112	0.164702
0.106982	0.122495
0.133134	0.231653
0.251797	0.172481
0.162006	0.288370
0.200337	0.570960
0.256243	0.463800
0.210928	0.421857
0.127479	0.145326
0.114587	0.211413
0.174000	0.321901
0.187316	0.163901
0.142021	0.184627
0.115212	0.261531
0.118710	0.306271
0.118942	0.140352
0.097927	0.183124
0.130156	0.296106
0.115079	0.269861
0.095544	0.141406
0.112121	0.261242
0.200873	0.427859
0.103462	0.299524
0.088753	0.133129
0.132795	0.169977
0.107539	0.149480
0.201743	0.960295
0.215040	0.425779
0.154527	0.288192
0.154712	0.234389
0.202923	0.315545
0.212153	0.376572
0.202191	0.324517
0.265265	0.409834
0.167386	0.169897
0.199246	0.423398
0.159183	0.311999
0.182335	0.306324
0.302799	0.487507
0.411856	0.669267
0.258257	0.346065
0.466603	0.517929
0.278887	0.383470
0.424882	1.002721
0.357077	1.015885
0.297497	0.269234
0.228754	0.360288
0.372868	0.881833
0.176416	0.208171
0.217479	0.189207
0.336240	0.578332
0.288760	0.308973
0.271591	0.509233
0.157592	0.182806
0.185157	0.137942
0.196125	0.269672
0.180390	0.172273
0.268667	0.189410
0.208464	0.226184
0.378892	0.617595
0.234380	0.187504
0.262497	0.446246
0.224713	0.183141
0.140457	0.133434
0.154064	0.158686
0.279970	0.195979
0.259123	0.715181
0.267737	0.392235
0.264405	0.417759
0.362854	0.355597
0.254536	0.188357
0.176050	0.136438
0.222099	0.254303
0.310784	0.478607
0.283293	0.483015
0.287791	0.235989
0.184377	0.177002
0.238122	0.289319
0.395929	0.738408
0.320912	0.816721
0.094034	0.208285
0.246882	0.465373
0.225692	0.504421
0.174584	0.338694
0.148168	0.243736
0.200390	0.553078
0.108056	0.171269
0.109662	0.188618
0.119064	0.221458
0.130232	0.176464
0.076604	0.148229
0.115372	0.192095
0.159015	0.188433
0.115035	0.190959
0.099364	0.159479
0.116031	0.204795
0.058357	0.179155
0.093830	0.232698
0.112470	0.445382
0.087557	0.152349
0.130771	0.258273
0.090181	0.142035
0.209243	0.924853
0.198620	0.335668
0.078146	0.119173
0.112939	0.185220
0.094249	0.132420
0.094302	0.132965
0.128739	0.318630
0.135856	0.241824
0.159501	0.176248
0.177695	0.634370
0.100885	0.258267
0.077791	0.149359
0.082521	0.127908
0.127483	0.284925
0.179805	0.385681
0.154355	0.171334
0.205370	0.297786
0.290359	0.808649
0.142986	0.252370
0.267172	0.566404
0.273360	0.415507
0.306128	0.647461
0.144247	0.146411
0.191388	0.334928
0.178963	0.229967
0.183285	0.181452
0.159913	0.350209
0.210168	0.509657
0.118758	0.207232
0.139902	0.148296
0.215525	0.193973
0.212817	0.201112
0.190691	0.161134
0.249390	0.511250
0.333513	1.279022
0.336685	0.378770
0.125559	0.089147
0.179116	0.169265
0.274909	0.446727
0.299121	0.725367
0.302778	0.682765
0.211228	0.160533
0.338363	0.730864
0.326135	0.228295
0.336055	1.750844
0.323938	0.375768
0.222241	0.254466
0.162731	0.166799
0.212371	0.280329
0.281442	1.158135
0.193740	0.241207
0.207512	0.162897
0.218662	0.258021
0.124363	0.128094
0.196467	0.260319
0.350224	1.647802
0.222480	0.180209
0.260087	0.383628
0.190120	0.153047
0.180077	0.116149
0.282782	0.339338
0.224079	0.156855
0.191747	0.167778
0.171657	0.155350
0.220497	0.246956
0.210217	0.251210
0.177905	0.376268
0.322059	0.539448
0.186543	0.246237
0.157351	0.124307
0.335704	0.503557
0.192899	0.205438
0.197912	0.213745
0.373455	0.416402
0.201748	0.238063
0.373923	0.600147
0.375703	0.340011
0.351142	0.158014
0.226624	0.264018
0.226571	0.248096
0.225709	0.129783
0.282200	0.145333
0.348006	0.649031
0.175098	0.170721
0.316874	0.564036
0.128127	0.112752
0.246298	0.423632
0.197900	0.263207
0.146411	0.106880
0.226450	0.485735
0.289696	0.753210
0.168239	0.157304
0.253828	0.255098
0.225885	0.318498
0.261420	0.189530
0.195729	0.138968
0.279026	0.212060
0.258892	0.296432
0.345720	0.357820
0.147261	0.192912
0.246976	0.285257
0.302451	0.423431
0.208135	0.159223
0.229011	0.443137
0.295456	0.548072
0.230419	0.279959
0.265469	0.635798
0.150685	0.118287
0.138266	0.161772
0.144970	0.141346
0.157022	0.204129
0.123366	0.137553
0.174418	0.273836
0.203759	0.334165
0.118526	0.168899
0.149068	0.272794
0.145425	0.500263
0.113585	0.151068
0.158820	0.316052
0.103603	0.174571
0.135514	0.201238
0.124115	0.186792
0.223017	0.342331
0.145783	0.270427
0.119866	0.133650
0.095247	0.188588
0.077743	0.123612
0.114345	0.325311
0.187237	0.174131
0.209326	0.344341
0.137828	0.136450
0.140412	0.221851
0.148730	0.408265
0.148310	0.229881
0.207772	0.256598
0.152000	0.200639
0.133539	0.330509
0.135913	0.212025
0.190393	0.446472
0.195589	0.501686
0.140338	0.388737
0.145187	0.286744
0.144720	0.281480
0.078033	0.118610
0.085807	0.146301
0.107086	0.156880
0.199280	1.071131
0.112711	0.154978
0.097934	0.384881
0.071134	0.155428
0.158370	0.489365
0.112659	0.270945
0.093679	0.185485
0.107443	0.167611
0.124488	0.377199
0.075265	0.173862
0.156338	0.161029
0.212920	0.597241
0.160417	0.229396
0.120796	0.117172
0.165112	0.387187
0.189426	0.249096
0.227328	0.200049
0.148548	0.247333
0.176060	0.284337
0.126969	0.210133
0.163650	0.370667
0.192435	0.488786
0.099013	0.131688
0.120572	0.209193
0.102466	0.138841
0.117434	0.611834
0.113637	0.173865
0.198708	0.620964
0.179772	0.437746
0.162726	0.336029
0.126067	0.247722
0.102233	0.130347
0.107079	0.289113
0.101057	0.112679
0.135139	0.243250
0.192443	0.280005
0.111347	0.197641
0.162058	0.196900
0.116207	0.147002
0.171546	0.440014
0.144323	0.364417
0.087250	0.127821
0.158421	0.180600
0.115366	0.157475
0.171410	0.168839
0.100044	0.249110
0.115941	0.199998
0.116326	0.158204
0.184918	0.479862
0.083969	0.125534
0.157466	0.209430
0.113944	0.196554
0.192954	0.353106
0.217035	0.289742
0.196754	0.259715
0.141842	0.135459
0.215836	0.700388
0.252028	0.572104
0.166157	0.234281
0.144141	0.220535
0.160503	0.231926
0.201911	0.466415
0.232490	0.546351
0.170806	0.251938
0.127871	0.136822
0.128961	0.261790
0.144194	0.248735
0.209526	0.673627
0.183636	0.414099
0.261145	1.333144
0.325679	1.172444
0.113555	0.277641
0.116714	0.203666
0.301156	0.346329
0.111821	0.162699
0.184791	0.348332
0.160688	0.165509
0.148803	0.622740
0.138973	0.194562
0.165810	0.441055
0.115759	0.161483
0.155136	0.252096
0.172928	0.205784
0.132431	0.111905
0.135975	0.142773
0.172605	0.282209
0.110473	0.112130
0.137897	0.273035
0.207733	0.558801
0.194061	0.246458
0.224124	0.535657
0.112697	0.156085
0.129451	0.151458
0.182585	0.392558
0.127499	0.150449
0.130673	0.139166
0.143490	0.111922
0.284463	0.386869
0.369533	0.567233
0.222101	0.356472
0.278690	0.289838
0.201249	0.214330
0.198453	0.208376
0.192236	0.153789
0.287100	0.255519
0.248483	0.162756
0.496257	0.682353
0.339624	0.241133
0.559358	0.651652
0.291347	0.260756
0.199118	0.154316
0.256105	0.382877
0.372520	0.566231
0.342016	0.307814
0.422972	0.638687
0.376909	0.422138
0.254618	0.234248
0.420891	0.549263
0.390421	1.151743
0.308336	0.245127
0.181317	0.131455
0.266454	0.295764
0.298041	0.241413
0.370511	0.477959
0.251080	0.350256
0.161396	0.252584
0.146324	0.267042
0.128016	0.206106
0.152484	0.149434
0.185486	0.623232
0.091256	0.149203
0.175561	0.220329
0.184288	0.271825
0.139082	0.329624
0.187885	0.652899
0.160050	0.284888
0.119521	0.106971
0.133738	0.224011
0.189321	0.497915
0.276095	0.916636
0.108369	0.188561
0.168198	0.173244
0.158748	0.219072
0.176955	0.163683
0.169551	0.232285
0.171718	0.258436
0.222252	0.250034
0.029197	0.136644
0.099183	0.123979
0.122765	0.237550
0.167947	0.334214
0.145265	0.262204
0.085041	0.160728
0.094209	0.129066
0.160403	0.226970
0.152380	0.479235
0.138290	0.235094
0.240183	0.465955
0.206654	0.220086
0.180396	0.416715
0.129722	0.155018
0.154083	0.228043
0.069591	0.164931
0.120689	0.171982
0.127021	0.247691
0.135176	0.424453
0.169110	0.608795
0.183472	0.651325
0.127741	0.196083
0.092130	0.130363
0.278526	0.591868
0.139147	0.165585
0.202461	0.843250
0.119552	0.133300
0.060746	0.124226
0.074887	0.159134
0.056244	0.111926
0.043903	0.146856
0.102834	0.214409
0.108238	0.202946
0.170187	0.340373
0.143228	0.350910
0.154766	0.253042
0.153260	0.160923
0.127718	0.235001
0.146259	0.437314
0.170190	0.301237
0.190628	0.259254
0.119202	0.243172
0.129941	0.304063
0.185281	0.289965
0.132763	0.193833
0.119644	0.216556
0.155937	0.180887
0.170997	0.299245
0.212830	0.632106
0.237558	0.520252
0.169577	0.172121
0.103533	0.112851
0.256150	0.596829
0.107740	0.140061
0.165232	0.319723
0.107993	0.165229
0.273956	0.346554
0.232230	0.459815
0.164887	0.169010
0.118614	0.170211
0.237058	0.823777
0.252626	0.629040
0.260016	0.579836
0.109100	0.115647
0.204459	0.263753
0.219597	0.420529
0.193427	0.321089
0.227992	0.615578
0.146999	0.317518
0.258395	0.354002
0.504138	1.998909
0.307577	0.848912
0.047990	0.126693
0.209674	0.343865
0.144956	0.214534
0.157362	0.184900
0.104697	0.174844
0.174832	0.312949
0.136801	0.205886
0.148672	0.220778
0.130331	0.306930
0.239938	0.470279
0.176677	0.278266
0.287923	0.332551
0.278744	0.618812
0.266545	0.271876
0.119370	0.203527
0.245704	0.303444
0.307277	0.258113
0.203849	0.556506
0.107123	0.212103
0.154251	0.554533
0.147857	0.162643
0.154226	0.331585
0.143518	0.406156
0.120496	0.175925
0.148745	0.194112
0.132429	0.278763
0.215668	0.279289
0.212149	0.378686
0.277903	0.461319
0.281447	0.426392
0.278562	0.788330
0.232024	0.209982
0.216438	0.475082
0.145715	0.134786
0.211068	0.314492
0.146830	0.267965
0.165440	0.315991
0.175176	0.534288
0.124289	0.183327
0.391511	2.090669
0.130573	0.319250
0.143353	0.189943
0.181290	0.467727
0.198942	0.563005
0.129652	0.236614
0.168233	0.268332
0.143521	0.287042
0.164427	0.305834
0.159295	0.185578
0.116263	0.351695
0.138956	0.406447
0.142539	0.667797
0.150098	0.415771
0.118502	0.161755
0.105012	0.156467
0.062004	0.127108
0.076140	0.181976
0.113191	0.341271
0.069582	0.134988
0.072372	0.150895
0.114040	0.190446
0.090139	0.156842
0.093869	0.214491
0.081049	0.204244
0.109888	0.249995
0.071811	0.122078
0.080128	0.191506
0.164127	0.502228
0.253540	0.418341
0.175448	0.145622
0.113614	0.124407
0.114173	0.136437
0.072018	0.138635
0.072560	0.125892
0.192293	0.282671
0.115988	0.138605
0.108442	0.163747
0.100157	0.187294
0.104496	0.168760
0.099564	0.377346
0.086838	0.153703
0.104134	0.170259
0.160888	0.365215
0.125094	0.240807
0.123219	0.273547
0.121507	0.331106
0.261253	0.606106
0.104301	0.146542
0.230811	0.380839
0.179567	0.639257
0.200297	0.464689
0.155395	0.198129
0.177011	0.449609
0.226811	0.180314
0.331241	0.758542
0.340220	0.734875
0.126001	0.169472
0.182068	0.441515
0.140754	0.214651
0.160336	0.171560
0.125581	0.224162
0.144881	0.179653
0.253127	0.218955
0.127805	0.142502
0.228689	0.254988
0.282243	0.245551
0.374317	0.786066
0.406866	0.620470
0.242441	0.317597
0.345465	0.290191
0.152941	0.155236
0.300914	0.621388
0.199032	0.182115
0.236209	0.259830
0.165467	0.154712
0.173983	0.353186
0.209793	0.261193
0.198915	0.446563
0.179465	0.286247
0.112220	0.136908
0.244815	0.319484
0.397422	0.963747
0.320171	0.401815
0.333053	0.239798
0.150221	0.165243
0.271663	0.338221
0.284010	0.333712
0.308381	0.980653
0.203071	0.225408
0.190155	0.572365
0.108383	0.163116
0.165504	0.278874
0.248129	0.485092
0.264049	0.356466
0.238744	0.237550
0.190282	0.268298
0.203994	0.284571
0.134963	0.184899
0.257657	0.310477
0.158373	0.161540
0.162917	0.276144
0.145536	0.138987
0.134812	0.219069
0.157897	0.168950
0.218928	0.430193
0.150028	0.321060
0.421111	3.981602
0.129207	0.195102
0.127857	0.185392
0.135707	0.215096
0.148723	0.136825
0.130975	0.131630
0.349503	0.858030
0.222003	0.441786
0.174495	0.544425
0.163894	0.322051
0.237899	0.940889
0.269868	0.632841
0.106591	0.118849
0.148511	0.160392
0.148914	0.419936
0.094949	0.103020
0.141289	0.272689
0.120314	0.148588
0.158060	0.314539
0.115175	0.129572
0.209067	0.765187
0.189266	0.457077
0.147748	0.160307
0.134921	0.234763
0.243131	0.522732
0.169022	0.188460
0.157006	0.389375
0.133671	0.222563
0.189583	0.347884
0.109645	0.178173
0.172318	0.410978
0.151676	0.163051
0.372030	0.366449
0.358987	0.597713
0.333228	0.631468
0.267668	0.159262
0.224656	0.223533
0.151760	0.204876
0.271422	0.185924
0.191726	0.153381
0.241104	0.455686
0.233097	0.228435
0.180915	0.309365
0.335228	1.942644
0.198521	0.430791
0.196830	0.406455
0.286024	0.320347
0.205090	0.182530
0.135231	0.151459
0.348698	0.714830
0.118662	0.118069
0.303004	0.484806
0.225260	0.433626
0.132802	0.337317
0.313596	0.653847
0.200216	0.263284
0.287700	0.302085
0.243759	0.283980
0.226913	0.201952
0.203849	0.212002
0.214948	0.232144
0.210103	0.318306
0.226103	0.313153
0.164883	0.200333
0.226304	0.475238
0.139057	0.177993
0.129388	0.219313
0.265629	0.559150
0.135353	0.175282
0.093154	0.180718
0.162107	0.229382
0.181434	0.386455
0.124613	0.155144
0.143665	0.495644
0.126983	0.300949
0.075149	0.150299
0.107684	0.174448
0.135493	0.310278
0.229124	0.294425
0.243161	0.453494
0.228003	0.393305
0.276338	0.421415
0.120242	0.216436
0.127150	0.199625
0.201936	0.303913
0.136390	0.197765
0.209064	0.335547
0.120791	0.149781
0.155405	0.385405
0.162860	0.262204
0.094332	0.151874
0.209733	0.433098
0.146127	0.862149
0.215993	0.456825
0.149958	0.312662
0.165587	0.196220
0.177115	0.232021
0.217469	0.392531
0.264427	0.598926
0.129958	0.117612
0.311372	0.493525
0.179688	0.165313
0.193274	0.138191
0.309720	0.574530
0.138219	0.129234
0.185924	0.182206
0.229460	0.157180
0.153818	0.147665
0.211561	0.247526
0.112075	0.172035
0.092375	0.104846
0.149644	0.159370
0.174498	0.283559
0.201186	0.448645
0.185536	0.194813
0.208919	0.186982
0.133775	0.129761
0.238748	0.329473
0.206167	0.203075
0.248136	0.295282
0.143518	0.132037
0.250141	0.432743
0.161025	0.166661
0.180264	0.312758
0.118221	0.151323
0.131574	0.179598
0.187502	0.169689
0.400232	1.432830
0.315007	0.582763
0.177849	0.174292
0.181724	0.201714
0.378954	1.756453
0.218468	0.391058
0.236854	0.396731
0.172279	0.216211
0.238104	0.373824
0.261039	0.442462
0.145679	0.234544
0.353969	0.787581
0.226443	0.383821
0.220963	0.266260
0.197837	0.303680
0.232274	0.240404
0.322209	0.683083
0.354548	0.453821
0.222499	0.259212
0.316772	0.636712
0.252676	0.477558
0.192638	0.289921
0.278976	1.046158
0.200454	0.398904
0.149258	0.176870
0.177725	0.579382
0.116688	0.137692
0.108873	0.205225
0.113647	0.160242
0.084990	0.191653
0.143236	0.497746
0.098401	0.165314
0.073192	0.236045
0.082107	0.127676
0.079577	0.123742
0.156236	0.668691
0.092590	0.594428
0.157667	0.265668
0.161454	0.463374
0.075345	0.135621
0.073197	0.160302
0.184732	0.266015
0.351716	0.225098
0.362926	0.595199
0.266314	0.272972
0.413580	0.444599
0.451296	1.078597
0.260254	0.214709
0.267559	0.508361
0.146603	0.137806
0.191342	0.129156
0.330845	0.441679
0.134938	0.150456
0.258319	0.178240
0.197234	0.297823
0.323407	0.532004
0.192579	0.182950
0.313909	0.409651
0.208481	0.163658
0.288303	0.468492
0.164618	0.215650
0.268636	0.225654
0.256686	0.283638
0.371290	0.165224
0.234972	0.310164
0.319589	0.663147
0.161598	0.142206
0.300825	0.589617
0.276970	0.650879
0.291235	0.265024
0.229789	0.171193
0.227583	0.217341
0.218585	0.340993
0.281845	0.611604
0.196902	0.399711
0.170222	0.305548
0.123815	0.170864
0.177375	0.320163
0.186969	0.335609
0.161973	0.238910
0.149845	0.177566
0.133714	0.228652
0.102481	0.147572
0.168902	0.272776
0.119295	0.166416
0.208902	0.257994
0.144700	0.255395
0.097559	0.123413
0.288012	0.927397
0.245982	0.548539
0.178038	0.363198
0.244009	0.846710
0.113602	0.135755
0.138324	0.266966
0.194367	0.325564
0.201293	0.292881
0.132842	0.347383
0.180386	0.260658
0.197687	0.341999
0.176315	0.225683
0.195046	0.321827
0.200694	0.340176
0.169339	0.209134
0.248874	0.248874
0.214529	0.171623
0.241112	0.374929
0.174334	0.382663
0.239499	0.449060
0.182479	0.169705
0.233997	0.372055
0.256298	0.199912
0.178836	0.278090
0.176186	0.244018
0.235657	0.529049
0.131565	0.151299
0.166101	0.274067
0.279784	0.937277
0.178527	0.260650
0.291367	1.124678
0.207293	0.308866
0.255958	0.286673
0.200493	1.031534
0.169776	0.443963
0.227015	0.334847
0.113606	0.165865
0.235458	0.540377
0.126727	0.160310
0.180219	0.299164
0.183679	0.518894
0.230674	0.622819
0.100996	0.188357
0.113743	0.286063
0.074582	0.102923
0.107266	0.275673
0.126002	0.240034
0.125018	0.268788
0.133200	0.336330
0.127091	0.167124
0.113530	0.235575
0.070629	0.130664
0.171754	0.345225
0.096824	0.225601
0.116979	0.198280
0.105079	0.157093
0.138701	0.260065
0.103379	0.142147
0.151429	0.184744
0.186020	0.519925
0.090812	0.138942
0.112384	0.316361
0.127485	0.172742
0.190648	0.338401
0.159509	0.140368
0.265682	0.471586
0.218973	0.528820
0.130517	0.193818
0.169033	0.274679
0.134798	0.295882
0.169438	0.346501
0.175700	0.220504
0.140029	0.282158
0.171544	0.225581
0.144943	0.269594
0.157625	0.388545
0.182594	0.490264
0.149997	0.179996
0.099565	0.181707
0.108777	0.191991
0.120139	0.286532
0.130410	0.410793
0.075704	0.108256
0.189561	0.705167
0.073610	0.143908
0.101949	0.139160
0.081299	0.157314
0.082507	0.230194
0.160219	0.122567
0.218870	0.164152
0.274396	0.428058
0.222425	0.160146
0.198874	0.176003
0.256294	0.242198
0.204458	0.127786
0.222578	0.239272
0.254591	0.299144
0.161844	0.261378
0.143177	0.125996
0.148909	0.201027
0.095221	0.122359
0.167137	0.411994
0.331484	1.171796
0.220260	0.235678
0.268607	0.530498
0.105805	0.167700
0.320905	0.967528
0.147376	0.246854
0.190331	0.376855
0.138439	0.172356
0.093914	0.123497
0.155449	0.357533
0.095514	0.091693
0.248122	0.486320
0.205769	0.787065
0.127779	0.201891
0.139742	0.403156
0.173494	0.326169
0.123140	0.209954
0.128822	0.208691
0.111360	0.138643
0.246213	0.444414
0.193264	0.433878
0.149285	0.309767
0.170994	0.218873
0.265952	0.981362
0.153140	0.124809
0.226494	0.334079
0.288194	0.576388
0.120454	0.134306
0.149603	0.123423
0.191978	0.150703
0.164003	0.144322
0.153792	0.272981
0.264025	0.471285
0.164208	0.309533
0.173550	0.162269
0.236293	0.443049
0.166558	0.168223
0.164912	0.294368
0.222173	0.580983
0.115158	0.137614
0.098986	0.298444
0.168504	0.374079
0.230795	0.430433
0.112826	0.157956
0.164457	0.180903
0.174089	0.290729
0.201776	0.460049
0.164655	0.377882
0.136661	0.258289
0.139643	0.206672
0.200128	0.430274
0.122690	0.387088
0.171323	0.681008
0.070448	0.146884
0.139329	0.537811
0.095681	0.205714
0.106714	0.189417
0.149883	0.291523
0.141817	0.175853
0.122579	0.120740
0.204949	0.664034
0.277825	0.536202
0.289721	0.211496
0.273180	0.592801
0.237577	0.130668
0.235635	0.516040
0.148079	0.191022
0.162256	0.141974
0.120132	0.168185
0.148074	0.378330
0.100834	0.150243
0.190136	0.327034
0.100967	0.192847
0.069912	0.123743
0.164986	0.278001
0.183406	0.299870
0.164241	0.179022
0.228797	0.450730
0.138774	0.239386
0.196170	0.179495
0.259363	0.239911
0.165556	0.385745
0.244643	2.271509
0.104785	0.136220
0.133693	0.135698
0.179526	0.448816
0.158368	0.232010
0.146998	0.178603
0.114056	0.134016
0.144176	0.233566
0.071458	0.177930
0.195928	0.283116
0.226432	0.365688
0.142993	0.216634
0.199991	0.584975
0.132814	0.243714
0.122786	0.224085
0.153168	0.281829
0.126014	0.292352
0.182108	0.291373
0.202291	0.355022
0.293931	2.959881
0.122718	0.150329
0.160975	0.217316
0.175509	0.239570
0.220128	0.355507
0.248933	0.312411
0.191107	0.256083
0.102944	0.171402
0.164784	0.180439
0.203143	0.224474
0.185388	0.204854
0.320223	1.477829
0.233153	0.311259
0.192276	0.256688
0.241575	0.227080
0.189890	0.187042
0.207919	0.240146
0.175535	0.233462
0.275495	0.688738
0.132891	0.148174
0.271080	0.223641
0.271842	0.407762
0.238415	0.243183
0.236165	0.565616
0.236485	0.597126
0.199148	0.271838
0.240194	0.888718
0.194732	0.593933
0.146225	0.336317
0.149908	0.312557
0.121425	0.195495
0.147698	0.359645
0.185950	0.305887
0.172020	0.330278
0.118499	0.161751
0.138127	0.236198
0.173547	0.194373
0.120618	0.251488
0.216685	0.490791
0.114450	0.291275
0.072234	0.128938
0.129293	0.232727
0.065765	0.140408
0.110145	0.193856
0.117250	0.303679
0.132828	0.179982
0.178925	0.493834
0.068686	0.218077
0.154532	0.404873
0.098134	0.209516
0.081237	0.210403
0.116694	0.302822
0.068437	0.138585
0.108130	0.171386
0.103180	0.192946
0.129388	0.302767
0.089629	0.139374
0.258491	0.412293
0.326137	0.358750
0.124964	0.228685
0.239584	0.457605
0.192737	0.242849
0.190688	0.234546
0.222587	0.755682
0.117485	0.281377
0.045990	0.159816
0.079863	0.184483
0.141825	0.230465
0.201069	0.347850
0.281144	0.431555
0.155707	0.156485
0.163089	0.163089
0.158132	0.250639
0.153774	0.203750
0.216111	0.462479
0.157255	0.203645
0.178064	0.184297
0.192891	0.268119
0.159982	0.158383
0.231248	0.492559
0.179130	0.227495
0.113840	0.142301
0.161462	0.226854
0.100129	0.204262
0.092714	0.150661
0.184587	0.220581
0.113085	0.152665
0.214380	0.314067
0.189725	0.411704
0.124170	0.235924
0.137911	0.247551
0.075801	0.115976
0.136501	0.267542
0.160432	0.217385
0.078181	0.135253
0.170485	0.249761
0.288294	0.443973
0.240522	0.215268
0.196505	0.180785
0.264312	0.485013
0.291474	0.415351
0.255016	0.471780
0.218670	0.299578
0.199759	0.477424
0.181414	0.234025
0.126221	0.135056
0.251605	0.362311
0.164346	0.213649
0.381681	0.738553
0.170023	0.144520
0.285381	0.443767
0.237976	0.249874
0.269549	0.668481
0.210094	0.392875
0.186272	0.370681
0.179112	0.193441
0.152405	0.208033
0.223783	0.321128
0.234066	0.436532
0.137356	0.223890
0.229903	0.390836
0.205650	0.352690
0.231253	0.420881
0.218178	0.450538
0.166338	0.250339
0.177260	0.221575
0.163823	0.204779
0.198394	0.585262
0.107075	0.168644
0.188209	0.248436
0.135040	0.111408
0.209318	0.317117
0.188985	0.232452
0.177206	0.184294
0.174965	0.225705
0.235170	0.527956
0.081817	0.101045
0.113671	0.190967
0.085582	0.124094
0.106702	0.326508
0.080562	0.238060
0.117150	0.168111
0.050411	0.223322
0.105270	0.177907
0.075095	0.180603
0.088933	0.250791
0.175763	0.235522
0.097857	0.134064
0.136514	0.161769
0.143498	0.193004
0.109385	0.157515
0.127070	0.228091
0.202847	0.624768
0.160159	0.199398
0.205108	0.247155
0.320899	1.190535
0.125591	0.211620
0.117081	0.120008
0.153294	0.303522
0.168310	0.238158
0.180736	0.244897
0.159862	0.374877
0.120879	0.168021
0.103156	0.176396
0.145062	0.267639
0.096452	0.106580
0.207978	0.268292
0.224693	0.569597
0.157788	0.285596
0.173733	0.280579
0.237068	0.683941
0.119634	0.236875
0.085114	0.120862
0.147225	0.196545
0.188824	0.204874
0.145011	0.202290
0.212819	1.208810
0.119093	0.166135
0.135715	0.251751
0.247278	0.588522
0.114217	0.193598
0.182487	0.395998
0.243949	0.658661
0.164749	0.270189
0.162505	0.194193
0.220003	0.558808
0.129110	0.125882
0.124146	0.196772
0.151730	0.417258
0.119565	0.164402
0.111513	0.151658
0.129198	0.129844
0.102161	0.136895
0.211034	0.580343
0.114077	0.140315
0.165609	0.352747
0.148397	0.266373
0.124554	0.165035
0.076846	0.135249
0.102755	0.151050
0.093416	0.177957
0.081640	0.102458
0.144819	0.429388
0.107923	0.198039
0.189304	0.266919
0.145508	0.247364
0.167451	0.221873
0.272509	1.814912
0.163837	0.187594
0.123123	0.159444
0.194897	0.919916
0.162489	0.172238
0.095250	0.137160
0.113409	0.147432
0.139378	0.178404
0.178459	0.339964
0.221041	0.873111
0.090272	0.115096
0.150502	0.342392
0.091253	0.151936
0.091307	0.164352
0.070763	0.285527
0.056052	0.140972
0.070863	0.293727
0.068475	0.120174
0.105883	0.198001
0.116957	0.230989
0.118902	0.235427
0.151473	0.289313
0.204303	0.510757
0.169814	0.314156
0.198944	0.431707
0.189235	0.203427
0.310737	1.141960
0.208808	0.675493
0.206700	0.297648
0.238994	0.498303
0.207287	0.183449
0.227808	0.444226
0.269957	0.327998
0.157017	0.143670
0.301535	0.360334
0.195416	0.195416
0.268638	0.299532
0.177699	0.142159
0.255034	0.513893
0.197499	0.399935
0.150287	0.176588
0.150280	0.174325
0.220784	0.377541
0.191356	0.294688
0.166569	0.212375
0.121999	0.159208
0.187949	0.171973
0.227193	0.331701
0.179369	0.184751
0.231643	0.252491
0.241538	0.210138
0.162198	0.122460
0.144852	0.144127
0.157818	0.287228
0.092119	0.178712
0.115030	0.209354
0.147134	0.225116
0.131976	0.258014
0.063059	0.170258
0.067512	0.182956
0.096034	0.124844
0.312222	0.700939
0.177518	0.442020
0.197634	0.422936
0.125107	0.250214
0.117264	0.128404
0.100588	0.148870
0.096917	0.124053
0.068316	0.135950
0.096811	0.251225
0.109028	0.279656
0.150426	0.336201
0.129232	0.273972
0.154441	0.364481
0.191492	0.296812
0.095188	0.172291
0.166267	0.181231
0.138118	0.247922
0.097249	0.149278
0.170114	0.477170
0.133084	0.353338
0.140266	0.208996
0.153488	0.221023
0.263630	0.369082
0.220637	0.557109
0.168547	0.226696
0.275382	0.519095
0.278232	0.324140
0.183318	0.162236
0.196055	0.328393
0.236921	0.549656
0.129164	0.141435
0.180218	0.491995
0.176796	0.448177
0.166441	0.174763
0.096252	0.190098
0.123269	0.221883
0.111758	0.167078
0.206110	0.626576
0.129631	0.178891
0.175739	0.413865
0.063172	0.254268
0.202232	0.507601
0.114990	0.166161
0.139910	0.184681
0.146559	0.205183
0.146913	0.188048
0.240761	0.331046
0.166875	0.357947
0.215672	0.216750
0.241601	0.204153
0.184266	0.296668
0.168786	0.250647
0.166534	0.244805
0.145125	0.166168
0.235875	0.207570
0.139924	0.178403
0.159693	0.298625
0.152137	0.345351
0.436804	1.105113
0.386948	0.922872
0.212969	0.170375
0.310267	0.662420
0.409673	0.632944
0.140650	0.117443
0.219452	0.381846
0.187485	0.209046
0.359086	0.890534
0.190910	0.236729
0.276729	0.231069
0.208118	0.237255
0.377254	0.646991
0.325013	0.580149
0.193100	0.341787
0.354361	0.301207
0.516014	0.730160
0.399238	0.353326
0.362828	1.222731
0.260668	0.400126
0.202447	0.238887
0.208842	0.215107
0.261378	0.682198
0.177277	0.178163
0.281352	0.326369
0.159330	0.117904
0.272962	0.519993
0.154332	0.139671
0.098292	0.104190
0.180280	0.268617
0.309015	0.707645
0.110810	0.131309
0.194933	0.170567
0.265522	0.524406
0.236768	0.468800
0.158718	0.133323
0.223498	0.472699
0.216979	0.261459
0.237753	0.631233
0.087457	0.111508
0.214048	0.216188
0.150416	0.361750
0.234259	0.664125
0.168053	0.452062
0.205968	0.664246
0.174083	0.244586
0.269909	0.398116
0.274813	0.428708
0.283535	0.219740
0.150130	0.242460
0.194770	0.370063
0.215928	0.192176
0.247828	0.168523
0.200571	0.161459
0.429797	0.270772
0.356552	0.422514
0.237281	0.306092
0.396492	0.329088
0.226667	0.285600
0.245721	0.348924
0.279527	0.276732
0.235108	0.302113
0.269474	0.455412
0.301147	0.505926
0.167510	0.206875
0.270787	0.658012
0.200565	0.256724
0.184495	0.235230
0.155802	0.144896
0.215694	0.232949
0.182717	0.244841
0.161085	0.104705
0.193998	0.208548
0.158233	0.229438
0.148940	0.189154
0.150273	0.146516
0.124850	0.156687
0.130029	0.217148
0.269653	0.605371
0.161309	0.110497
0.177346	0.217248
0.132892	0.127576
0.266376	0.428865
0.197299	0.526788
0.145554	0.144826
0.153790	0.268364
0.207448	0.289391
0.196542	0.294813
0.113156	0.157287
0.119748	0.180820
0.107838	0.183325
0.142004	0.244246
0.091157	0.159069
0.138873	0.335379
0.111208	0.170148
0.107933	0.170533
0.171972	0.322447
0.149587	0.305157
0.219751	0.297763
0.133201	0.158509
0.216085	1.118242
0.151543	0.206856
0.154981	0.123985
0.237430	0.565084
0.114558	0.211932
0.121876	0.202314
0.090022	0.117028
0.124701	0.313623
0.151957	0.313791
0.128716	0.254214
0.102209	0.204418
0.190678	0.693115
0.281999	0.428638
0.225479	0.240135
0.269582	0.439419
0.139205	0.280498
0.200829	0.334381
0.164706	0.183647
0.185241	0.353811
0.287289	0.248505
0.154744	0.244496
0.158373	0.201925
0.129417	0.110005
0.200995	0.343701
0.189853	0.166121
0.224780	0.375383
0.197083	0.311391
0.218324	0.362418
0.168883	0.245725
0.133085	0.167687
0.199998	0.426996
0.251457	0.558235
0.128791	0.124927
0.292127	0.546278
0.163642	0.207007
0.253353	0.281222
0.275425	0.429663
0.259149	0.594746
0.344301	0.556046
0.271924	0.244731
0.157946	0.159525
0.317486	0.679419
0.190626	0.162986
0.190603	0.220146
0.223066	0.403750
0.219622	0.261350
0.312881	1.417349
0.173141	0.174872
0.179544	0.258544
0.204775	0.466887
0.258733	0.391980
0.175559	0.193993
0.316593	0.831057
0.197219	0.411201
0.173018	0.266448
0.155937	0.155937
0.193301	0.246459
0.153403	0.163374
0.120410	0.151717
0.125906	0.184453
0.145648	0.123801
0.148914	0.365583
0.106663	0.163728
0.168256	0.184240
0.330960	1.219589
0.255096	0.525498
0.198753	0.143102
0.189606	0.160217
0.174470	0.186683
0.303904	0.396595
0.215601	0.393472
0.245249	0.463521
0.222331	0.429099
0.145373	0.237684
0.113863	0.179904
0.171576	0.213612
0.274005	0.379496
0.227972	0.237091
0.270584	0.234055
0.290667	0.717949
0.256386	0.202545
0.396405	0.836415
0.399303	0.357376
0.262149	0.188747
0.223919	0.301171
0.161516	0.179283
0.264026	0.258746
0.107761	0.115843
0.161491	0.230933
0.116910	0.325010
0.106274	0.177477
0.106459	0.232613
0.111797	0.229743
0.131809	0.350612
0.116516	0.329741
0.124635	0.251762
0.104401	0.187922
0.150898	0.309341
0.123425	0.262277
0.167211	0.259177
0.192891	0.408930
0.099996	0.152493
0.098865	0.154723
0.151266	0.244295
0.245205	0.579909
0.106622	0.160999
0.150192	0.268844
0.120171	0.262573
0.138793	0.247746
0.109200	0.170898
0.111585	0.161798
0.188948	0.632976
0.133865	0.296511
0.198846	0.418572
0.090483	0.151558
0.178617	0.352768
0.162629	0.256954
0.164194	0.268458
0.252919	0.760023
0.106844	0.194989
0.233386	0.198378
0.172866	0.220404
0.151343	0.265607
0.137568	0.160267
0.117043	0.157423
0.115206	0.190665
0.219774	0.392297
0.134569	0.222039
0.122126	0.132507
0.142170	0.194062
0.104033	0.239795
0.079108	0.126177
0.147805	0.406463
0.149073	0.231809
0.119621	0.183618
0.130730	0.155569
0.133651	0.295369
0.184319	0.440521
0.085186	0.136724
0.144246	0.173096
0.227239	0.365855
0.380617	1.158978
0.122038	0.147056
0.099888	0.206270
0.055078	0.116214
0.113586	0.159588
0.149841	0.268215
0.139473	0.394710
0.146242	0.212782
0.135638	0.196675
0.165665	0.312278
0.170652	0.211609
0.242091	0.255406
0.290259	0.757576
0.197321	0.337419
0.285470	0.436770
0.288067	0.377368
0.123527	0.155644
0.355679	1.963350
0.353651	2.507386
0.161528	0.148606
0.221723	0.320390
0.223919	0.378423
0.087619	0.179181
0.136627	0.235681
0.158094	0.157304
0.240744	1.496226
0.158275	0.286478
0.118893	0.184879
0.073005	0.242375
0.078374	0.313888
0.127015	0.206399
0.143483	0.286965
0.113199	0.134707
0.224784	0.473171
0.221588	0.282524
0.370526	0.457600
0.175268	0.180526
0.300564	0.225423
0.400621	0.805248
0.315021	0.519785
0.199817	0.181834
0.234307	0.201504
0.296965	0.415750
0.195406	0.198337
0.245316	0.471007
0.217052	0.398290
0.191072	0.249349
0.295429	0.800613
0.198572	0.272044
0.304349	0.383479
0.157485	0.188194
0.193913	0.259844
0.113385	0.130960
0.219709	0.554766
0.206085	0.510060
0.180203	0.523488
0.068744	0.117209
0.223135	1.152492
0.083673	0.325071
0.099578	0.238488
0.096579	0.152595
0.098076	0.180459
0.164674	0.327702
0.087218	0.096812
0.110270	0.271815
0.104121	0.238957
0.150241	0.344051
0.117630	0.184680
0.120992	0.179068
0.106657	0.161052
0.194631	0.240369
0.131778	0.221387
0.076842	0.141006
0.141789	0.416861
0.113092	0.150978
0.260189	0.878136
0.205163	0.310821
0.179621	0.162557
0.119551	0.218778
0.137447	0.273520
0.102091	0.353746
0.173801	1.001963
0.108031	0.185813
0.114236	0.274738
0.067426	0.110916
0.080455	0.093730
0.095393	0.162168
0.218732	0.470273
0.219516	0.537814
0.188451	0.155472
0.112056	0.202822
0.171118	0.314001
0.206542	0.230294
0.213793	0.193483
0.250410	0.290476
0.332768	0.322785
0.177065	0.192116
0.189921	0.195619
0.146080	0.123438
0.232884	0.180485
0.128749	0.130037
0.209439	0.470191
0.108780	0.128360
0.186675	0.229611
0.195130	0.359039
0.168470	0.244281
0.261229	0.906464
0.096569	0.121677
0.162555	0.224326
0.123662	0.184257
0.250867	0.979634
0.117680	0.228887
0.122482	0.221080
0.064894	0.129788
0.060474	0.149976
0.125406	0.140455
0.101307	0.263905
0.069133	0.140340
0.125733	0.269697
0.147107	0.618586
0.158744	0.142076
0.296863	0.641225
0.139674	0.196940
0.262334	0.630913
0.102395	0.122362
0.166790	0.279373
0.148891	0.215892
0.206805	0.514944
0.251808	0.565308
0.118529	0.285063
0.072862	0.147546
0.126424	0.237046
0.171837	0.413267
0.100252	0.185967
0.235644	0.168485
0.337143	0.788914
0.273783	0.513343
0.319051	0.381266
0.181179	0.164873
0.253644	0.526311
0.146063	0.210330
0.197386	0.569460
0.086961	0.226099
0.158018	0.220435
0.155042	0.352720
0.149834	0.145339
0.139956	0.312802
0.124321	0.206374
0.113295	0.184670
0.158266	0.400412
0.138671	0.253074
0.292679	1.246811
0.150272	0.401977
0.175599	0.332761
0.140751	0.351878
0.112411	0.162434
0.116576	0.121239
0.283471	0.700174
0.185616	0.593044
0.154738	0.345839
0.126965	0.161245
0.158794	0.323146
0.077865	0.321972
0.086791	0.207430
0.078812	0.268353
0.083701	0.249847
0.055882	0.149484
0.115838	0.129739
0.178814	0.202954
0.136557	0.133826
0.135132	0.210130
0.297077	0.736750
0.211830	0.190647
0.209879	0.376732
0.161665	0.236839
0.176095	0.164649
0.092157	0.157127
0.113937	0.233570
0.079882	0.109038
0.134941	0.406172
0.129029	0.158706
0.125196	0.139594
0.116066	0.240837
0.102785	0.291909
0.125094	0.241431
0.115242	0.312883
0.106959	0.160438
0.118007	0.300329
0.112020	0.143386
0.235424	0.463786
0.181825	0.301830
0.170241	0.485188
0.069760	0.179981
0.187727	0.437403
0.098127	0.191838
0.160803	0.193768
0.160382	0.512419
0.121196	0.248451
0.145344	0.249992
0.205350	0.440475
0.114413	0.134435
0.197294	0.426155
0.156072	0.147488
0.106581	0.223820
0.170177	0.268028
0.207408	0.640890
0.140482	0.150315
0.123226	0.120761
0.180557	0.285281
0.206553	0.751852
0.234638	0.461063
0.160082	0.281744
0.212097	0.478278
0.163711	0.212006
0.121299	0.167999
0.144777	0.285935
0.106984	0.139079
0.117573	0.187529
0.098209	0.303955
0.140380	0.181792
0.116653	0.184311
0.090659	0.134629
0.234395	0.372687
0.235116	0.405575
0.149081	0.143118
0.198606	0.187683
0.133530	0.181601
0.164070	0.231339
0.401266	1.231887
0.173378	0.312947
0.206674	0.276943
0.291818	1.364251
0.176099	0.245658
0.107319	0.096587
0.157182	0.186260
0.121244	0.132156
0.150013	0.117760
0.154755	0.203503
0.141730	0.197713
0.145603	0.270822
0.136602	0.142066
0.153794	0.236074
0.269744	0.836206
0.213280	0.685696
0.189164	0.273342
0.123544	0.281679
0.150911	0.351623
0.176282	0.480370
0.150243	0.289968
0.112326	0.146024
0.114081	0.169981
0.161210	0.203124
0.162203	0.288721
0.200012	0.355021
0.159856	0.306123
0.182284	0.351808
0.169079	0.331395
0.158768	0.183377
0.196972	0.367354
0.121194	0.154523
0.141735	0.162286
0.122027	0.229411
0.102645	0.126766
0.106069	0.221153
0.127581	0.173510
0.138142	0.233460
0.126310	0.230516
0.157174	0.186251
0.119125	0.175710
0.139805	0.232775
0.202721	0.565592
0.254337	0.431101
0.174469	0.448385
0.115786	0.246624
0.171879	0.281881
0.164335	0.294981
0.218843	0.430027
0.158314	0.232722
0.123368	0.124602
0.090323	0.301226
0.103412	0.174249
0.083005	0.161860
0.151456	0.480872
0.084639	0.191708
0.100696	0.164135
0.156298	0.296186
0.157569	0.404165
0.256848	0.449483
0.168481	0.308320
0.145312	0.305881
0.137451	0.188994
0.161651	0.343509
0.093248	0.147332
0.122622	0.153277
0.116916	0.235586
0.091117	0.134852
0.233447	0.288307
0.224493	0.473680
0.199493	0.223432
0.300838	0.463291
0.203083	0.346257
0.107785	0.122875
0.188332	0.220348
0.193832	0.568898
0.108525	0.164958
0.162207	0.283051
0.140214	0.144421
0.117602	0.157586
0.135661	0.238764
0.164370	0.454483
0.127403	0.245887
0.088343	0.144883
0.102888	0.177996
0.133759	0.327710
0.152288	0.364730
0.155598	0.472240
0.292447	0.805691
0.140848	0.502829
0.156454	0.763498
0.158870	0.686320
0.263912	0.364198
0.338252	0.480318
0.259099	0.181369
0.372435	0.370573
0.248782	0.319685
0.254458	0.176848
0.449163	1.383423
0.216745	0.368467
0.351941	0.823541
0.254402	0.262034
0.200895	0.326455
0.312659	0.709735
0.201199	0.162971
0.195591	0.161362
0.270660	0.276073
0.280996	0.318931
0.349078	0.483473
0.270361	0.264954
0.360002	0.399603
0.234039	0.352229
0.140280	0.273545
0.243728	0.725091
0.209598	0.172918
0.219477	0.280930
0.245642	0.189145
0.256948	0.431672
0.210570	0.171615
0.392244	0.584443
0.161433	0.175155
0.180649	0.211359
0.198608	0.300891
0.276861	0.913640
0.180973	0.190022
0.347278	0.395897
0.153748	0.139142
0.179789	0.257998
0.171665	0.224023
0.259889	0.358647
0.184827	0.355791
0.173098	0.173964
0.401692	1.470193
0.153221	0.198422
0.160384	0.186847
0.282931	1.001577
0.149343	0.251643
0.182155	0.145724
0.205619	0.212816
0.196890	0.213626
0.272640	0.545280
0.276661	0.403925
0.141408	0.197972
0.221368	0.576663
0.251787	0.503574
0.117732	0.122441
0.175445	0.217552
0.155561	0.256675
0.104218	0.242828
0.160611	0.305162
0.111884	0.351876
0.107325	0.127717
0.082154	0.117480
0.100799	0.423358
0.070603	0.188509
0.132728	0.199755
0.162404	0.376776
0.119108	0.254891
0.104743	0.146640
0.114276	0.250835
0.173860	0.445081
0.101845	0.202672
0.164710	0.214122
0.353589	2.351367
0.171797	0.310094
0.146532	0.181700
0.179654	0.289243
0.122407	0.136484
0.346688	0.986328
0.095155	0.175086
0.119719	0.348383
0.103214	0.127985
0.100577	0.154386
0.234162	0.343047
0.203204	0.432824
0.242437	0.367292
0.173326	0.246123
0.133627	0.152334
0.090377	0.200637
0.137166	0.179002
0.186782	0.337141
0.214424	0.171539
0.151551	0.129576
0.189575	0.623702
0.120182	0.167654
0.088047	0.119304
0.116217	0.198732
0.178633	0.443011
0.216053	0.265745
0.129019	0.259327
0.135300	0.150859
0.186875	0.446632
0.166084	0.236670
0.145763	0.180017
0.133186	0.192454
0.159220	0.226093
0.087271	0.120870
0.226308	0.635926
0.191079	0.432793
0.186972	0.307568
0.077574	0.108992
0.216891	0.250510
0.123125	0.216700
0.156533	0.273932
0.166679	0.287521
0.215997	0.172797
0.181828	0.243650
0.325544	0.608768
0.231692	0.174927
0.177570	0.308083
0.261177	0.207636
0.171744	0.396728
0.151270	0.170179
0.161552	0.189016
0.247221	0.339929
0.253014	0.250484
0.123202	0.123202
0.178060	0.112178
0.403567	1.557767
0.209865	0.157399
0.252677	0.438394
0.169431	0.188068
0.197696	0.276774
0.170852	0.286177
0.178337	0.308522
0.151805	0.269453
0.265225	0.621953
0.130900	0.215331
0.194429	0.210955
0.192813	0.542768
0.192499	0.247361
0.217593	0.233913
0.198194	0.225941
0.242538	0.287408
0.200845	0.420770
0.225975	0.294898
0.212885	0.261849
0.156813	0.133291
0.228003	0.678309
0.215862	0.221259
0.282965	0.547538
0.200631	0.294928
0.294442	0.502024
0.282646	0.466365
0.144322	0.176794
0.211099	0.256485
0.202244	0.132470
0.159191	0.209336
0.143344	0.368395
0.137142	0.313369
0.121349	0.260900
0.122148	0.162456
0.193087	0.462444
0.149278	0.200032
0.262918	0.531093
0.393640	3.406954
0.121347	0.163211
0.138837	0.259626
0.154122	0.235036
0.164069	0.140279
0.133619	0.311332
0.158990	0.400655
0.138398	0.220745
0.083895	0.132974
0.151117	0.401217
0.162404	0.632562
0.112981	0.219747
0.173359	0.190695
0.126307	0.216617
0.118761	0.169235
0.235059	0.755713
0.144562	0.280450
0.075255	0.110249
0.175088	0.376439
0.093355	0.168505
0.277849	1.243376
0.150079	0.359440
0.110898	0.192962
0.154059	0.543057
0.267596	0.674341
0.138810	0.122847
0.162020	0.346723
0.333635	2.925982
0.139259	0.259022
0.135676	0.188590
0.172227	0.502903
0.127128	0.266334
0.126837	0.225770
0.130748	0.303336
0.129285	0.252105
0.215401	0.469575
0.139481	0.135296
0.143484	0.188682
0.372550	0.737649
0.137050	0.178165
0.273549	0.396646
0.185379	0.194648
0.267317	0.912887
0.229617	0.280132
0.201687	0.151265
0.244283	0.317568
0.307978	0.657533
0.197487	0.216248
0.155882	0.203425
0.196575	0.401013
0.303887	0.736927
0.206569	0.295394
0.160540	0.150908
0.187174	0.365925
0.219435	0.404858
0.201580	0.454562
0.239917	0.582999
0.121055	0.212451
0.189422	0.319176
0.079551	0.118929
0.131420	0.427773
0.229698	0.336508
0.220304	0.467045
0.136006	0.214209
0.209069	0.745332
0.154327	0.168988
0.149796	0.110100
0.182988	0.357742
0.089685	0.104932
0.188748	0.485083
0.145333	0.262327
0.119371	0.199350
0.126895	0.213184
0.133358	0.229376
0.231329	1.015535
0.125818	0.206970
0.149489	0.486588
0.177180	0.612158
0.117453	0.158561
0.146526	0.185355
0.147364	0.201152
0.219193	0.397835
0.259871	0.328737
0.169060	0.213862
0.311386	1.927477
0.134394	0.148505
0.229485	0.569122
0.262084	0.939573
0.215661	0.527292
0.302655	0.478195
0.217044	0.371144
0.249134	0.580481
0.134851	0.155753
0.125291	0.181672
0.122121	0.265002
0.104843	0.098028
0.139649	0.169673
0.208731	0.237953
0.230220	0.232523
0.156829	0.232891
0.287721	0.434458
0.231149	0.188387
0.345838	0.376964
0.339308	0.256177
0.268044	0.371240
0.431210	0.825767
0.198681	0.218549
0.203917	0.286503
0.308228	0.234253
0.194771	0.588210
0.279295	0.365876
0.209976	0.400004
0.209879	0.373584
0.152442	0.199699
0.215056	0.466671
0.104172	0.128131
0.259670	0.272654
0.261290	0.403693
0.338972	0.706756
0.178714	0.294879
0.140533	0.163721
0.098238	0.095291
0.203527	0.264585
0.184190	0.221028
0.169370	0.213407
0.143842	0.257477
0.189280	0.255527
0.225173	0.240935
0.231777	0.163403
0.224302	0.525988
0.145693	1.377527
0.130559	0.321827
0.153091	0.364356
0.123803	0.378219
0.120028	0.309673
0.106945	0.267364
0.112308	0.199909
0.167301	0.192396
0.191664	0.501202
0.052907	0.128565
0.243781	0.627735
0.171497	0.290688
0.139765	0.329845
0.141627	0.152249
0.119150	0.117362
0.455520	1.170687
0.391687	0.487650
0.266442	0.158533
0.296003	0.183522
0.349349	0.398257
0.292704	0.361489
0.400409	1.347375
0.215473	0.221937
0.320357	0.269100
0.266597	0.374569
0.292712	0.504929
0.241441	0.356126
0.175827	0.200443
0.214224	0.459510
0.189969	0.178571
0.133778	0.146487
0.208858	0.413540
0.213766	0.335612
0.189577	0.224648
0.143243	0.261419
0.232392	0.659992
0.102636	0.133940
0.103270	0.145611
0.116435	0.228796
0.097027	0.125650
0.133748	0.316313
0.195858	0.425012
0.140461	0.217715
0.199817	0.271752
0.124139	0.165104
0.161992	0.575071
0.077164	0.097998
0.133069	0.259484
0.106838	0.211538
0.153079	0.186756
0.146541	0.493109
0.115549	0.286561
0.074922	0.205660
0.142791	0.175633
0.104102	0.180616
0.201089	0.393128
0.153646	0.471695
0.103902	0.209881
0.108914	0.154658
0.219855	0.643076
0.102517	0.120457
0.141926	0.272497
0.169701	0.339402
0.140133	0.255042
0.151576	0.228121
0.137183	0.166678
0.163563	0.286236
0.139588	0.166808
0.155349	0.210498
0.117495	0.168606
0.131237	0.213916
0.110413	0.142984
0.239285	0.317053
0.248818	0.426724
0.264969	0.549811
0.167645	0.222129
0.140315	0.163467
0.288030	0.856888
0.161471	0.137250
0.134765	0.187998
0.169215	0.183598
0.158825	0.231090
0.290794	1.016323
0.113136	0.110308
0.274285	0.999769
0.171477	0.412403
0.108330	0.175495
0.089656	0.182449
0.083713	0.215141
0.078364	0.131652
0.164886	0.477346
0.090891	0.223137
0.132658	0.239447
0.083612	0.170986
0.163449	0.422517
0.399087	2.119152
0.150772	0.240481
0.203909	0.331353
0.241542	0.268111
0.205197	0.298562
0.161403	0.367191
0.132283	0.283085
0.118968	0.122537
0.116298	0.266323
0.109782	0.183885
0.132762	0.165288
0.086417	0.103268
0.143469	0.385215
0.157905	0.662410
0.092957	0.187307
0.083638	0.123784
0.135001	0.328054
0.171585	0.347460
0.173236	0.250327
0.193422	0.337521
0.234419	0.398513
0.193558	0.242915
0.142895	0.207198
0.192959	0.200677
0.136186	0.136867
0.124991	0.169987
0.122105	0.252147
0.042373	0.124153
0.092717	0.133976
0.079725	0.145897
0.243397	0.765484
0.199352	0.373785
0.121941	0.185350
0.141621	0.174902
0.114674	0.212147
0.153181	0.279555
0.169818	0.188498
0.134246	0.232246
0.180085	0.335859
0.146402	0.355024
0.094235	0.166325
0.098619	0.227317
0.127517	0.214867
0.072663	0.116988
0.169346	0.249785
0.277914	1.318701
0.163690	0.661309
0.119821	0.273192
0.159108	0.455844
0.098985	0.179659
0.188767	0.519109
0.194739	0.276529
0.180208	0.140562
0.117583	0.165792
0.171993	0.335387
0.185154	0.312911
0.203484	0.334731
0.182638	0.162548
0.253043	0.475721
0.180690	0.170752
0.148379	0.240375
0.216091	0.167471
0.371628	0.605754
0.185639	0.244115
0.231898	0.182040
0.265309	0.527965
0.289926	0.601597
0.207293	0.269481
0.208429	0.242820
0.108225	0.099026
0.128615	0.234721
0.121840	0.205301
0.080862	0.129380
0.131349	0.221979
0.273824	0.476454
0.159521	0.293519
0.226037	0.600129
0.345967	0.832050
0.157360	0.218730
0.170562	0.275457
0.138993	0.124399
0.226516	0.317122
0.172460	0.206090
0.097326	0.112412
0.183418	0.636461
0.069552	0.163448
0.143081	0.274715
0.154553	0.268923
0.130109	0.215981
0.114122	0.447357
0.066482	0.132300
0.188162	0.584243
0.285145	0.573141
0.155333	0.250862
0.217779	1.437342
0.164932	0.400785
0.065245	0.136688
0.136560	0.467034
0.103504	0.160948
0.185618	0.426921
0.222097	0.383117
0.126992	0.153025
0.196319	0.593865
0.210269	0.186088
0.285281	1.025586
0.190223	0.197832
0.204304	0.327909
0.134474	0.221882
0.120419	0.210131
0.113229	0.152859
0.193496	0.380220
0.129416	0.323540
0.116089	0.163106
0.274754	0.472577
0.130937	0.177420
0.185554	0.687478
0.072961	0.106888
0.127189	0.366304
0.090666	0.134639
0.137872	0.310901
0.118370	0.127839
0.171826	0.463072
0.109090	0.188726
0.139175	0.308968
0.103811	0.175960
0.104367	0.185773
0.201692	1.309988
0.083310	0.260343
0.093935	0.269123
0.120053	0.217296
0.078620	0.180433
0.082467	0.130298
0.153268	0.856001
0.067826	0.130903
0.148457	0.503270
0.133531	0.172923
0.200960	0.218041
0.266045	0.328565
0.126158	0.175991
0.170283	0.189014
0.201894	0.384607
0.169150	0.135320
0.276256	0.432340
0.276619	0.461954
0.236066	0.495740
0.190992	0.256884
0.233528	0.448373
0.175718	0.268848
0.253851	0.699360
0.128511	0.135579
0.090129	0.223070
0.104772	0.142489
0.139390	0.356839
0.092822	0.119741
0.091457	0.197548
0.106050	0.126730
0.127209	0.143110
0.104674	0.215106
0.141023	0.334930
0.163327	0.639427
0.118611	0.338635
0.215211	0.527268
0.114661	0.142180
0.151596	0.325932
0.132774	0.195178
0.176455	0.334383
0.114544	0.205607
0.174612	0.162389
0.211569	0.349089
0.174579	0.281072
0.124514	0.161245
0.180439	0.196679
0.159802	0.167792
0.225195	0.184660
0.181822	0.375463
0.234507	0.719937
0.173103	0.259655
0.177544	0.232582
0.207113	0.342772
0.169304	0.128671
0.336595	1.162935
0.150661	0.166481
0.182542	0.228178
0.180901	0.274969
0.214610	0.286505
0.250646	0.285736
0.312275	0.182681
0.229617	0.250282
0.265432	0.323827
0.274321	0.455372
0.152814	0.162746
0.238874	0.168406
0.181609	0.232459
0.278626	0.427691
0.138709	0.171999
0.273514	0.411638
0.212787	0.263856
0.286297	0.413699
0.207071	0.260909
0.222700	0.346299
0.128915	0.187571
0.269055	0.199101
0.293611	0.738431
0.332146	0.493238
0.227455	0.161493
0.306296	0.464038
0.316044	0.643149
0.254773	0.236939
0.212295	0.137992
0.328965	0.411206
0.350294	0.690079
0.190808	0.249959
0.234523	0.275565
0.202246	0.253818
0.153340	0.155640
0.289690	0.504060
0.222078	0.236513
0.268810	0.422032
0.178037	0.254593
0.142024	0.151255
0.204042	0.445832
0.291367	0.490953
0.195487	0.209171
0.384754	0.463629
0.338611	0.594263
0.348824	0.633116
0.336291	0.393461
0.391703	0.601264
0.417396	0.732530
0.225718	0.146717
0.272567	0.208514
0.272943	0.248379
0.457041	0.596439
0.341831	0.364051
0.415023	1.008506
0.255577	0.338639
0.192533	0.147288
0.311266	0.672335
0.276874	0.340556
0.259130	0.410722
0.325771	0.840489
0.307821	0.881907
0.176739	0.166135
0.309543	0.623730
0.138579	0.201633
0.156994	0.148360
0.183626	0.312164
0.239578	0.483948
0.191926	0.265817
0.248051	0.316266
0.300508	0.601016
0.227299	0.251166
0.196080	0.299022
0.306031	0.758956
0.305529	0.504123
0.222324	0.305696
0.126172	0.178533
0.208131	0.469336
0.197613	0.400167
0.138120	0.133286
0.109899	0.145067
0.175892	0.188205
0.192717	0.296784
0.134455	0.267565
0.129640	0.162050
0.136823	0.250386
0.132172	0.323160
0.117638	0.169987
0.112470	0.178827
0.173923	0.311323
0.177252	0.434268
0.178960	0.250544
0.201075	0.238274
0.126458	0.136575
0.152453	0.144830
0.166392	0.214645
0.289485	0.275011
0.209475	0.303739
0.112471	0.135527
0.200382	0.543035
0.148473	0.226422
0.241638	0.392663
0.303817	0.633458
0.112776	0.192283
0.236420	0.178497
0.225573	0.258282
0.168223	0.172429
0.274981	0.367099
0.229733	0.283720
0.227055	0.376911
0.174330	0.292003
0.287644	1.442536
0.214442	0.185492
0.265128	0.581957
0.149347	0.177723
0.256999	0.307114
0.263048	0.695763
0.168961	0.136858
0.265781	0.410632
0.143019	0.119421
0.263044	0.548447
0.245442	0.751053
0.246920	0.439518
0.235795	0.307712
0.246722	0.495912
0.238095	0.479761
0.219585	0.668635
0.307518	1.040948
0.135367	0.181392
0.137626	0.223642
0.138843	0.149256
0.133837	0.197410
0.123665	0.233108
0.201069	0.208107
0.420584	1.101930
0.277481	0.412059
0.164683	0.162212
0.212575	0.194506
0.164089	0.147680
0.263057	0.803640
0.296302	0.434082
0.241289	0.446385
0.195976	0.170499
0.237912	0.569800
0.285985	0.474735
0.283530	0.297706
0.283881	0.427241
0.160263	0.158660
0.197797	0.299662
0.167331	0.212511
0.204647	0.167810
0.167732	0.179473
0.155602	0.296422
0.095638	0.283088
0.121432	0.250756
0.162688	0.440072
0.141459	0.308381
0.122367	0.147453
0.123744	0.206034
0.146456	0.210165
0.124319	0.330688
0.096934	0.304856
0.116160	0.234644
0.227302	0.615988
0.165452	0.179515
0.160945	0.192329
0.135198	0.227809
0.127773	0.222964
0.144599	0.297873
0.122107	0.272908
0.112017	0.196589
0.079657	0.212685
0.227945	1.383625
0.085518	0.099629
0.135423	0.291160
0.120423	0.181236
0.209685	0.482276
0.147928	0.197484
0.151914	0.322058
0.122782	0.198907
0.093770	0.168318
0.113558	0.196456
0.142634	0.149766
0.114899	0.087898
0.120106	0.213189
0.199357	0.356849
0.126901	0.138956
0.101518	0.124867
0.102861	0.147091
0.139273	0.252085
0.146677	0.181879
0.125662	0.147025
0.254387	0.503685
0.125532	0.139969
0.148226	0.131180
0.200986	0.397952
0.192435	0.197246
0.190161	0.336585
0.161757	0.203005
0.166902	0.204455
0.119773	0.118575
0.176871	0.170681
0.121576	0.221876
0.165504	0.416242
0.096844	0.157371
0.121490	0.185880
0.227889	0.320184
0.190367	0.459736
0.184089	0.370939
0.155070	0.265945
0.254175	0.424472
0.174348	0.235370
0.109728	0.114117
0.128095	0.190222
0.086147	0.111561
0.125721	0.231956
0.162869	0.218244
0.151543	0.282627
0.170484	0.352050
0.196190	0.620940
0.123712	0.285774
0.134851	0.298695
0.188927	0.265442
0.148099	0.174016
0.167634	0.163443
0.093574	0.137087
0.323253	1.373827
0.183604	0.154227
0.196381	0.308317
0.215375	0.470595
0.232371	0.684333
0.121288	0.416018
0.070130	0.108000
0.100571	0.274560
0.152789	0.493510
0.057540	0.147302
0.136563	0.572882
0.075299	0.253003
0.086356	0.159758
0.101852	0.196575
0.104837	0.165643
0.176442	0.389937
0.144662	0.154065
0.115372	0.211131
0.101869	0.159425
0.090998	0.202471
0.113574	0.148781
0.144258	0.305827
0.102754	0.201911
0.090090	0.156756
0.058809	0.135554
0.067516	0.209639
0.043304	0.136192
0.137826	0.398318
0.198904	0.927889
0.104332	0.216488
0.189263	0.305659
0.106544	0.382492
0.080476	0.241429
0.200505	0.388979
0.071840	0.149067
0.068841	0.178298
0.079591	0.131325
0.117558	0.354436
0.126452	0.220659
0.083107	0.132141
0.075095	0.126159
0.141381	0.343555
0.094448	0.164340
0.085930	0.137918
0.082856	0.127183
0.157388	0.416292
0.092999	0.181347
0.170842	0.359622
0.268949	0.676406
0.139441	0.377884
0.211184	0.397025
0.175194	0.214612
0.141854	0.156749
0.191340	0.888775
0.081712	0.125428
0.100616	0.153440
0.178560	0.383012
0.129095	0.169114
0.126307	0.153463
0.115234	0.164784
0.132974	0.255310
0.106360	0.159008
0.221973	2.179779
0.105056	0.164938
0.155835	0.408289
0.130384	0.184493
0.155623	0.223319
0.281826	0.501651
0.165672	0.336314
0.074637	0.121286
0.075165	0.148826
0.107356	0.146541
0.077726	0.174495
0.099146	0.455079
0.039248	0.232152
0.072454	0.122085
0.103040	0.111798
0.084793	0.112775
0.146297	0.339408
0.109058	0.215389
0.238331	0.910423
0.093530	0.133748
0.069968	0.188914
0.081328	0.180141
0.089668	0.185165
0.111062	0.147713
0.135181	0.175735
0.122989	0.225070
0.100444	0.174270
0.107426	0.145025
0.097087	0.125243
0.146439	0.131795
0.147546	0.393210
0.097952	0.156234
0.223962	0.394173
0.233738	0.524743
0.124510	0.155637
0.145112	0.243063
0.121347	0.347051
0.087183	0.128594
0.253340	0.972826
0.095550	0.101760
0.128253	0.202640
0.146769	0.197404
0.165566	0.167222
0.116655	0.202396
0.105855	0.140787
0.094536	0.166383
0.135861	0.226888
0.205264	0.427976
0.247570	2.443513
0.093775	0.135035
0.120884	0.464800
0.147540	0.227950
0.102976	0.175059
0.213514	0.499623
0.142936	0.137934
0.086076	0.089519
0.135505	0.156509
0.127111	0.120755
0.160987	0.215723
0.175554	0.346719
0.130182	0.181604
0.131068	0.204465
0.197328	0.571263
0.116947	0.142091
0.175266	0.356667
0.120217	0.302345
0.158979	0.344985
0.148394	0.290851
0.095767	0.232236
0.100705	0.205942
0.098187	0.184592
0.153159	0.264199
0.110998	0.214781
0.109349	0.321486
0.083698	0.183716
0.069419	0.103087
0.117640	0.369977
0.150330	0.350269
0.094910	0.134297
0.167857	0.391106
0.179650	0.328759
0.233400	0.392113
0.254983	0.407974
0.222672	0.587855
0.177405	0.308685
0.135078	0.234361
0.151782	0.125220
0.125350	0.204320
0.112650	0.192069
0.118159	0.222138
0.147368	0.216631
0.121388	0.207573
0.111158	0.123941
0.087701	0.181980
0.112526	0.096210
0.159448	0.313315
0.157384	0.221125
0.095575	0.164867
0.072076	0.104150
0.183573	0.492894
0.245613	0.674209
0.111899	0.129243
0.160504	0.282486
0.115852	0.193473
0.227849	0.462533
0.112962	0.098277
0.192387	0.372270
0.247270	0.348651
0.236658	0.323039
0.114388	0.146988
0.150117	0.312994
0.227242	0.327228
0.142690	0.241146
0.138738	0.158855
0.160051	0.195262
0.174724	0.145021
0.134733	0.175827
0.270441	0.385378
0.240277	0.224659
0.399259	1.197778
0.348303	0.585149
0.253653	0.371601
0.294333	0.381162
0.221573	0.216033
0.332423	0.417190
0.187613	0.118196
0.404228	0.917598
0.222771	0.218315
0.276608	0.318100
0.284011	0.227208
0.346341	0.571463
0.257964	0.407583
0.254676	0.247035
0.138013	0.188388
0.214467	0.344220
0.124473	0.103935
0.167682	0.243978
0.201480	0.318338
0.141981	0.135592
0.252414	0.795103
0.141536	0.195320
0.219791	0.139567
0.207508	0.283248
0.210461	0.216775
0.144582	0.260247
0.181257	0.693308
0.157600	0.338840
0.195461	0.442718
0.147330	0.239411
0.271276	0.481515
0.189087	0.170178
0.187587	0.254180
0.170472	0.262526
0.144207	0.160791
0.162230	0.309048
0.151686	0.241938
0.174368	0.296425
0.122226	0.179672
0.150715	0.229840
0.165637	0.319680
0.179081	0.179977
0.151834	0.342387
0.164250	0.270191
0.153859	0.400804
0.096700	0.170191
0.131526	0.316320
0.241477	1.229119
0.118963	0.262908
0.092585	0.128230
0.235388	1.032175
0.150008	0.224263
0.123313	0.252175
0.116191	0.188811
0.101775	0.120095
0.150346	0.345043
0.163811	0.632309
0.107974	0.163580
0.143106	0.337729
0.120149	0.204855
0.107490	0.128450
0.111911	0.165069
0.102476	0.153202
0.091028	0.093303
0.096824	0.121999
0.146369	0.256145
0.149938	0.305873
0.156713	0.141826
0.136762	0.184628
0.092519	0.161445
0.108985	0.126968
0.229317	0.473540
0.145112	0.220571
0.146256	0.214265
0.154555	0.199376
0.135322	0.240873
0.185795	0.285195
0.192061	0.597309
0.101732	0.158193
0.117143	0.159314
0.120358	0.213635
0.185216	0.352837
0.180340	0.182143
0.238996	0.456482
0.150697	0.220018
0.120693	0.272162
0.122331	0.167594
0.143138	0.337806
0.179313	0.320073
0.113350	0.192128
0.103654	0.186578
0.104088	0.141559
0.088457	0.157454
0.088092	0.142269
0.100825	0.147709
0.103071	0.181920
0.099926	0.171873
0.105934	0.211868
0.093245	0.145928
0.134136	0.205899
0.183552	0.424004
0.174304	0.281501
0.107887	0.135399
0.219705	0.450396
0.212411	0.474740
0.163606	0.157880
0.132188	0.172505
0.185865	0.278797
0.115487	0.114332
0.131985	0.164322
0.119159	0.173376
0.163890	0.228627
0.260348	0.833114
0.164735	0.205095
0.260698	0.938511
0.191134	0.425272
0.052313	0.099919
0.150741	0.208023
0.130634	0.169171
0.186236	0.202066
0.212287	0.250499
0.118730	0.176907
0.210438	0.259892
0.234034	0.376795
0.098457	0.125041
0.101149	0.151724
0.093990	0.108558
0.202261	0.469247
0.302079	1.499824
0.090147	0.144687
0.194592	0.767664
0.115822	0.225274
0.113772	0.178053
0.132719	0.205051
0.081959	0.104088
0.100963	0.111564
0.142630	0.440726
0.185960	0.189679
0.179376	0.317496
0.124158	0.182513
0.108016	0.244656
0.113781	0.259420
0.126301	0.277231
0.141691	0.301801
0.212606	0.509192
0.110266	0.140037
0.120341	0.148019
0.207863	0.546680
0.139602	0.211497
0.191235	0.382469
0.125296	0.213629
0.123207	0.163249
0.170190	0.394841
0.153871	0.210033
0.245564	1.206947
0.120189	0.173672
0.104870	0.113784
0.118147	0.126417
0.219325	0.505545
0.172863	0.163356
0.199902	0.338834
0.092993	0.103222
0.216926	0.521707
0.217591	0.226295
0.267802	0.218259
0.145099	0.153079
0.267884	0.526392
0.220451	0.287688
0.156119	0.305992
0.200435	0.457995
0.119059	0.154777
0.167699	0.394931
0.159063	0.512979
0.096440	0.139356
0.090598	0.138162
0.162184	0.289499
0.156865	0.251768
0.213941	0.297378
0.093327	0.185722
0.087579	0.218071
0.159549	0.404456
0.345133	0.748938
0.338798	0.869018
0.158159	0.123364
0.365224	0.147916
0.319232	0.322424
0.238564	0.182502
0.357706	0.422093
0.246395	0.113342
0.455950	0.471908
0.303151	0.150060
0.368342	0.541463
0.157482	0.171656
0.166560	0.179052
0.218244	0.272805
0.181443	0.206845
0.247822	0.636902
0.174365	0.224059
0.115122	0.110517
0.126593	0.154443
0.172595	0.163102
0.109087	0.124359
0.112778	0.204693
0.114769	0.105588
0.250680	0.526429
0.201431	0.303153
0.109191	0.173613
0.208449	0.354364
0.135716	0.092287
0.169350	0.226930
0.154009	0.169409
0.181794	0.171795
0.292311	0.293773
0.272656	0.357180
0.271971	0.285569
0.233737	0.250098
0.161326	0.197625
0.173757	0.151168
0.251861	0.549056
0.177309	0.207452
0.344600	0.773627
0.144919	0.231871
0.153618	0.225818
0.242867	0.414089
0.114309	0.144030
0.244519	0.328878
0.122316	0.116812
0.182229	0.385415
0.147615	0.174185
0.127088	0.218592
0.166048	0.328774
0.097540	0.136069
0.135727	0.230736
0.109082	0.157077
0.226607	0.606173
0.239025	0.400367
0.159496	0.185016
0.151858	0.441908
0.145497	0.357924
0.197021	0.202932
0.075332	0.114504
0.062842	0.135738
0.102946	0.146184
0.099113	0.204172
0.073317	0.201622
0.073068	0.156366
0.079562	0.137643
0.073377	0.141984
0.143969	0.477976
0.093413	0.137784
0.114011	0.281036
0.156748	0.286849
0.175590	0.467069
0.155158	0.323504
0.113177	0.175991
0.184017	0.510648
0.093772	0.144409
0.096819	0.184924
