Velocity(m/s)	Chord(mm)
0.073403	0.276729
0.115258	0.236278
0.138719	0.422398
0.092359	0.116373
0.114669	0.137029
0.097517	0.157002
0.154108	0.166436
0.094907	0.174628
0.134742	0.251967
0.144204	0.428286
0.129506	0.345782
0.195370	0.979781
0.134444	0.327372
0.163245	0.416274
0.075131	0.124718
0.091360	0.144806
0.072025	0.217514
0.110066	0.123274
0.114831	0.481716
0.101163	0.152250
0.058168	0.100340
0.071033	0.129281
0.185058	0.322001
0.160584	0.319561
0.225396	0.459808
0.067743	0.098566
0.149561	0.176482
0.145638	0.236662
0.219795	0.362661
0.123521	0.138961
0.132629	0.490727
0.132422	0.158906
0.118099	0.232064
0.126166	0.155185
0.134185	0.150959
0.207293	0.789785
0.242437	0.526089
0.179059	0.306191
0.223498	0.388887
0.190417	0.221836
0.091349	0.285467
0.125411	0.489729
0.120992	0.204476
0.194261	0.583754
0.122268	0.329512
0.139924	0.208487
0.146295	0.184331
0.299619	0.810470
0.225435	0.368587
0.203115	0.225458
0.308768	0.189892
0.103404	0.124085
0.193454	0.565854
0.248070	0.446526
0.153449	0.191812
0.153165	0.282589
0.226328	0.602033
0.183280	0.235515
0.104007	0.215814
0.129523	0.177446
0.211634	0.457130
0.124915	0.191119
0.145983	0.170800
0.153845	0.223845
0.173761	0.230233
0.093969	0.157867
0.095438	0.158903
0.180352	0.702473
0.109517	0.171942
0.154397	0.433084
0.173394	0.509780
0.220319	0.246757
0.140103	0.212255
0.160696	0.179176
0.172620	0.138959
0.138561	0.180130
0.183098	0.147394
0.165903	0.157608
0.190876	0.191830
0.219537	0.232709
0.252519	0.429283
0.100601	0.156937
0.133660	0.282022
0.120117	0.168164
0.128649	0.254726
0.271846	0.312623
0.169557	0.241619
0.094685	0.136346
0.134783	0.266870
0.107392	0.114372
0.146929	0.132236
0.102097	0.189391
0.137134	0.133706
0.177399	0.301577
0.105491	0.152961
0.092695	0.138116
0.143155	0.177512
0.132380	0.205851
0.141378	0.359100
0.201188	0.292729
0.102026	0.152528
0.114950	0.132767
0.186853	1.138867
0.118464	0.188358
0.117492	0.136878
0.106464	0.138936
0.117637	0.154104
0.237196	0.380699
0.258556	0.417568
0.158907	0.300335
0.128739	0.121659
0.085866	0.131374
0.132708	0.145979
0.125866	0.196351
0.073549	0.112898
0.160785	0.511297
0.074797	0.266651
0.111882	0.192996
0.181815	0.625445
0.154135	0.264342
0.124496	0.190478
0.063884	0.091354
0.088756	0.189049
0.067890	0.192808
0.103126	0.270190
0.256905	0.289018
0.309833	0.364054
0.417478	0.194127
0.439321	0.911590
0.325243	0.204903
0.255960	0.185571
0.223262	0.493408
0.144667	0.324778
0.098329	0.100787
0.095661	0.148275
0.157913	0.309510
0.148905	0.205489
0.130515	0.232316
0.211830	0.427896
0.103440	0.134990
0.112051	0.149028
0.178408	0.285453
0.186509	0.371152
0.178168	0.146989
0.082126	0.130580
0.171205	0.338986
0.119421	0.173160
0.130243	0.173224
0.194886	0.254326
0.223240	0.347138
0.140325	0.262407
0.120569	0.122377
0.121967	0.197587
0.239564	0.693538
0.262800	0.341640
0.238577	0.234998
0.135592	0.130847
0.109039	0.160287
0.124245	0.230474
0.175772	0.191592
0.210947	0.405019
0.135541	0.145707
0.090230	0.172338
0.154639	0.211855
0.143550	0.481611
0.172560	0.287312
0.092833	0.158745
0.133677	0.143034
0.159246	0.322472
0.177029	0.149589
0.163283	0.178794
0.182876	0.170989
0.119128	0.148315
0.246394	0.405318
0.130533	0.258455
0.262321	0.549562
0.081922	0.104041
0.114493	0.155138
0.073185	0.110143
0.134787	0.241269
0.118955	0.182597
0.114278	0.169703
0.122722	0.225195
0.095782	0.170013
0.082071	0.096023
0.158749	0.200023
0.179802	0.440514
0.172790	0.285968
0.141125	0.167233
0.133842	0.229539
0.140267	0.242662
0.163557	0.267415
0.147883	0.283935
0.119281	0.110335
0.254677	0.645606
0.289419	0.622252
0.218371	0.331925
0.239800	0.296153
0.286088	0.672306
0.250536	0.362024
0.163110	0.348241
0.189626	0.208589
0.074487	0.105771
0.139092	0.281661
0.125325	0.165430
0.200434	0.473024
0.110506	0.125976
0.116259	0.276696
0.117067	0.365835
0.162214	0.444466
0.110447	0.188865
0.120047	0.202279
0.134132	0.322587
0.108146	0.237380
0.102196	0.122125
0.136826	0.427582
0.109417	0.175068
0.155372	0.215967
0.187080	0.138439
0.202133	0.249634
0.141265	0.199890
0.176557	0.309858
0.147583	0.175623
0.171310	0.590163
0.158266	0.204954
0.160055	0.276095
0.173182	0.180109
0.124268	0.169005
0.126462	0.239014
0.105108	0.184464
0.269691	1.867607
0.099448	0.139725
0.081033	0.094809
0.143687	0.237084
0.094301	0.252725
0.104568	0.272923
0.101903	0.212468
0.068750	0.123062
0.089130	0.168010
0.087943	0.292412
0.151742	0.393012
0.161340	0.521127
0.087972	0.211573
0.086350	0.156293
0.101305	0.160569
0.093006	0.197638
0.080359	0.197281
0.195378	0.575389
0.110331	0.145637
0.111113	0.144447
0.101683	0.203366
0.109065	0.126515
0.115591	0.422484
0.053808	0.118647
0.070554	0.134053
0.180477	0.544139
0.118533	0.281516
0.152843	0.358416
0.162006	0.358032
0.178512	0.433785
0.132938	0.358931
0.158926	0.546705
0.058257	0.177685
0.095003	0.269333
0.125013	0.199395
0.080855	0.197691
0.095100	0.287678
0.113328	0.275386
0.064736	0.182233
0.107412	0.504838
0.217066	0.844386
0.219037	0.567307
0.106124	0.213839
0.130620	0.240993
0.083462	0.115177
0.114339	0.113768
0.141402	0.195135
0.151298	0.228460
0.129384	0.144263
0.104437	0.142035
0.147342	0.313838
0.134587	0.217358
0.196065	0.341153
0.261083	0.429481
0.099014	0.127728
0.138828	0.136746
0.204276	0.510689
0.108786	0.112050
0.097869	0.134080
0.148623	0.161999
0.209180	0.385938
0.154215	0.225925
0.090205	0.103736
0.158598	0.342571
0.167081	0.360894
0.148656	0.211092
0.142196	0.223959
0.248670	0.524694
0.284440	0.516258
0.145425	0.278490
0.129380	0.250997
0.122037	0.201972
0.129594	0.172361
0.109685	0.209499
0.140647	0.343882
0.106229	0.210333
0.166988	0.413296
0.150477	0.163268
0.098469	0.147703
0.075775	0.105328
0.166921	0.303796
0.104124	0.149938
0.144023	0.192271
0.261441	0.537261
0.252725	0.384142
0.184499	0.304423
0.170415	0.365541
0.133363	0.195377
0.105558	0.150948
0.176137	0.261563
0.159891	0.357356
0.101757	0.131775
0.142040	0.365043
0.198892	0.333145
0.181048	0.474345
0.125645	0.385731
0.212891	0.554581
0.109748	0.187120
0.161861	0.195042
0.133002	0.200167
0.149828	0.393299
0.184691	0.192079
0.199085	0.234921
0.111966	0.240727
0.152780	0.334589
0.119474	0.186380
0.158830	0.380398
0.152337	0.216318
0.180867	0.444029
0.108261	0.147236
0.237009	0.373289
0.174545	0.210327
0.246801	0.438073
0.147697	0.310164
0.123907	0.124527
0.155618	0.155618
0.209437	0.439818
0.246617	0.526527
0.253970	0.566352
0.214892	0.207371
0.241339	0.763837
0.181619	0.148019
0.162220	0.180064
0.184166	0.209950
0.173594	0.172726
0.222114	0.346497
0.163256	0.233456
0.188440	0.408915
0.242991	0.569814
0.131716	0.274627
0.133904	0.273834
0.184355	0.165920
0.104363	0.206118
0.149593	0.435317
0.123613	0.124849
0.107645	0.151241
0.101230	0.191325
0.097870	0.131635
0.079618	0.122214
0.132329	0.195185
0.174049	0.543032
0.099130	0.134816
0.176408	0.262849
0.089052	0.139812
0.212813	0.502238
0.120441	0.118032
0.185407	0.304995
0.118594	0.550870
0.157852	0.120757
0.238730	1.385825
0.117800	0.140771
0.103537	0.120620
0.284418	1.511683
0.070152	0.111191
0.123909	0.384118
0.103552	0.196230
0.104260	0.179849
0.123578	0.125431
0.096963	0.185199
0.112462	0.231110
0.119370	0.328269
0.065680	0.146795
0.158011	0.349205
0.108555	0.195399
0.072903	0.111542
0.111949	0.186954
0.063924	0.147025
0.110955	0.236335
0.102824	0.159892
0.151239	0.292647
0.168192	0.232104
0.123263	0.740192
0.243404	0.200809
0.173343	0.193277
0.135650	0.120050
0.157986	0.194323
0.111162	0.198425
0.092371	0.127933
0.226421	0.258120
0.119923	0.252437
0.066829	0.132321
0.086026	0.113985
0.131254	0.195569
0.139475	0.260818
0.105920	0.184830
0.126142	0.238408
0.110336	0.141230
0.108462	0.137205
0.071942	0.115467
0.190453	0.346624
0.093974	0.185599
0.099823	0.203639
0.177140	0.272795
0.106228	0.146064
0.093721	0.127460
0.126865	0.140821
0.081367	0.148088
0.209441	0.356050
0.247925	0.526840
0.212240	0.174037
0.156375	0.121191
0.149389	0.283093
0.128380	0.260612
0.242414	0.467858
0.192677	0.235065
0.366451	1.225778
0.197172	0.127176
0.141456	0.120237
0.302640	0.991145
0.132363	0.229651
0.124295	0.198250
0.158431	0.248737
0.179703	0.325262
0.287565	0.565065
0.118329	0.136078
0.149509	0.453011
0.164269	0.337572
0.076837	0.162511
0.116287	0.197687
0.069604	0.120067
0.130737	0.206565
0.190229	0.185474
0.236377	0.507029
0.158087	0.169943
0.105916	0.148812
0.235051	0.648741
0.113742	0.125116
0.090596	0.115963
0.125658	0.231211
0.120247	0.230873
0.078724	0.092500
0.273266	0.487779
0.120880	0.110001
0.209786	0.336706
0.160972	0.172241
0.147402	0.159194
0.212746	0.342522
0.214827	0.494102
0.230319	0.307475
0.155522	0.156300
0.109194	0.128303
0.152989	0.330456
0.132211	0.245252
0.138513	0.147517
0.133778	0.195985
0.179732	0.399904
0.111983	0.127101
0.156773	0.481292
0.119611	0.139945
0.148564	0.578655
0.066490	0.164230
0.128901	0.293250
0.079236	0.148567
0.135516	0.193787
0.170889	0.314435
0.144852	0.218002
0.131305	0.332201
0.128064	0.213226
0.183805	0.150720
0.114600	0.264725
0.232697	0.969182
0.210980	0.351282
0.211341	0.373018
0.131367	0.313968
0.080449	0.117053
0.079386	0.194892
0.130088	0.216596
0.069856	0.085923
0.109358	0.133417
0.068640	0.119090
0.095927	0.183220
0.182277	1.236748
0.088539	0.130595
0.112767	0.182119
0.153241	0.216835
0.162456	0.276175
0.253559	0.248487
0.153402	0.105847
0.122282	0.132065
0.175386	0.192047
0.130751	0.151018
0.112853	0.196929
0.121018	0.226304
0.104243	0.236110
0.113764	0.547774
0.075839	0.109966
0.114262	0.244521
0.182238	0.615053
0.096272	0.174733
0.139692	0.141787
0.105667	0.120460
0.088754	0.136237
0.150454	0.694345
0.088274	0.133294
0.114988	0.381759
0.090692	0.238521
0.077972	0.200389
0.092187	0.202811
0.080039	0.177286
0.075157	0.113863
0.088477	0.195977
0.064970	0.117921
0.078234	0.190501
0.112781	0.237403
0.141959	0.456399
0.098917	0.232455
0.135545	0.234493
0.073116	0.095416
0.149058	0.286937
0.148830	0.532810
0.220889	0.757650
0.089071	0.128262
0.133511	0.238318
0.131046	0.186741
0.234124	0.629793
0.145302	0.305860
0.119339	0.230324
0.139199	0.155207
0.125930	0.301601
0.217432	0.140244
0.138224	0.143062
0.263861	0.217685
0.272246	0.740508
0.175143	0.286359
0.223043	0.200738
0.221969	0.278571
0.297059	0.616397
0.122508	0.181925
0.134483	0.122379
0.103329	0.091446
0.162866	0.385179
0.136995	0.304814
0.209211	0.663198
0.217155	0.517915
0.120693	0.149055
0.133783	0.183952
0.145710	0.165381
0.159363	0.377689
0.132169	0.132169
0.188867	0.337127
0.087131	0.084953
0.134206	0.138903
0.276796	0.406891
0.173424	0.148278
0.336992	0.871124
0.232079	0.170578
0.118841	0.100421
0.205778	0.231500
0.120989	0.175434
0.143193	0.168252
0.079164	0.112809
0.231327	0.968103
0.122063	0.299664
0.126997	0.188590
0.136984	0.160956
0.156904	0.521706
0.115690	0.119161
0.121449	0.361917
0.127515	0.170233
0.170800	0.912929
0.167029	0.574580
0.137568	0.181590
0.106832	0.131404
0.231244	0.315648
0.160983	0.192374
0.160436	0.153216
0.269539	0.584900
0.317925	0.656515
0.275317	0.312485
0.260651	0.720700
0.152907	0.159024
0.125994	0.132923
0.193695	0.289574
0.233130	0.257608
0.162579	0.251997
0.178786	0.252088
0.244637	0.415883
0.158160	0.249102
0.227353	0.343303
0.148985	0.251040
0.290604	0.411205
0.252167	0.288731
0.350625	0.275240
0.154938	0.131698
0.289267	0.180792
0.277894	0.370988
0.124810	0.138539
0.202096	0.277882
0.197450	0.154011
0.176731	0.244772
0.201755	0.465045
0.253740	0.280383
0.144014	0.200900
0.234365	0.424201
0.141106	0.168622
0.156165	0.186617
0.237215	0.294146
0.161173	0.247400
0.149419	0.124018
0.147460	0.154833
0.299438	0.278477
0.326715	0.695903
0.312608	0.629905
0.268310	0.350144
0.182644	0.278532
0.251467	0.265298
0.132503	0.107990
0.237912	0.358058
0.118462	0.103062
0.194544	0.204272
0.151353	0.196759
0.287684	0.513516
0.226706	0.361597
0.210196	0.297428
0.193372	0.213676
0.137877	0.142703
0.122860	0.207019
0.180881	0.170028
0.235873	0.272433
0.135396	0.090715
0.234758	0.273493
0.183944	0.160032
0.146520	0.164835
0.092631	0.128757
0.158140	0.270420
0.089304	0.085732
0.206566	0.302619
0.287733	0.667540
0.235790	0.226358
0.236562	0.328822
0.269236	0.165580
0.211553	0.242229
0.300421	0.474665
0.177248	0.218901
0.313337	0.418305
0.183144	0.125454
0.207335	0.247766
0.313421	0.493638
0.219108	0.266216
0.216015	0.228976
0.402371	1.774457
0.240730	0.304523
0.273894	0.440969
0.145352	0.206401
0.374480	1.209570
0.240854	0.563597
0.109344	0.301243
0.161286	0.191930
0.091365	0.160345
0.087664	0.117031
0.134154	0.207269
0.123985	0.194036
0.114991	0.128790
0.128636	0.351176
0.091331	0.126493
0.111565	0.131647
0.184584	0.220578
0.199503	0.134664
0.196464	0.384086
0.171792	0.233637
0.232490	0.273175
0.112315	0.195991
0.138038	0.302303
0.132300	0.177282
0.275986	0.194570
0.302405	0.509552
0.232344	0.289268
0.300431	0.282405
0.220833	0.316895
0.291573	0.319272
0.138551	0.137166
0.253039	0.297321
0.269887	0.299574
0.155552	0.194440
0.274854	0.788831
0.112527	0.122092
0.231292	0.260204
0.119189	0.164481
0.198030	0.394080
0.093078	0.138686
0.181610	0.173438
0.163271	0.158373
0.258929	0.343082
0.233420	0.323287
0.151065	0.188832
0.168600	0.249528
0.152603	0.177020
0.186500	0.354349
0.140594	0.111069
0.114038	0.117459
0.155154	0.125675
0.139577	0.153535
0.153811	0.175345
0.186671	0.417209
0.177521	0.252967
0.111548	0.098162
0.172737	0.300563
0.209771	0.289483
0.183035	0.132700
0.246517	0.327867
0.250128	0.458985
0.288116	0.522930
0.118289	0.114740
0.112867	0.134876
0.120998	0.160928
0.150424	0.239174
0.149667	0.416822
0.160434	0.399480
0.085852	0.202612
0.130723	0.237263
0.074514	0.107300
0.181812	0.553619
0.074821	0.127943
0.089812	0.142352
0.075294	0.123483
0.120393	0.179385
0.134152	0.293793
0.155308	0.306732
0.089381	0.121111
0.101270	0.131651
0.164806	0.130196
0.124355	0.123111
0.282060	0.493605
0.191247	0.303127
0.140758	0.254772
0.117053	0.193723
0.115197	0.266104
0.085236	0.149163
0.191255	0.565159
0.100406	0.162658
0.141321	0.253672
0.141557	0.265419
0.121474	0.160953
0.212766	0.601064
0.134293	1.093814
0.135340	0.403990
0.072821	0.128164
0.223683	0.784010
0.098487	0.114245
0.188596	0.243289
0.124674	0.188257
0.272546	0.438799
0.262743	1.060168
0.220946	0.512595
0.071897	0.147028
0.155674	0.490374
0.148267	0.272071
0.118688	0.176846
0.102720	0.111452
0.137297	0.168875
0.186713	0.230590
0.133043	0.272072
0.126062	0.108413
0.268634	0.495629
0.170250	0.231540
0.153999	0.140139
0.172214	0.116245
0.126434	0.123273
0.196784	0.465393
0.221761	0.204020
0.296719	0.491070
0.132681	0.185091
0.123605	0.142146
0.153747	0.269058
0.127681	0.158963
0.223064	0.576621
0.084896	0.110789
0.577744	3.218034
0.134903	0.156487
0.157581	0.188309
0.086055	0.134676
0.171099	0.326799
0.094991	0.122063
0.103837	0.179118
0.127361	0.243895
0.161436	0.209867
0.119018	0.132705
0.234583	0.213471
0.093966	0.151286
0.155280	0.271739
0.123734	0.105793
0.145198	0.203277
0.135803	0.290618
0.063372	0.235427
0.066171	0.101573
0.096129	0.099494
0.116010	0.156613
0.154744	0.449531
0.128097	0.151154
0.050066	0.120909
0.083771	0.186809
0.074349	0.218215
0.114731	0.127351
0.230566	0.519926
0.110495	0.192814
0.101109	0.249233
0.089677	0.254684
0.124155	0.248310
0.054058	0.125414
0.086771	0.116708
0.168362	0.105226
0.170112	0.189675
0.312455	0.573354
0.155940	0.233131
0.247385	0.343865
0.214386	0.273342
0.211656	0.741853
0.202742	0.301072
0.088980	0.088090
0.146371	0.108315
0.125209	0.166528
0.111262	0.097355
0.199764	0.205757
0.107230	0.198911
0.165894	0.198244
0.154484	0.257989
0.222521	0.298178
0.163712	0.329880
0.168984	0.226439
0.143931	0.187111
0.069910	0.089136
0.130380	0.145374
0.173088	0.263093
0.166548	0.260648
0.209326	0.416558
0.256796	0.270920
0.287124	0.845580
0.315888	0.333262
0.339165	0.551143
0.280628	0.325529
0.297617	0.229165
0.254954	0.374782
0.332694	0.497378
0.241393	0.148457
0.185766	0.164403
0.191813	0.148655
0.146824	0.108650
0.144600	0.108450
0.168930	0.200182
0.262423	0.347710
0.146914	0.214495
0.306274	0.802439
0.125268	0.300017
0.096185	0.221226
0.431312	0.700882
0.280428	0.420641
0.370524	0.616922
0.242411	0.613300
0.136587	0.167319
0.191443	0.390543
0.134384	0.133041
0.195214	0.272323
0.147930	0.200445
0.169097	0.270556
0.210900	0.403873
0.286781	0.466020
0.185862	0.138467
0.082003	0.135715
0.119262	0.139537
0.212901	0.288480
0.164801	0.499346
0.086184	0.132293
0.320899	0.430005
0.186597	0.309751
0.246252	0.350909
0.111452	0.145445
0.201534	0.201534
0.331281	0.470419
0.157422	0.236132
0.338978	0.777954
0.108562	0.146559
0.179884	0.403840
0.151592	0.293331
0.107751	0.174557
0.169706	0.361474
0.117301	0.141348
0.138438	0.211118
0.200209	0.197206
0.225938	0.230457
0.266330	0.649844
0.146971	0.250586
0.193697	0.264396
0.175574	0.258972
0.231905	0.297998
0.195239	0.235262
0.114653	0.173127
0.164921	0.185537
0.114720	0.111852
0.125497	0.163774
0.152450	0.301851
0.163811	0.230154
0.105056	0.215890
0.080101	0.185034
0.141400	0.448947
0.075095	0.111516
0.209672	0.870139
0.181437	0.250383
0.072998	0.133951
0.097090	0.137868
0.138636	0.161511
0.186913	0.270089
0.219878	0.352904
0.140686	0.312323
0.169515	0.341573
0.118315	0.127780
0.257716	0.539915
0.117992	0.107963
0.208549	0.506773
0.211293	0.712058
0.111739	0.141350
0.112884	0.198677
0.088053	0.195038
0.079775	0.138808
0.281885	1.539090
0.082917	0.146348
0.135147	0.279078
0.235656	0.371159
0.187077	0.496690
0.100292	0.131884
0.099240	0.231230
0.088963	0.099638
0.097245	0.186224
0.124661	0.263658
0.082055	0.168623
0.128491	0.229356
0.097879	0.241761
0.098843	0.202134
0.053664	0.122890
0.108865	0.240592
0.094391	0.149137
0.087923	0.245745
0.156633	0.665690
0.118953	0.212331
0.089059	0.115776
0.098341	0.123909
0.127744	0.206946
0.115324	0.242757
0.139631	0.306490
0.139373	0.349826
0.067923	0.121922
0.124035	0.285280
0.093498	0.237953
0.126999	0.216534
0.116207	0.119693
0.092448	0.154851
0.136961	0.172571
0.397411	2.442093
0.183783	0.373998
0.187388	0.198632
0.243595	0.320327
0.136859	0.126594
0.169936	0.155491
0.238260	0.629005
0.148462	0.159597
0.113006	0.140692
0.102537	0.224557
0.115560	0.215519
0.084247	0.093935
0.176463	0.296459
0.127576	0.313198
0.153785	0.251438
0.260728	1.350570
0.113302	0.215840
0.134924	0.261077
0.198140	0.330894
0.139647	0.200394
0.202762	0.281839
0.113353	0.135457
0.158957	0.337785
0.142954	0.151531
0.128309	0.238014
0.074087	0.090756
0.287868	1.147154
0.133982	0.332276
0.218495	1.232311
0.150066	0.237104
0.172947	0.313034
0.185816	0.473830
0.179575	0.181371
0.101893	0.159463
0.109052	0.298257
0.131224	0.311657
0.110597	0.228383
0.122899	0.151780
0.107550	0.117229
0.134156	0.284411
0.126730	0.198332
0.164185	0.415388
0.139390	0.230690
0.108181	0.137390
0.181256	0.311760
0.082611	0.106981
0.134410	0.227153
0.211808	0.553879
0.098164	0.215470
0.085797	0.166018
0.074623	0.091040
0.108812	0.223065
0.099276	0.192100
0.164323	0.248950
0.121295	0.157683
0.258213	2.591168
0.182987	0.240628
0.110144	0.165215
0.146426	0.145694
0.204481	0.225951
0.201207	0.140845
0.197974	0.178177
0.410132	2.485398
0.135923	0.116214
0.264037	0.545236
0.152446	0.333095
0.136006	0.234610
0.104556	0.161016
0.080877	0.111206
0.104714	0.145029
0.149595	0.394932
0.200285	0.176251
0.242773	0.672480
0.157757	0.212183
0.140351	0.209123
0.141509	0.245518
0.087607	0.155941
0.174917	0.685676
0.122779	0.230825
0.106537	0.185375
0.106296	0.164227
0.097085	0.169898
0.151365	0.314082
0.284704	1.470495
0.115559	0.195872
0.122935	0.194237
0.164706	0.186941
0.179400	0.370461
0.127111	0.163338
0.151130	0.383115
0.279569	0.483655
0.132243	0.126954
0.111257	0.111813
0.163128	0.212881
0.201068	0.347847
0.180127	0.229662
0.352633	0.252133
0.166905	0.196948
0.120535	0.124754
0.184799	0.234694
0.160137	0.201773
0.159735	0.301898
0.091211	0.109910
0.107025	0.508368
0.139945	0.524792
0.089636	0.180616
0.114667	0.165694
0.081070	0.118767
0.060140	0.118777
0.061655	0.133176
0.270207	0.441788
0.170889	0.199940
0.216216	0.331892
0.144248	0.241616
0.144150	0.204694
0.096897	0.136140
0.146040	0.202265
0.184251	0.332574
0.237734	1.189859
0.199470	0.498676
0.129688	0.230844
0.144319	0.260496
0.132845	0.259049
0.106285	0.201410
0.087005	0.315394
0.156131	0.289623
0.173322	0.774749
0.119979	0.352739
0.114407	0.135572
0.084014	0.128122
0.132009	0.223756
0.113670	0.129584
0.124313	0.119340
0.139647	0.209471
0.140532	0.289496
0.120865	0.145643
0.095829	0.176805
0.101137	0.132995
0.263744	1.118276
0.164827	0.192023
0.191277	0.286916
0.151501	0.237100
0.198591	0.219443
0.124028	0.231313
0.205984	0.317216
0.158807	0.313644
0.191225	0.265803
0.162734	0.200976
0.190717	0.410042
0.152709	0.167980
0.105930	0.099044
0.146939	0.276245
0.158051	0.209418
0.185563	0.411950
0.114515	0.208417
0.106473	0.122976
0.186943	0.460814
0.230326	0.601150
0.219052	0.221242
0.365920	0.783069
0.271164	0.802644
0.224643	0.176345
0.090026	0.101279
0.159061	0.174967
0.154552	0.275103
0.162693	0.344095
0.171036	0.444693
0.210040	0.476791
0.230871	0.301287
0.318267	1.069378
0.130887	0.149211
0.188364	0.313626
0.211501	0.230536
0.112121	0.286470
0.123299	0.141794
0.174363	0.554473
0.097953	0.159173
0.056280	0.152237
0.207762	0.797808
0.097315	0.124077
0.117818	0.203236
0.069371	0.087061
0.096585	0.135220
0.104500	0.292077
0.052665	0.097958
0.091252	0.162429
0.143236	0.177612
0.144301	0.206350
0.123550	0.176059
0.147366	0.223260
0.111988	0.132146
0.086392	0.475158
0.045334	0.106987
0.130519	0.123340
0.154733	0.288576
0.163292	0.162475
0.158086	0.334351
0.103663	0.162750
0.079426	0.137011
0.083576	0.117007
0.078659	0.155745
0.149197	0.356581
0.092449	0.255160
0.075142	0.108204
0.102992	0.150368
0.123955	0.226218
0.067430	0.093727
0.082164	0.149949
0.075813	0.188015
0.136051	0.150337
0.133883	0.339393
0.218289	0.481328
0.133796	0.145838
0.167492	0.114732
0.147283	0.185576
0.169860	0.136737
0.208219	0.208219
0.331285	0.848089
0.344388	0.606123
0.169797	0.223283
0.249147	0.386178
0.185810	0.209036
0.204449	0.238183
0.209564	0.373024
0.187420	0.387023
0.240756	0.244367
0.159655	0.225912
0.162816	0.269461
0.208369	0.238582
0.169916	0.206448
0.270176	0.557913
0.194719	0.254108
0.265946	0.722042
0.196540	0.199488
0.133359	0.158697
0.181518	0.354868
0.285429	0.468103
0.160049	0.229670
0.152586	0.268552
0.205590	0.465661
0.172102	0.322691
0.155010	0.184462
0.174644	0.221797
0.204797	0.418810
0.224413	0.457802
0.111743	0.194992
0.322559	0.687051
0.203859	0.427085
0.230204	0.285453
0.248036	0.502272
0.120340	0.138391
0.153971	0.248663
0.179690	0.320747
0.169617	0.327360
0.105830	0.104242
0.243264	0.558292
0.164704	0.247879
0.313328	0.788021
0.339152	0.400199
0.280566	0.667748
0.251414	0.833439
0.168206	0.148021
0.123348	0.147401
0.096107	0.151849
0.229703	0.472040
0.144226	0.131245
0.102605	0.125179
0.135679	0.148568
0.169530	0.199198
0.127899	0.127260
0.223264	0.503460
0.137285	0.214852
0.193304	0.368245
0.186522	0.398225
0.171444	0.354032
0.198944	0.317315
0.209118	0.328316
0.132069	0.201405
0.171786	0.239641
0.179690	0.374654
0.132485	0.223237
0.172641	0.289173
0.143906	0.194274
0.177648	0.197190
0.114873	0.168863
0.147054	0.233816
0.156887	0.289457
0.161720	0.212662
0.158129	0.235612
0.122531	0.156227
0.158455	0.325625
0.122861	0.189206
0.102436	0.222286
0.141365	0.130763
0.306113	0.780588
0.134465	0.293133
0.136070	0.184375
0.098287	0.157259
0.078390	0.097988
0.131827	0.297270
0.146379	0.219568
0.084667	0.134620
0.247328	0.601006
0.097391	0.112974
0.123811	0.198717
0.151974	0.240118
0.201576	0.336632
0.207347	0.447868
0.209173	0.265650
0.072833	0.193736
0.113982	0.120821
0.096996	0.170228
0.113804	0.113804
0.116195	0.183588
0.155225	0.162987
0.230351	0.519441
0.196572	0.381349
0.189155	0.210907
0.188319	0.241049
0.205586	0.363888
0.132378	0.156868
0.198899	0.425644
0.121334	0.114054
0.261545	0.868329
0.131399	0.135998
0.191641	0.426400
0.111351	0.232167
0.153612	0.275733
0.139003	0.214064
0.168812	0.177253
0.367370	0.677798
0.325231	0.596799
0.259028	0.279751
0.294155	0.478002
0.195556	0.291379
0.141074	0.156592
0.247442	0.254866
0.259049	0.414479
0.244381	0.695264
0.155590	0.364080
0.154106	0.201878
0.180007	0.272710
0.106582	0.113510
0.105655	0.103542
0.213171	0.315493
0.168433	0.272862
0.105404	0.125430
0.102132	0.111324
0.152739	0.258893
0.174712	0.232367
0.092140	0.133603
0.139848	0.303471
0.089709	0.161028
0.105698	0.214038
0.151456	0.501319
0.138196	0.241844
0.194791	0.411009
0.091874	0.171805
0.180781	0.329926
0.197141	0.369640
0.072730	0.121460
0.144095	0.345107
0.083689	0.130136
0.144591	0.245804
0.131178	0.241367
0.159733	0.181297
0.181467	0.378359
0.083972	0.112943
0.163338	0.127403
0.316015	0.854821
0.264650	0.766163
0.098224	0.114922
0.143614	0.193161
0.173632	0.149323
0.115596	0.230036
0.278323	0.779304
0.128883	0.260988
0.185272	0.264013
0.178108	0.110427
0.188208	0.384885
0.110955	0.108736
0.182774	0.434087
0.101624	0.120932
0.086885	0.161606
0.189224	0.374664
0.141797	0.143924
0.209545	0.323747
0.114790	0.113642
0.171968	0.290626
0.232879	0.413360
0.172368	0.193052
0.259247	0.299430
0.125258	0.140289
0.229963	0.505918
0.189025	0.320398
0.187775	0.235658
0.179867	0.279694
0.139007	0.121631
0.174853	0.233429
0.138114	0.231341
0.136477	0.113958
0.141843	0.175176
0.209881	1.037860
0.148723	0.138312
0.078277	0.132680
0.140039	0.191153
0.189349	0.502722
0.119855	0.182180
0.146645	0.272027
0.089223	0.175768
0.142822	0.409899
0.089724	0.152980
0.119985	0.446343
0.121074	0.459474
0.096404	0.177865
0.144890	0.157930
0.197903	0.257274
0.190826	0.180330
0.180413	0.478094
0.167802	0.394335
0.110114	0.121676
0.148341	0.387913
0.135743	0.226691
0.162275	0.620703
0.164333	0.252251
0.165961	0.214919
0.178291	0.297747
0.139241	0.102342
0.323705	1.561874
0.156740	0.146552
0.116958	0.148537
0.152379	0.241521
0.153796	0.163793
0.101635	0.111291
0.137446	0.224725
0.182965	0.362271
0.116447	0.250360
0.143603	0.401372
0.199404	0.205386
0.248468	1.597651
0.087547	0.127381
0.156663	0.353274
0.149568	0.257258
0.094789	0.130335
0.113238	0.206660
0.124504	0.159365
0.135256	0.206266
0.102642	0.133435
0.199947	0.566849
0.061114	0.165926
0.149252	0.211938
0.135395	0.152320
0.150402	0.259444
0.166416	0.439337
0.089655	0.183793
0.118905	0.230081
0.170459	0.265916
0.100465	0.138139
0.132406	0.274743
0.230896	0.354426
0.231011	0.481659
0.175842	0.271675
0.173314	0.116987
0.198357	0.192406
0.193855	0.273336
0.198304	0.187397
0.128545	0.153612
0.174308	0.209169
0.184987	0.343151
0.109051	0.098146
0.125414	0.125414
0.337056	2.696448
0.096562	0.115874
0.090710	0.123366
0.175900	0.306946
0.085838	0.128327
0.155043	0.344195
0.147116	0.227294
0.160040	0.282470
0.115017	0.162749
0.063896	0.109262
0.057804	0.149713
0.269419	0.845977
0.159346	0.186435
0.135727	0.208341
0.140214	0.257293
0.127818	0.194923
0.100628	0.170564
0.140040	0.334696
0.097624	0.133256
0.138150	0.292879
0.199460	0.718056
0.194450	0.715575
0.302150	1.191983
0.100820	0.175428
0.171979	0.337079
0.145984	0.459851
0.116975	0.118145
0.234114	1.438631
0.129386	0.214133
0.136621	0.289636
0.079822	0.101373
0.157408	0.305371
0.112276	0.234096
0.148070	0.240613
0.147764	0.285924
0.227978	0.453677
0.155289	0.208087
0.127392	0.229306
0.088817	0.113685
0.170063	0.193022
0.119239	0.149644
0.121567	0.199369
0.076789	0.152043
0.133369	0.160709
0.161483	0.237381
0.110269	0.103102
0.139032	0.275283
0.166930	0.199482
0.110932	0.141438
0.177078	0.207181
0.182420	0.493446
0.130348	0.202039
0.230713	0.636767
0.164893	0.314122
0.114168	0.160977
0.150010	0.155261
0.123572	0.233551
0.118395	0.156874
0.082966	0.101634
0.152039	0.165723
0.104411	0.116419
0.138407	0.136331
0.102966	0.174013
0.081535	0.130456
0.082480	0.138566
0.162728	0.451571
0.075420	0.119163
0.243864	0.549914
0.126687	0.112752
0.159753	0.210075
0.147462	0.179903
0.119522	0.141036
0.166912	0.169416
0.234353	0.312861
0.137654	0.231946
0.287789	0.477730
0.153784	0.167625
0.211386	0.338217
0.156215	0.658447
0.243646	0.556730
0.160254	0.294868
0.202147	0.302210
0.179079	0.242652
0.118901	0.161706
0.085576	0.174575
0.211311	0.402547
0.092716	0.178478
0.114280	0.235417
0.083979	0.190633
0.057224	0.103289
0.125538	0.524123
0.072739	0.160025
0.092505	0.141995
0.103543	0.126840
0.108108	0.170269
0.215967	0.255920
0.136254	0.118541
0.120966	0.157256
0.201134	0.622510
0.192102	0.305443
0.114648	0.206366
0.214781	0.294250
0.115056	0.178912
0.229408	0.433581
0.199131	0.857261
0.127679	0.194710
0.127200	0.142464
0.156464	0.290241
0.152607	0.152607
0.145375	0.471743
0.136897	0.294329
0.120097	0.216175
0.179649	1.095856
0.111966	0.145556
0.145273	0.434367
0.120647	0.429505
0.079688	0.182884
0.099898	0.165831
0.126805	0.362028
0.242027	0.924544
0.175578	0.372225
0.138832	0.120783
0.106444	0.210759
0.111895	0.326734
0.126130	0.259828
0.195637	0.328670
0.156156	0.174114
0.158486	0.173542
0.183841	0.253701
0.177800	0.250697
0.181684	0.409698
0.102108	0.135803
0.140954	0.216364
0.130614	0.422538
0.147927	0.244080
0.216378	0.385152
0.151396	0.237691
0.196161	0.536501
0.128619	0.138265
0.146279	0.244286
0.114506	0.186644
0.152360	0.240729
0.181498	0.247745
0.159082	0.349184
0.105140	0.147195
0.112256	0.354167
0.144702	0.292297
0.099765	0.111238
0.156140	0.687014
0.125359	0.465083
0.120784	0.209561
0.127528	1.291220
0.070110	0.291308
0.104364	0.158633
0.080270	0.161343
0.103292	0.323302
0.109734	0.222211
0.062243	0.171480
0.088299	0.149667
0.135154	0.257468
0.067497	0.106983
0.062916	0.117023
0.087722	0.234218
0.074181	0.131301
0.117850	0.628731
0.132978	0.249334
0.132769	0.355820
0.060069	0.087401
0.061075	0.124288
0.113043	0.179739
0.129212	0.133734
0.132004	0.110884
0.169563	0.306062
0.264292	1.786612
0.087606	0.151997
0.221946	0.511585
0.127644	0.172958
0.391668	2.598719
0.168232	0.343193
0.131357	0.265998
0.073254	0.107317
0.181795	0.176342
0.144919	0.148542
0.171163	0.203684
0.215734	0.350567
0.107783	0.133112
0.108002	0.197104
0.148470	0.288033
0.260834	0.455156
0.151487	0.401442
0.146425	0.175710
0.158963	0.198704
0.161652	0.299865
0.101329	0.128181
0.096505	0.187701
0.084343	0.413283
0.184215	0.352771
0.146694	0.297789
0.099291	0.198582
0.094855	0.174060
0.108450	0.289019
0.080841	0.158044
0.145068	0.120406
0.100280	0.149919
0.194482	0.255744
0.128631	0.143423
0.243507	0.431007
0.185792	0.394807
0.170335	0.195034
0.095760	0.133585
0.116445	0.110623
0.123457	0.199383
0.127688	0.125134
0.126349	0.163622
0.131970	0.185417
0.165325	0.286838
0.138382	0.130079
0.272594	2.281611
0.112443	0.184969
0.107042	0.167521
0.108204	0.209917
0.146888	0.361346
0.152951	0.175128
0.127293	0.205579
0.230065	0.457830
0.171840	0.463110
0.099025	0.144082
0.138054	0.254020
0.173679	0.349963
0.369917	3.340354
0.130525	0.261050
0.114693	0.119280
0.172388	0.382702
0.114201	0.308915
0.204405	0.289233
0.115991	0.297518
0.074734	0.189076
0.112936	0.130441
0.141769	0.243842
0.136257	0.177816
0.188243	0.279541
0.132905	0.229261
0.134025	0.145417
0.115202	0.149187
0.120878	0.152911
0.123286	0.151641
0.126525	0.107546
0.171571	0.259072
0.152171	0.130106
0.222448	0.662895
0.175694	0.326790
0.137106	0.166584
0.153331	0.159464
0.102720	0.247041
0.191463	0.708414
0.168099	0.126074
0.134165	0.283087
0.167808	0.207243
0.132575	0.217423
0.156837	0.160758
0.128226	0.181439
0.122989	0.234909
0.218594	0.460140
0.116186	0.224240
0.312437	0.865450
0.158693	0.127748
0.213000	0.421741
0.140091	0.128883
0.203361	0.232848
0.132101	0.113607
0.123889	0.183355
0.183642	0.356265
0.179426	0.379487
0.100975	0.111073
0.193324	0.334450
0.191869	0.406762
0.166074	0.215065
0.094676	0.164263
0.108193	0.154175
0.147712	0.186856
0.165116	0.359954
0.097086	0.149998
0.100163	0.155753
0.121841	0.272315
0.101113	0.366535
0.107329	0.263494
0.081950	0.100799
0.124960	0.194312
0.084675	0.150721
0.138762	0.423223
0.132271	0.175921
0.147414	0.348634
0.147756	0.370867
0.138747	0.398203
0.088113	0.159044
0.131119	0.121285
0.105832	0.151869
0.295076	0.516384
0.128915	0.152764
0.140163	0.399464
0.134796	0.268244
0.097900	0.149787
0.145153	0.353448
0.167363	0.184099
0.179324	0.494933
0.158386	0.171848
0.067323	0.154170
0.107581	0.281324
0.134218	0.216091
0.118379	0.361649
0.150470	0.395735
0.156047	0.447855
0.112739	0.117249
0.089018	0.211864
0.141458	0.259576
0.213618	0.397330
0.196799	1.101088
0.171470	0.246059
0.097677	0.109398
0.195761	0.372924
0.186966	0.255208
0.129726	0.154373
0.156279	0.319592
0.262387	1.233218
0.124192	0.210505
0.184032	0.271447
0.124429	0.135006
0.348003	1.646056
0.098805	0.114614
0.143299	0.402671
0.074702	0.135210
0.108331	0.146247
0.156750	0.253152
0.082704	0.167889
0.308866	0.792241
0.117046	0.203075
0.187646	0.227990
0.145512	0.135326
0.171177	0.315822
0.117734	0.177189
0.089122	0.211666
0.134757	0.272209
0.127909	0.388204
0.142670	0.375936
0.164390	0.311519
0.216596	1.156621
0.105299	0.282200
0.183959	0.336645
0.176110	0.431469
0.195703	0.591023
0.322415	1.218728
0.295511	2.101083
0.165417	0.353164
0.276171	1.507894
0.182860	0.682068
0.177283	0.234014
0.145741	0.227357
0.116689	0.158114
0.120118	0.127325
0.082945	0.130638
0.151733	0.241256
0.125204	0.153375
0.205128	0.397949
0.202143	0.274915
0.167931	0.439139
0.128621	0.230875
0.042838	0.107094
0.137159	0.303121
0.167805	0.202205
0.258319	0.745251
0.209769	0.442612
0.145185	0.177126
0.283355	0.859983
0.280052	0.597911
0.116865	0.131474
0.125169	0.169604
0.153627	0.264239
0.080052	0.148497
0.198703	0.386478
0.124048	0.189793
0.247294	0.594742
0.198231	0.307259
0.127047	0.134035
0.181290	0.517582
0.106518	0.191732
0.119978	0.235757
0.173105	0.336688
0.188659	0.203752
0.223973	0.440107
0.193511	0.224472
0.304830	0.361224
0.192115	0.378467
0.190714	0.185946
0.395973	1.484900
0.188252	0.243786
0.318654	0.759990
0.218066	0.135201
0.397756	0.477307
0.279184	0.203804
0.147176	0.152328
0.207941	0.228735
0.203238	0.120926
0.130122	0.130773
0.168811	0.313988
0.167011	0.230475
0.119673	0.151387
0.137057	0.161727
0.110443	0.179470
0.113896	0.149204
0.110479	0.157433
0.158998	0.519923
0.101062	0.183933
0.077283	0.205572
0.062668	0.101523
0.128519	0.257038
0.174657	0.399091
0.091262	0.160164
0.180636	0.269148
0.211353	0.453352
0.183433	0.365031
0.118829	0.193097
0.141795	0.167318
0.137241	0.461815
0.134707	0.380546
0.102444	0.147519
0.088751	0.182384
0.048924	0.117172
0.157042	0.493112
0.084387	0.174259
0.115915	0.162282
0.147799	0.397579
0.147414	0.440030
0.100455	0.175293
0.103560	0.171910
0.144853	0.363582
0.107214	0.171542
0.095343	0.131097
0.066613	0.109245
0.114192	0.191271
0.164855	0.346195
0.100831	0.205696
0.130265	0.183673
0.098712	0.156952
0.091802	0.163867
0.099617	0.109081
0.133437	0.341598
0.145756	0.188754
0.075733	0.102619
0.133166	0.209070
0.189817	0.195511
0.086635	0.111760
0.217342	0.169527
0.184987	0.151690
0.240304	0.224684
0.223268	0.165218
0.225595	0.390280
0.198323	0.476966
0.167691	0.306035
0.100569	0.129231
0.117371	0.133216
0.146122	0.218453
0.103858	0.111647
0.120993	0.206294
0.132313	0.333428
0.111709	0.255254
0.158930	0.361566
0.162012	0.446344
0.121444	0.173665
0.155639	0.201552
0.090654	0.177229
0.195289	0.830957
0.129820	0.210957
0.096196	0.109663
0.063893	0.183053
0.087466	0.149129
0.147902	0.279534
0.183459	0.336647
0.108140	0.236826
0.169784	0.376921
0.141801	0.165199
0.186308	0.135073
0.167502	0.325791
0.152846	0.298813
0.110350	0.177663
0.167429	0.264538
0.210356	0.403884
0.183821	0.355693
0.148383	0.258187
0.075600	0.148933
0.095795	0.112081
0.111378	0.247259
0.216136	0.716490
0.134681	0.150169
0.105249	0.122089
0.124591	0.107148
0.215191	0.387345
0.155325	0.385207
0.139346	0.220167
0.100010	0.090509
0.204614	0.634305
0.107989	0.109609
0.179479	0.218964
0.089322	0.120585
0.256057	1.063916
0.281605	1.068690
0.174220	0.256974
0.123769	0.120056
0.192925	0.309645
0.110358	0.141259
0.177466	0.256439
0.216725	0.447538
0.118359	0.108890
0.193253	0.241566
0.220411	0.483802
0.238907	0.599657
0.114676	0.220751
0.132463	0.139086
0.176688	0.549499
0.156072	0.658625
0.145480	0.229859
0.094929	0.103473
0.114389	0.162433
0.074544	0.107717
0.137181	0.231835
0.074659	0.142971
0.130924	0.454306
0.113699	0.188741
0.081678	0.178467
0.081648	0.119615
0.124445	0.200357
0.117271	0.231023
0.095890	0.153903
0.095626	0.219941
0.063786	0.118323
0.064391	0.177398
0.049353	0.174710
0.069152	0.234425
0.087330	0.130995
0.106138	0.265345
0.138325	0.459930
0.072950	0.141887
0.117038	0.282646
0.158380	0.211438
0.168010	0.187331
0.152242	0.143869
0.174430	0.356708
0.172459	0.307839
0.136866	0.211458
0.180714	0.415641
0.080454	0.111027
0.099274	0.136502
0.177144	0.365802
0.089725	0.132345
0.159564	0.351041
0.155316	0.200357
0.157121	0.386517
0.140913	0.179664
0.074094	0.116328
0.138574	0.209247
0.102986	0.313077
0.117611	0.181709
0.119757	0.146703
0.092943	0.125938
0.068446	0.155714
0.058516	0.098014
0.109483	0.167509
0.096543	0.165089
0.063187	0.171870
0.157144	1.264226
0.101405	0.130813
0.106593	0.173747
0.140064	0.524538
0.073687	0.277430
0.076237	0.114737
0.082571	0.173811
0.107829	0.174144
0.106517	0.109712
0.246218	1.015649
0.106870	0.143740
0.145945	0.272187
0.247153	0.523964
0.170738	0.218544
0.218858	0.403792
0.176150	0.280078
0.144988	0.158762
0.159124	0.221978
0.113988	0.125956
0.202579	0.874130
0.109377	0.124143
0.212538	0.558975
0.117118	0.177434
0.191690	0.276991
0.095229	0.158081
0.104763	0.150859
0.095945	0.168384
0.068061	0.169473
0.095353	0.136831
0.100726	0.143534
0.126431	0.129591
0.092030	0.103534
0.082775	0.134509
0.258459	0.205475
0.167712	0.154295
0.137146	0.123431
0.137993	0.164902
0.111877	0.127540
0.138916	0.366045
0.217988	1.026722
0.096795	0.189718
0.073724	0.119433
0.168982	0.526378
0.168886	0.409548
0.102604	0.163141
0.085214	0.168297
0.089464	0.139564
0.103612	0.196344
0.072706	0.128689
0.117801	0.270352
0.130712	0.298022
0.114059	0.164816
0.088371	0.181601
0.083970	0.158704
0.164424	0.466963
0.103741	0.221487
0.182201	0.409041
0.124113	0.182447
0.118195	0.143607
0.159746	0.287542
0.118069	0.141093
0.125947	0.108944
0.117246	0.534641
0.087610	0.215082
0.071483	0.277355
0.211407	0.860426
0.197427	0.394853
0.105574	0.319360
0.092460	0.303730
0.095751	0.125434
0.141996	0.168265
0.126283	0.199526
0.089782	0.114023
0.092138	0.123926
0.121924	0.235314
0.092192	0.166867
0.078366	0.082676
0.165414	0.219174
0.062139	0.166221
0.058158	0.167494
0.093061	0.143314
0.076052	0.124725
0.085967	0.180102
0.072344	0.229329
0.078630	0.128561
0.084486	0.140246
0.164266	0.425450
0.247463	0.522147
0.169171	0.398399
0.108741	0.169636
0.129915	0.248138
0.097853	0.158521
0.071830	0.132168
0.089554	0.267767
0.141360	0.189422
0.146445	0.330234
0.143028	0.178785
0.113246	0.128535
0.135328	0.247651
0.156536	0.233238
0.168641	0.181290
0.152474	0.195929
0.159639	0.272982
0.205490	0.351387
0.214414	0.886601
0.170444	0.320435
0.141615	0.124621
0.092467	0.143324
0.224523	0.443434
0.145853	0.189609
0.172796	0.232411
0.097640	0.101546
0.317452	0.872994
0.156374	0.125099
0.106741	0.132359
0.195528	0.407676
0.234960	0.542758
0.186815	0.431543
0.286761	0.407201
0.153688	0.169057
0.229972	0.177078
0.306639	0.361834
0.270981	0.491830
0.115079	0.140397
0.150417	0.364761
0.285981	0.690644
0.183778	0.308748
0.145082	0.241561
0.122567	0.194881
0.098227	0.117873
0.182880	0.212141
0.252878	0.826910
0.145240	0.267241
0.222597	0.473020
0.085456	0.133739
0.129982	0.190424
0.146442	0.218931
0.254573	0.168018
0.168936	0.187519
0.173948	0.160032
0.063489	0.144119
0.090145	0.183445
0.071363	0.147364
0.072782	0.231811
0.137730	0.295432
0.057598	0.133628
0.111865	0.108509
0.153561	0.159703
0.127249	0.169241
0.073694	0.136334
0.127157	0.209174
0.056827	0.089787
0.154744	0.345079
0.078155	0.152012
0.095298	0.163437
0.137717	0.477876
0.168292	0.607532
0.096442	0.189990
0.249853	1.100604
0.084252	0.195464
0.082210	0.497780
0.063347	0.210311
0.047598	0.140413
0.118634	0.258623
0.043958	0.118907
0.180649	0.556398
0.062424	0.118605
0.078356	0.111658
0.101890	0.229762
0.172615	0.382343
0.055886	0.181071
0.137906	0.252369
0.131532	0.172307
0.137916	0.142054
0.164060	0.234605
0.164880	0.496290
0.168420	0.376418
0.131279	0.399088
0.135121	0.241867
0.110283	0.136751
0.133372	0.265411
0.160719	0.398584
0.121565	0.343420
0.104547	0.188184
0.116303	0.244236
0.080345	0.132570
0.130596	0.308860
0.154346	0.346506
0.099690	0.108164
0.180902	0.275876
0.090241	0.114606
0.172724	0.407630
0.157312	0.235967
0.192810	0.346093
0.183157	0.360820
0.146538	0.180241
0.154480	0.339857
0.140173	0.228482
0.173637	0.456666
0.101991	0.192254
0.291869	1.698676
0.135346	0.214523
0.190404	0.300839
0.128757	0.130689
0.219520	0.254644
0.274254	0.379841
0.222216	0.513319
0.260812	0.530752
0.170607	0.222642
0.163294	0.175541
0.098426	0.103839
0.132509	0.188162
0.217169	0.447369
0.169247	0.235253
0.245262	0.598439
0.158600	0.265655
0.091029	0.181147
0.160996	0.178706
0.159447	0.263885
0.067629	0.099415
0.088547	0.145660
0.107061	0.178792
0.183215	0.282152
0.153497	0.354578
0.148703	0.259486
0.126015	0.139247
0.102311	0.116635
0.085317	0.130962
0.098290	0.153333
0.202062	0.515259
0.159955	0.275922
0.149881	0.303510
0.211418	0.975696
0.090700	0.168703
0.194253	0.429299
0.166392	0.404332
0.142080	0.284161
0.127651	0.272536
0.106268	0.113707
0.123596	0.142135
0.132738	0.217027
0.162830	0.351713
0.121729	0.181376
0.152832	0.275861
0.117509	0.163926
0.144118	0.199604
0.173248	0.284127
0.121599	0.189086
0.126870	0.197283
0.120303	0.228576
0.188699	0.358528
0.176455	0.373203
0.178818	0.423798
0.154640	0.335569
0.182510	0.502816
0.177174	0.408385
0.189344	0.215853
0.251971	0.251971
0.308725	0.706981
0.190206	0.165479
0.162850	0.179135
0.195035	0.155053
0.248360	0.589856
0.248855	0.513887
0.162050	0.286828
0.222433	0.497138
0.112064	0.165854
0.107818	0.254989
0.124876	0.127998
0.176925	0.360042
0.108569	0.125940
0.178051	0.210990
0.114412	0.112696
0.192415	0.253025
0.148266	0.193487
0.135634	0.161405
0.139595	0.211487
0.211088	0.355683
0.096909	0.153116
0.248862	0.629621
0.175652	0.289827
0.224233	0.230960
0.206303	0.498222
0.161288	0.199997
0.185378	0.300312
0.210612	0.569706
0.136264	0.193495
0.133601	0.175686
0.187041	0.360989
0.150787	0.315900
0.193340	0.442748
0.132573	0.331432
0.148440	0.342897
0.194618	0.556607
0.086261	0.114727
0.133636	0.249231
0.079927	0.128283
0.111853	0.110175
0.210674	0.610953
0.170611	0.390699
0.286896	0.707200
0.309636	0.933554
0.198367	0.370946
0.278370	0.958986
0.124476	0.129455
0.099468	0.151689
0.103995	0.139354
0.165102	0.250130
0.156484	0.153354
0.128343	0.277220
0.152494	0.501706
0.109478	0.124257
0.131602	0.110546
0.239233	0.441385
0.279985	0.554371
0.211130	0.305083
0.173802	0.251144
0.217978	0.627775
0.164067	0.241178
0.071612	0.102405
0.177120	0.266565
0.148653	0.136761
0.119185	0.100712
0.180264	0.167646
0.151982	0.145902
0.130121	0.201688
0.186941	0.401924
0.177969	0.403099
0.162327	0.465068
0.169150	0.252034
0.143757	0.214916
0.133658	0.152370
0.229621	0.308840
0.182001	0.354901
0.117735	0.150701
0.204114	0.146962
0.165768	0.142560
0.193487	0.227347
0.217914	0.241885
0.229483	0.395857
0.138991	0.117448
0.124528	0.156905
0.166692	0.419230
0.152878	0.216322
0.212429	0.361129
0.156697	0.188037
0.154448	0.135915
0.104355	0.154445
0.205012	0.937931
0.114281	0.132566
0.142995	0.356059
0.168417	0.189470
0.108557	0.122127
0.176797	0.269615
0.156666	0.173116
0.108525	0.123719
0.199314	0.319900
0.178171	0.285964
0.131274	0.118803
0.270434	0.911362
0.178215	0.245045
0.182713	0.403796
0.183864	0.172832
0.320246	1.157688
0.295332	0.287949
0.255952	0.213720
0.300866	0.538550
0.121827	0.235126
0.228779	0.666890
0.190272	0.294921
0.161508	0.233379
0.300647	0.512604
0.156938	0.120842
0.303352	0.292735
0.219099	0.299071
0.201063	0.395088
0.173719	0.397817
0.288014	0.872683
0.178712	0.207306
0.279175	0.774711
0.195553	0.598392
0.204652	0.605771
0.068065	0.200790
0.073661	0.187466
0.171530	0.357641
0.183207	0.279390
0.108636	0.240628
0.052746	0.222326
0.111365	0.153684
0.141025	0.325767
0.209077	0.591687
0.084691	0.180393
0.139167	0.206663
0.115881	0.289703
0.176312	0.654117
0.113510	0.138482
0.089952	0.147072
0.111736	0.182688
0.097636	0.135226
0.164762	0.221605
0.396065	1.253547
0.189007	0.291070
0.186776	0.523907
0.102562	0.156407
0.078720	0.131856
0.103425	0.141175
0.087560	0.110764
0.145432	0.203604
0.098879	0.236814
0.144619	0.360102
0.112450	0.244018
0.109766	0.220629
0.125612	0.263158
0.109046	0.263345
0.173908	0.307817
0.115047	0.123676
0.097983	0.231241
0.095244	0.146676
0.106798	0.124419
0.179688	0.320742
0.163555	0.318933
0.128370	0.179076
0.127552	0.165817
0.126078	0.209920
0.192478	0.358010
0.105857	0.215948
0.150847	0.317533
0.205911	0.470507
0.184591	0.297192
0.282671	0.337791
0.196256	0.375830
0.114746	0.187037
0.147888	0.241058
0.124060	0.135226
0.131458	0.139346
0.145184	0.324487
0.167628	0.450080
0.216126	0.548959
0.146165	0.167359
0.192064	0.362041
0.166820	0.382018
0.129922	0.232561
0.137076	0.316646
0.325502	1.391522
0.101896	0.203791
0.110817	0.117466
0.163694	0.234901
0.146920	0.307798
0.131976	0.229639
0.215173	0.834873
0.141494	0.249030
0.182495	0.421563
0.185771	0.165336
0.127763	0.245305
0.141265	0.210485
0.279000	0.453375
0.315756	1.621406
0.196653	0.283181
0.148050	0.197647
0.169919	0.244683
0.149848	0.364879
0.114904	0.137311
0.131702	0.360864
0.158635	0.301406
0.112619	0.143026
0.181193	0.539050
0.126121	0.279989
0.195079	0.462338
0.118305	0.142557
0.180726	0.321693
0.208360	0.426095
0.204781	0.646083
0.139318	0.146981
0.221058	0.722859
0.203078	0.301570
0.107690	0.102305
0.135638	0.145810
0.117767	0.095391
0.224098	0.679018
0.119199	0.118007
0.125458	0.118558
0.262634	0.489813
0.224800	0.169724
0.193322	0.508437
0.163900	0.169636
0.178049	0.187842
0.280395	0.450035
0.131921	0.146432
0.294809	0.209315
0.203985	0.175427
0.191465	0.418351
0.158608	0.180020
0.243210	0.324685
0.305375	1.081027
0.139221	0.199783
0.153977	0.113173
0.113408	0.100366
0.149296	0.360550
0.119884	0.123480
0.176004	0.376649
0.155757	0.328647
0.102266	0.137547
0.101828	0.182271
0.128605	0.261067
0.247160	0.480726
0.126151	0.138135
0.127049	0.172787
0.121262	0.144908
0.253010	0.708429
0.142451	0.482197
0.186452	0.455874
0.196512	0.855809
0.115675	0.165415
0.139247	0.277101
0.292257	0.770098
0.240108	0.370967
0.246484	0.373423
0.103679	0.122342
0.116104	0.157901
0.143571	0.143571
0.130661	0.128701
0.112362	0.163487
0.142236	0.296562
0.157690	0.209728
0.144564	0.166248
0.166330	0.289414
0.223098	0.334648
0.268586	0.421679
0.181996	0.354893
0.159894	0.155897
0.117278	0.121969
0.190559	0.566913
0.086969	0.096536
0.152740	0.155795
0.125133	0.354126
0.130620	0.135844
0.262189	0.447032
0.205783	0.281923
0.201118	0.183018
0.222103	0.176572
0.227580	0.306096
0.157091	0.165731
0.140105	0.201051
0.232320	0.572670
0.201103	0.175965
0.193013	0.192048
0.153805	0.146115
0.253104	0.555563
0.246464	0.518807
0.100548	0.118647
0.181219	0.492915
0.065492	0.125089
0.111162	0.173968
0.139706	0.212353
0.209951	0.852401
0.050384	0.144097
0.074007	0.125072
0.129306	0.206242
0.087861	0.108069
0.167318	0.490242
0.122965	0.183218
0.169584	0.172128
0.206805	0.312275
0.146564	0.223510
0.136972	0.256137
0.242385	0.765938
0.131747	0.117255
0.109180	0.123919
0.071013	0.123562
0.125718	0.236350
0.065926	0.107789
0.087213	0.114685
0.251537	0.293041
0.225567	0.563917
0.387842	0.781503
0.160022	0.371251
0.159595	0.286473
0.333368	0.638400
0.108734	0.099491
0.135149	0.139204
0.179832	0.212202
0.227638	0.821775
0.226921	0.739764
0.112389	0.134867
0.202709	0.377038
0.152315	0.126421
0.140360	0.171239
0.163122	0.281385
0.081854	0.098225
0.150960	0.209080
0.152483	0.256934
0.142417	0.170188
0.144691	0.130945
0.117604	0.117016
0.114386	0.133260
0.133733	0.163823
0.112440	0.293467
0.079203	0.156029
0.118819	0.207933
0.092661	0.150110
0.123109	0.176661
0.109382	0.125243
0.107411	0.155209
0.203680	0.449115
0.126553	0.169580
0.114318	0.356100
0.150716	0.181613
0.180616	0.531012
0.114262	0.176534
0.114711	0.201892
0.087434	0.107543
0.095552	0.200660
0.196907	0.695082
0.102245	0.136496
0.069758	0.096614
0.101551	0.136586
0.108128	0.134078
0.136869	0.295637
0.113866	0.221470
0.085993	0.129420
0.090472	0.112185
0.109243	0.203193
0.126763	0.156552
0.117656	0.199427
0.128195	0.284592
0.108241	0.206199
0.109355	0.208868
0.138053	0.134602
0.234085	0.814614
0.089560	0.127176
0.117654	0.128243
0.078741	0.099608
0.107708	0.115247
0.127528	0.330297
0.083779	0.222851
0.112345	0.219072
0.181086	0.402011
0.115699	0.381807
0.121693	0.156985
0.113837	0.137173
0.146437	0.158152
0.169307	0.250575
0.156534	0.349853
0.122139	0.150842
0.191671	0.348840
0.175939	0.326367
0.173348	0.219285
0.171524	0.261574
0.126177	0.206931
0.147460	0.143773
0.093257	0.126829
0.197544	0.402990
0.177880	0.187663
0.170699	0.214227
0.230330	0.831492
0.127698	0.228580
0.148880	0.244164
0.143280	0.306619
0.133146	0.137806
0.155992	0.322123
0.111929	0.130956
0.117940	0.204625
0.113043	0.106826
0.167602	0.139110
0.287599	0.467348
0.153713	0.132193
0.148414	0.142478
0.182715	0.299652
0.129243	0.133766
0.136732	0.130579
0.125586	0.143796
0.222918	0.481504
0.214876	0.384629
0.221304	0.433757
0.099259	0.150874
0.197974	0.448412
0.118192	0.160741
0.334026	1.209174
0.137241	0.129693
0.165999	0.254808
0.121432	0.152398
0.114302	0.142306
0.225978	0.475683
0.190514	0.445802
0.104143	0.128616
0.143488	0.226711
0.214596	0.472112
0.190148	0.515302
0.231083	0.326982
0.156851	0.492512
0.140661	0.190595
0.095282	0.177700
0.153485	0.218716
0.155188	0.381763
0.181592	0.246057
0.149507	0.305741
0.125435	0.281601
0.085985	0.114789
0.109975	0.352470
0.122915	0.153644
0.120349	0.184134
0.172649	0.233939
0.152759	0.423907
0.135436	0.128665
0.213852	0.605203
0.146934	0.357050
0.073575	0.151196
0.163826	0.307992
0.081382	0.106610
0.113381	0.164970
0.095163	0.118479
0.122162	0.158200
0.189555	0.783809
0.091647	0.119142
0.149736	0.240327
0.111436	0.118122
0.126821	0.141405
0.250997	0.967594
0.211959	0.255411
0.247642	0.659967
0.091181	0.106226
0.104528	0.190763
0.101275	0.118491
0.104176	0.190642
0.201459	0.381765
0.168435	0.275390
0.188873	0.344693
0.214658	0.539864
0.090718	0.136077
0.202980	0.188771
0.125468	0.157463
0.104095	0.241501
0.057717	0.147178
0.073318	0.154334
0.048707	0.103258
0.078093	0.136663
0.076107	0.183038
0.116323	0.423417
0.094741	0.142111
0.143191	0.515489
0.110849	0.195648
0.109309	0.112588
0.228021	0.521028
0.176273	0.442445
0.114045	0.280551
0.084938	0.128681
0.260631	0.777984
0.164100	0.297021
0.225593	0.374485
0.133753	0.119040
0.256623	0.777567
0.078951	0.125927
0.094986	0.108759
0.138026	0.224293
0.164822	0.400517
0.143397	0.298982
0.085375	0.124647
0.112556	0.111430
0.156729	0.210801
0.237649	0.324391
0.147745	0.384138
0.128664	0.200072
0.109091	0.115636
0.068343	0.103539
0.181041	0.236258
0.103477	0.230237
0.107991	0.201943
0.097725	0.200335
0.152019	0.250070
0.155807	0.444829
0.217391	0.638043
0.159879	0.314162
0.125904	0.216554
0.157725	0.333589
0.140292	0.284793
0.240615	0.591913
0.092297	0.126447
0.168181	0.193408
0.112050	0.106448
0.153592	0.346349
0.085258	0.120214
0.147962	0.161279
0.206857	0.297873
0.239572	0.473155
0.165095	0.259199
0.126340	0.224886
0.169713	0.432769
0.100462	0.123568
0.110621	0.184737
0.107799	0.132593
0.190190	0.539190
0.153673	0.180566
0.221475	0.312280
0.186245	0.170414
0.140391	0.229539
0.104141	0.112472
0.100891	0.124097
0.137155	0.281167
0.093623	0.143243
0.120182	0.235556
0.103844	0.177572
0.136105	0.246350
0.164104	0.332310
0.153415	0.412686
0.154378	0.290232
0.168829	0.234673
0.173968	0.180057
0.123149	0.104061
0.149294	0.177660
0.118427	0.259355
0.227268	0.620442
0.137107	0.237881
0.219122	0.409758
0.122585	0.205329
0.193428	0.351073
0.145771	0.246353
0.153725	0.345112
0.110253	0.269567
0.154818	0.352986
0.166350	0.340186
0.161235	0.279743
0.149234	0.248474
0.091890	0.167699
0.090906	0.130904
0.466873	4.099146
0.503820	0.423209
0.325967	0.373232
0.423163	0.251782
0.486532	0.420850
0.438283	0.427326
0.425448	0.540318
0.517599	0.680643
0.349400	0.333677
0.292343	0.656310
0.276778	0.914750
0.409716	2.232952
0.279253	0.199666
0.242748	0.252458
0.347750	0.610302
0.204790	0.267250
0.202180	0.273954
0.223339	0.396427
0.238012	0.407000
0.206448	0.297285
0.203897	0.251813
0.205141	0.380536
0.241545	0.601448
0.162569	0.249543
0.129829	0.210973
0.160914	0.259877
0.136905	0.521610
0.200434	0.766659
0.114829	0.233104
0.084964	0.112577
0.175509	0.180774
0.148356	0.318965
0.250595	0.466107
0.098094	0.148613
0.127709	0.183262
0.131450	0.210977
0.091243	0.148727
0.191550	0.619665
0.154385	0.399856
0.102366	0.240560
0.071308	0.107674
0.157752	0.202712
0.136379	0.404364
0.168746	0.534924
0.065865	0.202204
0.084066	0.220675
0.145664	0.257096
0.109479	0.137396
0.121752	0.159495
0.173645	0.349894
0.118078	0.127524
0.159516	0.181848
0.126152	0.287627
0.114649	0.132420
0.075000	0.122626
0.132799	0.178615
0.145684	0.131844
0.188687	0.332089
0.145381	0.385259
0.167251	0.347045
0.072783	0.545506
0.130048	0.152806
0.183943	0.399156
0.167318	0.139711
0.160030	0.172832
0.141784	0.153127
0.291987	0.354765
0.296246	0.555460
0.126815	0.112865
0.294512	1.351810
0.091290	0.153824
0.169444	0.190625
0.116473	0.202664
0.159540	0.428365
0.092301	0.214138
0.096366	0.252960
0.125961	0.353950
0.140186	0.160513
0.212357	0.417281
0.156051	0.195064
0.106915	0.145939
0.156938	0.336632
0.142987	0.146562
0.174952	0.240559
0.079148	0.130199
0.114480	0.137376
0.102322	0.169855
0.318144	2.740813
0.135852	0.245213
0.126429	0.140968
0.138206	0.396652
0.144784	0.155643
0.198170	0.176372
0.201317	0.151995
0.216818	0.312218
0.221670	0.481024
0.127634	0.296110
0.138393	0.157076
0.151418	0.626114
0.192558	0.459252
0.146510	0.248334
0.109526	0.178527
0.090890	0.135425
0.134158	0.148244
0.126497	0.149267
0.195270	0.558472
0.096272	0.159812
0.133251	0.720220
0.066313	0.126326
0.091369	0.168119
0.100256	0.177954
0.090402	0.113906
0.100398	0.123992
0.072426	0.139782
0.090735	0.171942
0.125707	0.196103
0.071675	0.100345
0.150168	0.272554
0.152476	0.249298
0.126601	0.258266
0.228421	0.752646
0.277461	0.960015
0.144295	0.381660
0.121133	0.147782
0.195520	0.464360
0.170227	0.347262
0.171483	0.196349
0.157503	0.191366
0.211055	0.299698
0.114727	0.137098
0.211084	0.400004
0.175114	0.324837
0.312820	0.549000
0.141808	0.121245
0.201275	0.344181
0.121507	0.148846
0.113619	0.110778
0.106595	0.114590
0.179908	0.284254
0.097349	0.143102
0.107514	0.245132
0.121014	0.366673
0.171819	0.252574
0.194487	0.259641
0.238753	0.358129
0.177506	0.263596
0.185009	0.354293
0.090410	0.177203
0.055344	0.140020
0.057226	0.122178
0.112840	0.212139
0.080459	0.246203
0.156243	0.130463
0.184883	0.235725
0.155689	0.686589
0.201743	0.980469
0.172177	0.268596
0.226273	0.182150
0.191225	0.213216
0.206553	0.203454
0.310629	0.636790
0.207172	0.304544
0.282434	0.724443
0.168244	0.185910
0.210360	0.275572
0.360306	1.871787
0.252052	0.341530
0.140144	0.107911
0.144385	0.154491
0.150102	0.243165
0.149849	0.316930
0.221526	0.385456
0.164480	1.085565
0.068500	0.098639
0.088319	0.154558
0.144748	0.280812
0.112311	0.272353
0.120075	0.247954
0.184137	0.449295
0.193419	0.308503
0.204777	0.538563
0.126331	0.270979
0.070336	0.134693
0.077913	0.142580
0.209073	0.292702
0.266518	1.175343
0.139405	0.209804
0.144705	0.138193
0.168682	0.312061
0.117860	0.319989
0.102066	0.322530
0.204152	0.520587
0.085044	0.247903
0.123112	0.289929
0.114029	0.722374
0.124621	0.176338
0.112609	0.338952
0.063872	0.139881
0.105344	0.303391
0.090608	0.136818
0.067007	0.149762
0.107338	0.410032
0.085685	0.109676
0.089774	0.152615
0.148903	0.332054
0.107542	0.184434
0.064305	0.104174
0.107496	0.147808
0.151786	0.476607
0.122868	0.195975
0.203702	0.227127
0.085331	0.134824
0.098516	0.195062
0.108379	0.225970
0.079920	0.153846
0.114824	0.459871
0.081793	0.142729
0.099098	0.271529
0.078599	0.155625
0.114996	0.318539
0.079019	0.201104
0.060486	0.131255
0.125631	0.194100
0.136112	0.124542
0.191397	0.367482
0.150847	0.150847
0.130583	0.167799
0.172715	0.561325
0.250413	0.593479
0.102320	0.128924
0.181605	0.266959
0.196949	0.369279
0.158299	0.426616
0.090717	0.143333
0.154654	0.678932
0.075936	0.116941
0.088639	0.187915
0.076620	0.095775
0.115658	0.201824
0.180317	0.306540
0.152129	0.117900
0.108645	0.161337
0.082487	0.139404
0.137368	0.340671
0.149888	0.691734
0.104686	0.142896
0.109787	0.194323
0.147785	0.245323
0.156297	0.375895
0.162195	0.144353
0.203202	0.508005
0.147547	0.286979
0.194316	0.377945
0.095045	0.275632
0.086043	0.154017
0.186129	0.417859
0.164700	0.807031
0.106770	0.106236
0.135666	0.271332
0.115835	0.173752
0.146186	0.349384
0.107748	0.283915
0.088208	0.105408
0.116689	0.182035
0.085947	0.126772
0.098132	0.165352
0.212151	0.888913
0.102447	0.168013
0.128905	0.172088
0.103355	0.153482
0.086590	0.162790
0.159353	0.243013
0.251745	0.591600
0.122878	0.140695
0.153516	0.286308
0.104802	0.208557
0.075087	0.146419
0.117176	0.312860
0.091179	0.234786
0.078266	0.148706
0.105590	0.149938
0.106545	0.219483
0.093829	0.170300
0.147812	0.319274
0.115625	0.163031
0.124270	0.265315
0.107107	0.192793
0.086288	0.140649
0.099010	0.168813
0.137073	0.369411
0.257568	1.344505
0.122763	0.410642
0.144499	0.214581
0.111611	0.246102
0.099100	0.173920
0.118361	0.175174
0.145700	0.514322
0.149429	0.273455
0.205623	0.428723
0.143677	0.165947
0.200638	0.424350
0.213921	0.250288
0.144193	0.159333
0.127319	0.230447
0.140914	0.336785
0.154999	0.411523
0.112589	0.278095
0.111393	0.154836
0.185999	0.154379
0.191422	0.325418
0.111258	0.122940
0.114391	0.106384
0.166779	0.356908
0.125440	0.176870
0.166062	0.239129
0.173570	0.144931
0.164074	0.250212
0.107347	0.103053
0.259237	0.565137
0.116778	0.179838
0.108047	0.100484
0.150252	0.262941
0.180158	0.431478
0.122481	0.224140
0.098223	0.138003
0.132736	0.280737
0.189792	0.527622
0.174738	0.306666
0.128567	0.152352
0.146279	0.213567
0.150236	0.134461
0.099231	0.112628
0.149045	0.140847
0.103935	0.124203
0.184123	0.421641
0.109364	0.230211
0.171541	0.362808
0.089100	0.125630
0.114322	0.181201
0.097321	0.166418
0.104414	0.107546
0.167394	0.157351
0.143492	0.255417
0.156820	0.285413
0.125079	0.207631
0.089788	0.120765
0.243968	0.324478
0.121047	0.184597
0.194922	0.452219
0.176603	0.191614
0.222715	0.317369
0.219868	1.368676
0.176273	0.249426
0.157885	0.297614
0.114304	0.124591
0.121997	0.246435
0.192710	0.624381
0.191484	0.313076
0.121437	0.157868
0.308877	0.515825
0.145623	0.180572
0.122599	0.166121
0.185823	0.519375
0.398138	2.496328
0.111709	0.115061
0.158359	0.197156
0.224003	0.439046
0.250914	0.621013
0.213604	0.220013
0.184019	0.146295
0.120862	0.115423
0.239348	0.295595
0.299552	0.638047
0.147308	0.138470
0.189498	0.300354
0.141221	0.135572
0.143814	0.275403
0.145473	0.192024
0.094115	0.148702
0.140746	0.199156
0.231544	0.637903
0.148933	0.199570
0.085041	0.120332
0.098452	0.290924
0.095167	0.127523
0.122461	0.325134
0.124527	0.440203
0.066681	0.158034
0.138294	0.291800
