Velocity(m/s)	Chord(mm)
0.058733	0.096322
0.093435	0.112589
0.153333	0.422432
0.090806	0.139388
0.075703	0.183958
0.171129	0.294342
0.142778	0.257000
0.082515	0.092416
0.065508	0.098590
0.213823	0.459719
0.138333	0.251766
0.122521	0.278123
0.177120	1.170760
0.075104	0.113782
0.101054	0.121264
0.128851	0.154621
0.107014	0.151960
0.136078	0.219086
0.132586	0.134575
0.222664	0.340675
0.214164	0.222731
0.315234	0.650958
0.154260	0.138834
0.143970	0.154767
0.153938	0.127769
0.129259	0.173853
0.232318	0.306660
0.179913	0.210499
0.258023	0.442509
0.117452	0.096311
0.160627	0.137336
0.183088	0.312165
0.118152	0.134102
0.112922	0.105017
0.197558	0.370421
0.122409	0.164029
0.198030	0.427745
0.118647	0.179750
0.162111	0.193722
0.238075	4.427013
0.319493	1.000014
0.165035	0.404336
0.112157	0.153656
0.087609	0.157259
0.117285	0.118458
0.164370	0.194778
0.115114	0.177851
0.092934	0.236982
0.141894	0.393757
0.148105	0.259183
0.169945	0.356884
0.299114	0.916786
0.093497	0.162217
0.120085	0.136297
0.114665	0.225316
0.136510	0.201352
0.141581	0.181931
0.250223	0.469168
0.275897	0.673187
0.206142	0.313335
0.111661	0.130644
0.147351	0.181242
0.151511	0.153784
0.184511	0.198349
0.113340	0.106540
0.177286	0.288090
0.143808	0.157470
0.245990	0.232460
0.228786	0.494177
0.109502	0.145638
0.179717	0.228240
0.098379	0.086574
0.155259	0.186310
0.167735	0.244894
0.238960	0.411011
0.182341	0.248896
0.200579	0.399153
0.148414	0.242656
0.152486	0.269138
0.095405	0.146923
0.092603	0.742679
0.055998	0.096876
0.108524	0.158445
0.108460	0.197398
0.261826	0.748821
0.116721	0.269626
0.104716	0.173828
0.195155	0.332739
0.181380	0.418082
0.223064	0.307828
0.304931	0.373540
0.426394	0.584159
0.145906	0.097757
0.178821	0.165409
0.297981	0.186238
0.438662	1.182194
0.363277	0.365093
0.196160	0.188313
0.331135	0.283121
0.368484	0.429284
0.315205	0.392430
0.261302	0.171153
0.270511	0.343549
0.336235	0.477454
0.325017	0.245388
0.194575	0.130365
0.259712	0.177903
0.085794	0.093516
0.236295	0.350898
0.254399	0.438839
0.179146	0.152274
0.038564	0.087347
0.185769	0.324168
0.159365	0.099603
0.193366	0.121820
0.127785	0.112451
0.129002	0.243169
0.127957	0.152269
0.302526	0.245046
0.133921	0.604655
0.053762	0.118546
0.164485	2.173674
0.220009	0.361916
0.125710	0.120053
0.120507	0.098213
0.189912	0.321900
0.114817	0.094724
0.133227	0.197176
0.172551	0.184630
0.108320	0.112652
0.117917	0.107304
0.209881	0.422910
0.263015	0.457646
0.243317	0.518264
0.191724	0.252118
0.179156	0.219466
0.091128	0.124389
0.143792	0.167518
0.159213	0.236431
0.220398	0.221500
0.132890	0.157475
0.280696	0.603496
0.146007	0.127757
0.195040	0.234048
0.225850	0.292476
0.189656	0.293018
0.192053	0.296722
0.208556	0.396257
0.239245	0.385184
0.187831	0.183136
0.268278	0.733740
0.161305	0.141948
0.175145	0.122601
0.329556	0.680533
0.176282	0.260017
0.166070	0.146972
0.161668	0.132568
0.191762	0.308738
0.097681	0.099146
0.195301	0.473605
0.175134	0.306484
0.153460	0.249373
0.145977	0.233563
0.180490	0.359175
0.136701	0.177711
0.237118	0.769448
0.153059	0.192088
0.092844	0.103985
0.144529	0.191501
0.238090	0.514274
0.102080	0.116882
0.099653	0.138019
0.122540	0.149499
0.102432	0.181304
0.102372	0.182734
0.098176	0.133519
0.140238	0.437543
0.130344	0.254170
0.144986	0.171084
0.154381	0.414512
0.142538	0.294340
0.107666	0.187876
0.075772	0.143967
0.120798	0.201733
0.104121	0.257179
0.115616	0.241058
0.114307	0.246902
0.158394	0.171066
0.146626	0.335773
0.138512	0.302650
0.112079	0.212950
0.098635	0.110965
0.173589	0.373216
0.092666	0.229812
0.089672	0.295918
0.081426	0.106667
0.113338	0.210808
0.111604	0.215955
0.117220	0.155902
0.175233	0.576517
0.096801	0.138425
0.116571	0.243051
0.064095	0.176583
0.055351	0.126201
0.069924	0.197534
0.082704	0.283674
0.092171	0.284349
0.048013	0.096986
0.046995	0.114197
0.072309	0.114610
0.096285	0.253710
0.064720	0.097080
0.084546	0.097651
0.079168	0.110439
0.150715	0.373019
0.215615	0.411825
0.124281	0.138574
0.285545	0.571090
0.300092	1.207871
0.068433	0.085200
0.074328	0.119668
0.116864	0.216782
0.174365	0.344371
0.104795	0.181819
0.152115	0.153636
0.265859	0.599511
0.237000	0.276104
0.173581	0.291616
0.175648	0.379401
0.099083	0.140203
0.110092	0.118349
0.227424	1.026820
0.087993	0.120991
0.172483	0.377738
0.118238	0.203960
0.156088	0.285641
0.141583	0.173440
0.079313	0.143953
0.071282	0.139712
0.131968	0.168259
0.106547	0.338286
0.141475	0.257484
0.070203	0.103900
0.129724	0.255557
0.110484	0.176222
0.131305	0.202866
0.084598	0.110400
0.221338	0.194778
0.206589	0.363598
0.220133	0.876128
0.073881	0.245286
0.075162	0.144311
0.154201	0.175018
0.078307	0.117068
0.088966	0.162363
0.147730	0.231936
0.096924	0.181248
0.086237	0.176355
0.099052	0.144121
0.078552	0.089550
0.103419	0.132894
0.121731	0.132078
0.076787	0.162788
0.089212	0.157012
0.090356	0.149990
0.070756	0.129129
0.082898	0.168284
0.101713	0.098662
0.138551	0.382402
0.108289	0.191671
0.268950	1.586807
0.190297	0.534733
0.176344	0.599570
0.096198	0.198649
0.141540	0.275296
0.133352	0.336048
0.191964	0.366651
0.093168	0.096895
0.109439	0.182763
0.138311	0.263482
0.127035	0.167686
0.185446	0.428380
0.096856	0.097340
0.124962	0.163701
0.123594	0.099493
0.171119	0.118928
0.213135	0.169443
0.204607	0.155501
0.154866	0.158738
0.153757	0.113781
0.140326	0.094019
0.078004	0.108426
0.080754	0.137282
0.085944	0.143097
0.097333	0.239927
0.080526	0.126425
0.142178	0.351890
0.087750	0.111881
0.130435	0.320217
0.090118	0.169872
0.115540	0.203928
0.076899	0.100738
0.125009	0.186888
0.166119	0.364631
0.106614	0.091155
0.195966	0.391932
0.184669	0.374879
0.108037	0.180961
0.151911	0.235462
0.106841	0.252145
0.141871	0.315663
0.159427	0.290157
0.156146	0.185814
0.247822	0.361820
0.117020	0.132818
0.191120	0.253233
0.317996	0.615322
0.252705	0.365159
0.162329	0.104702
0.212893	0.196926
0.131758	0.166015
0.195675	0.410917
0.299098	0.595205
0.167089	0.123646
0.182791	0.118814
0.153429	0.159566
0.134962	0.105945
0.160234	0.165041
0.120173	0.178457
0.087274	0.096438
0.135870	0.138588
0.256268	0.536880
0.170208	0.211058
0.224939	0.461125
0.120209	0.250636
0.144258	0.238026
0.096098	0.153277
0.108387	0.099716
0.172129	0.228070
0.149683	0.236499
0.144354	0.155902
0.147071	0.144130
0.168944	0.192596
0.173003	0.128022
0.214299	0.364308
0.311577	0.415955
0.123254	0.147289
0.157506	0.211058
0.232669	0.678229
0.146603	0.400227
0.133320	0.212646
0.171501	0.428753
0.113091	0.144757
0.117310	0.233448
0.096134	0.119207
0.157687	0.246780
0.140695	0.132957
0.165069	0.285570
0.080619	0.125765
0.172760	0.319607
0.097571	0.121964
0.166794	0.385293
0.156736	0.310336
0.189882	0.468060
0.175704	0.217873
0.259055	0.549197
0.085161	0.140516
0.139105	0.146756
0.165322	0.233104
0.127061	0.189957
0.119688	0.092160
0.334750	1.052788
0.286016	0.393272
0.123720	0.121864
0.278048	0.239121
0.135719	0.228687
0.198265	0.166543
0.272096	0.555077
0.183899	0.528710
0.191142	0.488367
0.162855	0.130284
0.230839	0.255077
0.183328	0.183328
0.118792	0.131859
0.308221	0.331338
0.158996	0.190795
0.132350	0.177349
0.109799	0.108152
0.130537	0.258462
0.178459	0.242704
0.210295	0.182957
0.342118	0.677394
0.227828	0.492109
0.104376	0.118466
0.131192	0.139064
0.139219	0.115552
0.254105	0.959247
0.105621	0.103509
0.134635	0.140020
0.201319	0.517390
0.071406	0.078189
0.114725	0.178398
0.123719	0.223931
0.107656	0.116806
0.264237	0.590570
0.141307	0.290387
0.113181	0.218440
0.071171	0.574707
0.099715	0.173504
0.159581	0.234584
0.085942	0.120749
0.110376	0.143489
0.192712	0.343991
0.193821	0.249060
0.119819	0.208485
0.152012	0.189254
0.154072	0.104769
0.242848	0.364271
0.171671	0.174246
0.131159	0.129848
0.444243	1.254986
0.181188	0.123208
0.292208	0.312663
0.232733	0.235060
0.196757	0.398433
0.215008	0.474092
0.159913	0.222279
0.264750	0.329614
0.211228	0.292551
0.225624	0.240289
0.219922	0.239715
0.164187	0.128066
0.122140	0.165500
0.231488	0.393530
0.211449	0.392238
0.161198	0.241798
0.096931	0.166237
0.105044	0.207463
0.081413	0.218187
0.050009	0.170280
0.053003	0.107862
0.085025	0.114358
0.076638	0.116107
0.079452	0.173603
0.081906	0.134735
0.102423	0.234549
0.101554	0.233067
0.071494	0.168726
0.146319	0.246547
0.079510	0.114494
0.061222	0.142647
0.159784	0.191741
0.090126	0.159974
0.117802	0.137829
0.178757	0.332488
0.229912	0.301185
0.133239	0.177208
0.118041	0.318711
0.137761	0.110898
0.313959	0.607511
0.156713	0.305591
0.072104	0.072825
0.181494	0.462809
0.125048	0.130050
0.184493	0.327475
0.105479	0.095458
0.074524	0.087938
0.115999	0.164719
0.112458	0.215920
0.064299	0.124419
0.100533	0.140243
0.154077	0.268094
0.110397	0.308009
0.092191	0.160874
0.103345	0.236143
0.134614	0.250382
0.112243	0.184639
0.170797	0.377461
0.175085	0.245995
0.106772	0.235967
0.141755	0.282092
0.092474	0.091087
0.141431	0.217096
0.160255	0.267626
0.152116	0.325529
0.151109	0.250085
0.199601	0.324351
0.096833	0.156870
0.097979	0.127862
0.143419	0.349942
0.079664	0.106750
0.096291	0.129512
0.173288	0.529396
0.107223	0.133492
0.110123	0.115629
0.122170	0.185088
0.103361	0.164860
0.084489	0.175315
0.073995	0.138001
0.080514	0.098227
0.059168	0.098218
0.116202	0.178951
0.066243	0.092078
0.117519	0.290272
0.090724	0.161489
0.086254	0.261350
0.147405	0.288176
0.062953	0.127796
0.063775	0.144451
0.092281	0.172565
0.171004	0.595095
0.075323	0.204502
0.123759	0.191208
0.097560	0.196095
0.077194	0.124669
0.073073	0.104860
0.069766	0.096974
0.127736	0.232480
0.097343	0.091989
0.209581	0.267216
0.114029	0.153939
0.103664	0.191260
0.121935	0.178025
0.189464	0.477448
0.125258	0.217322
0.127302	0.309980
0.048487	0.114913
0.157869	0.513865
0.085219	0.150411
0.104589	0.165250
0.098168	0.143816
0.081570	0.151720
0.076452	0.191129
0.086488	0.168651
0.121324	0.305131
0.158558	0.167278
0.307005	0.779794
0.285146	0.732825
0.262511	0.387204
0.265666	0.413111
0.065741	0.108802
0.103812	0.166100
0.145650	0.230855
0.096111	0.165791
0.114874	0.104536
0.119939	0.198500
0.270904	0.364365
0.169932	0.254898
0.105319	0.158504
0.149353	0.580235
0.112249	0.141995
0.082512	0.113454
0.101015	0.110611
0.116970	0.177794
0.276059	0.220847
0.244651	0.225079
0.110945	0.215788
0.141575	0.285981
0.098983	0.183118
0.078366	0.102267
0.134969	0.337423
0.131549	0.191404
0.153332	0.267564
0.165195	0.254400
0.137654	0.196845
0.135946	0.220912
0.071515	0.161267
0.062893	0.149371
0.087925	0.098476
0.129702	0.132944
0.144497	0.695753
0.110424	0.115945
0.112261	0.203193
0.105997	0.236903
0.112341	0.189855
0.173264	0.582166
0.158683	0.403056
0.077509	0.087197
0.085599	0.094587
0.151662	0.291949
0.113383	0.229600
0.081348	0.082975
0.093374	0.113916
0.100448	0.151677
0.212093	0.153767
0.265094	0.530188
0.208513	0.253343
0.254780	0.393636
0.283080	0.377911
0.137545	0.107285
0.169635	0.134012
0.153096	0.137021
0.165848	0.221407
0.115306	0.114729
0.147766	0.126340
0.119993	0.217787
0.258920	0.744396
0.135489	0.090777
0.285349	0.456559
0.151687	0.106939
0.157939	0.281132
0.192954	0.441864
0.121653	0.289533
0.186244	0.523345
0.098189	0.244491
0.147449	0.196844
0.193684	0.410609
0.152237	0.163655
0.115767	0.131395
0.085256	0.135130
0.122678	0.369261
0.130320	0.201996
0.146260	0.426347
0.102440	0.270954
0.074023	0.202824
0.145577	0.348657
0.097833	0.157511
0.134922	0.344052
0.065314	0.103850
0.118714	0.214872
0.105092	0.319481
0.165479	0.142312
0.118359	0.135521
0.250036	0.461316
0.139354	0.107999
0.146433	0.184506
0.123857	0.198171
0.129485	0.181278
0.149123	0.246053
0.229537	0.620898
0.224439	0.758603
0.087510	0.104136
0.167663	0.379756
0.074463	0.131426
0.080053	0.098465
0.075285	0.127232
0.139138	0.205924
0.062599	0.097654
0.135772	0.247783
0.111197	0.122317
0.242545	0.660936
0.102700	0.141726
0.070319	0.083680
0.085301	0.224341
0.133863	0.214851
0.130262	0.248149
0.107618	0.192637
0.120736	0.240266
0.056828	0.115928
0.152240	0.311331
0.145273	0.312338
0.137412	0.170391
0.156052	0.171658
0.083539	0.101500
0.160290	0.165098
0.238400	0.447000
0.167478	0.204323
0.181756	0.565260
0.100703	0.265352
0.110381	0.146254
0.113082	0.162839
0.169268	0.468025
0.140632	0.401503
0.112422	0.197862
0.079991	0.087590
0.089896	0.139788
0.086031	0.157006
0.118221	0.121767
0.077570	0.217197
0.083534	0.150361
0.078808	0.128850
0.067985	0.107756
0.066035	0.106647
0.170184	0.229748
0.143988	0.228942
0.097495	0.216926
0.085736	0.125175
0.140021	0.266041
0.103221	0.240505
0.129219	0.258438
0.098400	0.148092
0.112068	0.139524
0.077584	0.186589
0.086434	0.155150
0.095037	0.202429
0.104937	0.157930
0.100772	0.156196
0.107629	0.191042
0.101116	0.138529
0.138268	0.155552
0.147054	0.308814
0.303009	0.716616
0.215423	0.609648
0.175908	0.239235
0.240942	0.277083
0.160706	0.114101
0.158146	0.243545
0.109289	0.105464
0.220237	0.383213
0.198482	0.319556
0.235084	0.465466
0.115147	0.137601
0.154561	0.299847
0.095907	0.125639
0.131600	0.194768
0.098487	0.174814
0.091665	0.202122
0.114835	0.304887
0.085066	0.201605
0.087714	0.108326
0.076993	0.166304
0.053860	0.134649
0.070193	0.090198
0.111534	0.248162
0.092252	0.099633
0.109166	0.129907
0.177684	0.170576
0.139609	0.342043
0.126908	0.182113
0.077118	0.140741
0.052000	0.121940
0.124844	0.155431
0.095888	0.129449
0.126055	0.255262
0.102439	0.178755
0.134871	0.181402
0.123079	0.271389
0.159332	0.199962
0.089359	0.251991
0.087581	0.129619
0.051702	0.083757
0.069192	0.077149
0.112305	0.175196
0.149861	0.347678
0.109066	0.117246
0.120033	0.121233
0.151711	0.408103
0.070085	0.097418
0.091660	0.125116
0.080685	0.171052
0.062729	0.137377
0.044579	0.098297
0.042408	0.085663
0.092404	0.264276
0.103551	0.392975
0.103025	0.224594
0.067063	0.120714
0.075070	0.125743
0.130032	0.215853
0.117089	0.131140
0.115180	0.169315
0.146513	0.255665
0.168822	0.364655
0.095376	0.153556
0.152246	0.269475
0.107651	0.142099
0.116307	0.236103
0.149004	0.230955
0.080211	0.090238
0.083348	0.150859
0.079781	0.095737
0.069641	0.087747
0.055164	0.157217
0.072125	0.112514
0.065232	0.102414
0.141570	0.413383
0.059492	0.208520
0.092822	0.117419
0.125400	0.166782
0.154643	0.329389
0.184275	0.140049
0.165591	0.373408
0.328973	0.327328
0.124907	0.148015
0.138010	0.139390
0.132699	0.189096
0.072461	0.117387
0.114183	0.162711
0.102786	0.142359
0.045573	0.113476
0.139358	0.477997
0.196475	0.662122
0.138323	0.232383
0.052491	0.125715
0.078616	0.135613
0.107993	0.125272
0.147831	0.101264
0.123648	0.359198
0.095400	0.104940
0.075982	0.107514
0.073856	0.189810
0.084434	0.122007
0.063954	0.093693
0.093471	0.124316
0.191595	0.239493
0.198695	0.417259
0.124582	0.161956
0.125471	0.125471
0.159446	0.174593
0.131242	0.208018
0.065691	0.120543
0.105622	0.139949
0.072723	0.243621
0.103329	0.220091
0.064727	0.275737
0.123760	0.163982
0.087068	0.231601
0.110492	0.209935
0.082475	0.175259
0.158056	0.378545
0.066850	0.120330
0.133390	0.243437
0.117611	0.187001
0.111549	0.351938
0.143817	0.375363
0.075636	0.130471
0.122338	0.248347
0.111512	0.214661
0.123322	0.477257
0.137017	0.284310
0.167374	0.421782
0.140325	0.096123
0.183276	0.168614
0.173485	0.166546
0.144530	0.119237
0.226088	0.744959
0.056082	0.094217
0.131130	0.183583
0.133410	0.152754
0.126410	0.140947
0.120517	0.207892
0.080304	0.131699
0.108728	0.101117
0.183048	0.431992
0.176773	0.257204
0.191236	0.341356
0.085818	0.193519
0.129075	0.149081
0.141069	0.109329
0.122195	0.140524
0.152362	0.147029
0.192581	0.417900
0.099944	0.162909
0.099013	0.194560
0.139809	0.213208
0.100978	0.119659
0.140506	0.217785
0.166542	0.422185
0.093362	0.091962
0.079916	0.100294
0.122101	0.252139
0.168184	0.299368
0.087321	0.100419
0.165340	0.341427
0.126343	0.158561
0.100536	0.171916
0.181862	0.236421
0.084567	0.118394
0.151516	0.280305
0.124001	0.250481
0.114392	0.174448
0.147946	0.273700
0.175607	0.313459
0.076876	0.099939
0.120564	0.134429
0.158609	0.313252
0.130129	0.261559
0.202232	0.797803
0.147516	0.228650
0.109753	0.221153
0.116816	0.183401
0.102905	0.172880
0.141887	0.246175
0.279869	1.021521
0.202744	0.274718
0.176552	0.323090
0.146924	0.180716
0.217204	0.293225
0.252074	0.307531
0.164133	0.146899
0.261944	0.327429
0.311820	0.240101
0.240948	0.103607
0.229498	0.270808
0.233984	0.298329
0.319023	0.470559
0.259332	0.361768
0.236456	0.302664
0.171038	0.138541
0.172273	0.179164
0.151762	0.122927
0.244229	1.274877
0.107748	0.088353
0.209822	0.578059
0.185836	0.290834
0.091810	0.112467
0.198020	0.379208
0.275625	0.363825
0.096286	0.117469
0.171556	0.253903
0.132485	0.155008
0.173830	0.209465
0.196156	0.253042
0.146668	0.106335
0.237483	0.271919
0.115682	0.119153
0.217039	0.157354
0.153017	0.170614
0.224835	0.619419
0.148199	0.182285
0.262834	0.473101
0.144151	0.167936
0.137212	0.305297
0.095647	0.120993
0.153644	0.213566
0.180326	0.185736
0.163192	0.167272
0.113990	0.185804
0.066209	0.264836
0.086546	0.125060
0.111024	0.239813
0.124413	0.202793
0.040710	0.122130
0.115190	0.184880
0.177332	0.376831
0.100664	0.208878
0.169019	0.388743
0.182788	0.225743
0.149193	0.432660
0.090124	0.249643
0.134307	0.344497
0.105514	0.163547
0.079529	0.164228
0.052105	0.109942
0.083789	0.207378
0.136355	0.269301
0.175648	0.115050
0.080382	0.104497
0.100238	0.115273
0.054159	0.123753
0.066258	0.119928
0.085272	0.131746
0.056736	0.099004
0.110087	0.197606
0.138965	0.220259
0.107081	0.127426
0.080539	0.130876
0.181321	0.383494
0.210023	0.365440
0.073719	0.095835
0.103808	0.096022
0.142554	0.267289
0.134150	0.127442
0.155945	0.251072
0.116048	0.137517
0.115658	0.296662
0.114001	0.290133
0.117676	0.307722
0.114567	0.161540
0.112070	0.155217
0.185264	0.169516
0.207480	0.386950
0.103559	0.317408
0.078845	0.130488
0.082309	0.110706
0.084832	0.149729
0.104418	0.122691
0.101346	0.224482
0.051522	0.125971
0.082422	0.145888
0.069845	0.122578
0.129607	1.508623
0.061723	0.120978
0.074663	0.120207
0.095178	0.255552
0.060472	0.228583
0.043910	0.119435
0.089488	0.166448
0.140598	0.562394
0.117302	0.285044
0.102851	0.183075
0.062249	0.080301
0.075735	0.087095
0.047677	0.096070
0.067350	0.166691
0.132963	0.220719
0.143869	0.261841
0.114222	0.137637
0.067362	0.195687
0.085585	0.148062
0.109127	0.307739
0.112367	0.173045
0.081368	0.143207
0.119767	0.231150
0.071884	0.111420
0.137773	0.421585
0.042681	0.088137
0.104212	0.158923
0.104975	0.146964
0.117545	0.255073
0.157598	0.454670
0.084963	0.150809
0.166184	0.533452
0.154217	0.222844
0.132680	0.129363
0.171612	0.313191
0.071116	0.112364
0.090001	0.165152
0.152673	0.146566
0.166242	0.566884
0.092070	0.129818
0.082240	0.081418
0.131585	0.119742
0.071009	0.102963
0.087182	0.172620
0.199397	0.735774
0.083284	0.138251
0.232770	1.745775
0.076201	0.118493
0.158383	0.293009
0.072051	0.143382
0.083896	0.240362
0.042567	0.097692
0.071418	0.126768
0.059666	0.266110
0.126669	0.510475
0.085391	0.098626
0.061451	0.106310
0.077379	0.167912
0.130132	0.307763
0.121692	0.426531
0.072091	0.120392
0.063831	0.115535
0.101133	0.139563
0.235143	0.364472
0.081472	0.164574
0.052682	0.122750
0.138531	0.535424
0.105355	0.149604
0.083693	0.122192
0.127225	0.187657
0.177143	0.299371
0.207515	0.665086
0.148888	0.156332
0.148151	0.338525
0.068985	0.143145
0.093304	0.093304
0.119674	0.151388
0.153596	0.198138
0.146191	0.230250
0.135342	0.171884
0.247213	0.358459
0.228790	0.187608
0.111891	0.119723
0.267308	0.541299
0.151804	0.150286
0.227489	0.559623
0.236248	0.275229
0.260640	0.560376
0.242507	0.368610
0.209284	0.310787
0.142064	0.116492
0.244010	0.314773
0.124777	0.136631
0.252687	0.425777
0.275574	0.259040
0.137893	0.158576
0.185833	0.166321
0.192609	0.288914
0.124194	0.148411
0.217775	0.495438
0.106057	0.225370
0.126219	0.191222
0.155571	0.134569
0.137415	0.146347
0.157476	0.260623
0.139689	0.153658
0.213902	0.366842
0.127206	0.173637
0.231454	0.516142
0.145406	0.117052
0.149427	0.127013
0.137894	0.212357
0.128808	0.180975
0.125963	0.107069
0.209405	0.281650
0.285283	0.465012
0.171246	0.345060
0.108307	0.129427
0.093119	0.104293
0.124511	0.292601
0.069376	0.116552
0.188994	0.275932
0.184836	0.229196
0.093654	0.098805
0.071655	0.104616
0.042470	0.391999
0.159653	1.767361
0.103513	0.190463
0.134541	0.267737
0.148381	0.281924
0.248495	0.458473
0.162911	0.285909
0.190601	0.356425
0.219647	0.314095
0.140115	0.224184
0.158821	0.300173
0.082200	0.120834
0.095917	0.167376
0.082097	0.195802
0.128422	0.468739
0.038258	0.111712
0.086614	0.180591
0.064307	0.195171
0.108258	0.169966
0.088629	0.161304
0.124001	0.282721
0.079759	0.146357
0.068896	0.092320
0.134855	0.320280
0.205895	0.695924
0.183706	0.315974
0.167171	0.375299
0.087948	0.160945
0.095828	0.119785
0.112306	0.124659
0.157950	0.319849
0.099730	0.172534
0.156971	0.428531
0.089296	0.157161
0.128326	0.100094
0.121729	0.118077
0.138565	0.168356
0.157794	0.303754
0.137382	0.171728
0.279980	0.443769
0.203168	0.305768
0.271526	0.802360
0.108650	0.116799
0.139406	0.233506
0.131658	0.190904
0.075431	0.155388
0.176567	0.178333
0.139942	0.139242
0.231743	0.418296
0.100803	0.140621
0.163824	0.240822
0.231849	0.467176
0.197013	0.336891
0.162809	0.144900
0.162390	0.146963
0.295351	0.369189
0.240761	0.247984
0.114332	0.112617
0.210651	0.116911
0.161836	0.171546
0.286867	0.273958
0.137703	0.182456
0.203587	0.199516
0.240434	0.395513
0.184550	0.274980
0.163427	0.346466
0.185682	0.207035
0.116486	0.095519
0.275619	0.646327
0.144069	0.200976
0.073639	0.079899
0.216586	0.515474
0.099913	0.094917
0.131693	0.091527
0.172429	0.206053
0.175220	0.166459
0.125041	0.145673
0.262153	0.318516
0.165329	0.200875
0.111855	0.271249
0.068055	0.093576
0.110722	0.214248
0.061913	0.070271
0.257969	0.503040
0.317400	0.666541
0.150341	0.187926
0.190855	0.177496
0.196093	0.456897
0.106544	0.150227
0.158740	0.162708
0.127271	0.187089
0.093854	0.119664
0.114280	0.136564
0.147330	0.175322
0.154576	0.145301
0.128159	0.132004
0.276051	0.477568
0.205239	0.215501
0.238770	0.465602
0.076021	0.078682
0.170067	0.278059
0.086767	0.086333
0.086126	0.127897
0.093407	0.136841
0.193600	0.498519
0.125041	0.200066
0.093344	0.140016
0.098996	0.112855
0.127312	0.210702
0.121997	0.236674
0.129858	0.196086
0.088893	0.125783
0.154621	0.200235
0.143759	0.122195
0.140998	0.228417
0.137690	0.176244
0.168109	0.180717
0.159720	0.171699
0.186209	0.430143
0.244991	0.535306
0.204748	0.250816
0.169664	0.149304
0.248937	0.511565
0.171240	0.155829
0.105010	0.128637
0.150659	0.112241
0.212147	0.206844
0.262448	0.401546
0.210992	0.146639
0.310977	0.342074
0.263933	0.600448
0.252131	0.356766
0.209371	0.553787
0.102012	0.195353
0.069881	0.098532
0.073072	0.168795
0.041845	0.102730
0.101617	0.176306
0.068052	0.100377
0.118168	0.239291
0.106686	0.214972
0.097221	0.168679
0.076895	0.132259
0.083412	0.126786
0.097950	0.205206
0.070393	0.114741
0.161876	0.234720
0.147265	0.387307
0.136931	0.282077
0.261771	0.651809
0.195653	0.194675
0.092278	0.174867
0.127222	0.159663
0.136179	0.301636
0.104551	0.117620
0.150457	0.219667
0.125900	0.198922
0.111956	0.188085
0.142752	0.250529
0.238393	0.286071
0.192268	0.212456
0.141697	0.090686
0.231092	0.488759
0.148495	0.125478
0.139166	0.403582
0.162211	0.316311
0.104386	0.128916
0.094617	0.189233
0.067844	0.092607
0.049748	0.148748
0.111800	0.119626
0.101473	0.100966
0.081717	0.092748
0.168612	0.181258
0.153526	0.174253
0.094788	0.100475
0.134485	0.369161
0.099794	0.101790
0.089936	0.168630
0.076676	0.083577
0.116546	0.146848
0.077410	0.170303
0.061793	0.093307
0.115213	0.275934
0.090690	0.139209
0.060560	0.095078
0.102545	0.207654
0.065716	0.080502
0.082050	0.197330
0.174224	0.277887
0.068771	0.106939
0.144583	0.226995
0.183730	0.254467
0.077948	0.106789
0.141928	0.382496
0.077448	0.131662
0.149001	0.166136
0.155039	0.261240
0.151455	0.150698
0.207250	0.318129
0.270573	0.339569
0.245384	0.193853
0.305093	0.399671
0.143147	0.190386
0.231796	0.441571
0.266986	0.262981
0.102011	0.187190
0.100273	0.180993
0.168096	0.420241
0.165757	0.408591
0.149621	0.283533
0.133492	0.156186
0.160615	0.267424
0.095845	0.106388
0.130287	0.179795
0.128873	0.148204
0.144385	0.191310
0.127245	0.205500
0.118486	0.165288
0.106184	0.283511
0.083015	0.106259
0.109318	0.194039
0.151516	0.518185
0.148524	0.201250
0.136364	0.225682
0.170394	0.258147
0.055620	0.089548
0.156206	0.293667
0.114782	0.220382
0.178719	0.387819
0.178466	0.124034
0.088980	0.096098
0.176851	0.391725
0.131452	0.169573
0.086257	0.128955
0.097664	0.111825
0.150766	0.440236
0.115817	0.183570
0.118427	0.208432
0.149607	0.248348
0.069278	0.097682
0.096462	0.113343
0.158522	0.332103
0.160354	0.170777
0.126325	0.219174
0.109991	0.194684
0.076084	0.129723
0.082842	0.154914
0.100526	0.116108
0.113205	0.149997
0.147695	0.174280
0.307655	0.638384
0.219110	0.270601
0.123360	0.194292
0.254831	0.338925
0.116701	0.092778
0.308622	0.382692
0.232064	0.298202
0.208862	0.307027
0.134701	0.169724
0.096487	0.098899
0.143793	0.227912
0.083149	0.150499
0.096251	0.151595
0.130433	0.125868
0.117058	0.167393
0.134929	0.243547
0.159348	0.121901
0.184541	0.209455
0.060685	0.103165
0.074007	0.129882
0.093737	0.136857
0.169326	0.507131
0.076906	0.109976
0.097707	0.120668
0.138809	0.262349
0.070627	0.143727
0.148490	0.430622
0.089643	0.252345
0.077130	0.102969
0.140345	0.143152
0.082445	0.100583
0.106872	0.200919
0.077509	0.110450
0.189837	0.883692
0.146641	0.294747
0.105011	0.218948
0.075377	0.322614
0.078928	0.244281
0.066376	0.111844
0.099670	0.177413
0.094210	0.163925
0.079608	0.124984
0.125048	0.378895
0.092144	0.183366
0.104628	0.304466
0.066262	0.089454
0.103753	0.148885
0.071929	0.171551
0.144787	0.244691
0.118435	0.184759
0.169093	0.284075
0.117519	0.341980
0.072990	0.111675
0.158749	0.334166
0.237658	0.313708
0.150382	0.206023
0.198525	0.354367
0.076158	0.166025
0.103774	0.204435
0.073285	0.118355
0.194838	0.364348
0.150286	0.361439
0.191463	0.332189
0.148512	0.224254
0.100594	0.192638
0.102855	0.151711
0.117331	0.153117
0.139727	0.107590
0.115234	0.203387
0.056943	0.080575
0.097264	0.212036
0.122541	0.368236
0.124816	0.369457
0.093925	0.159203
0.099861	0.321052
0.123297	0.430308
0.123098	0.442539
0.202611	0.302904
0.235955	0.827023
0.136138	0.135458
0.200278	0.654909
0.134107	0.182386
0.106020	0.138887
0.087606	0.103375
0.140158	0.149268
0.154306	0.263091
0.109477	0.175163
0.151263	0.265467
0.164502	0.298571
0.212415	0.388720
0.269406	0.207442
0.162525	0.269792
0.174553	0.512313
0.152764	0.131377
0.168996	0.215470
0.126171	0.178531
0.088222	0.127481
0.157995	0.169845
0.165869	0.162552
0.326878	0.758357
0.149716	0.166933
0.252313	0.321699
0.167445	0.150700
0.122871	0.119799
0.159073	0.235428
0.122540	0.112737
0.062665	0.092117
0.080102	0.090115
0.172930	0.236915
0.192214	1.195569
0.221746	0.252791
0.169422	0.161798
0.168557	0.268005
0.182430	0.200673
0.228610	0.318911
0.066933	0.206490
0.114535	0.226778
0.143032	0.328259
0.191747	0.319258
0.165081	0.303749
0.162744	0.211567
0.159419	0.112391
0.161478	0.255942
0.093660	0.116606
0.182958	0.573574
0.148128	0.206639
0.113712	0.170000
0.062320	0.102828
0.110107	0.165711
0.124159	0.189343
0.255925	0.476020
0.140595	0.156763
0.189890	0.381679
0.204833	0.468043
0.141123	0.107253
0.213135	0.226989
0.155270	0.147507
0.154773	0.140070
0.202712	0.323326
0.287075	0.430613
0.382946	0.781211
0.323701	0.236302
0.240176	0.246180
0.159749	0.134189
0.228914	0.195722
0.284244	0.294193
0.316882	0.297869
0.152843	0.101640
0.153721	0.142960
0.428156	1.686933
0.235862	0.521254
0.080704	0.092002
0.137103	0.208396
0.312836	1.157494
0.166560	0.327291
0.148483	0.418722
0.144890	0.273118
0.134227	0.187247
0.206536	0.298445
0.168589	0.204835
0.232958	0.478729
0.192341	0.539517
0.251785	0.206464
0.245740	0.259255
0.255585	0.405102
0.340420	0.493609
0.232282	0.199763
0.118663	0.100863
0.340940	0.719384
0.231004	0.132828
0.182679	0.272191
0.187917	0.222681
0.087287	0.103435
0.128086	0.140894
0.225435	0.309974
0.261710	0.215911
0.217404	0.146747
0.200850	0.338433
0.155082	0.099253
0.262246	0.384190
0.145021	0.116742
0.166002	0.158532
0.165617	0.112620
0.234458	0.552148
0.100416	0.116482
0.124674	0.119687
0.112643	0.095747
0.181270	0.342600
0.214412	0.418103
0.181172	0.214689
0.182644	0.429214
0.229764	0.682400
0.134134	0.196506
0.157289	0.140774
0.126112	0.216281
0.115293	0.194846
0.149846	0.165579
0.098091	0.112805
0.187325	0.259445
0.179759	0.284019
0.101598	0.120901
0.234779	0.383864
0.149788	0.205209
0.271520	0.476518
0.161741	0.227246
0.147780	0.172903
0.248665	0.360565
0.231868	0.483444
0.098757	0.096288
0.165758	0.151669
0.286405	0.495480
0.151809	0.128278
0.125993	0.150562
0.168613	0.223413
0.159173	0.163949
0.123496	0.188949
0.145498	0.297544
0.190443	0.228532
0.125551	0.182676
0.113240	0.182883
0.096634	0.241584
0.107574	0.237201
0.127626	0.273120
0.077519	0.146124
0.072761	0.108415
0.085868	0.160574
0.111848	0.203004
0.100633	0.099124
0.081410	0.151422
0.099533	0.258786
0.122015	0.531984
0.091144	0.124412
0.085383	0.091787
0.143476	0.420386
0.090534	0.113167
0.156621	0.403300
0.230951	0.847592
0.168189	0.314514
0.116911	0.115157
0.232345	0.235831
0.190973	0.169011
0.181468	0.210503
0.122128	0.169148
0.121255	0.124892
0.160671	0.108453
0.153941	0.113916
0.215313	0.499527
0.168624	0.233545
0.223567	0.157615
0.216521	0.160225
0.139094	0.094584
0.167380	0.164869
0.244049	0.161072
0.341994	1.084122
0.250505	0.392040
0.244142	0.550540
0.165461	0.191935
0.159666	0.217146
0.119599	0.146508
0.182254	0.242398
0.179075	0.222948
0.216950	0.594443
0.078405	0.097223
0.149622	0.321688
0.149007	0.254058
0.119862	0.185786
0.192946	0.214170
0.202284	0.748452
0.111611	0.123889
0.083848	0.109002
0.129899	0.199395
0.226498	0.835779
0.184942	0.654693
0.142855	0.252852
0.116798	0.217244
0.082847	0.124685
0.109324	0.133375
0.113112	0.175324
0.044050	0.163426
0.151007	0.509649
0.126131	0.184782
0.103664	0.196443
0.144546	0.193691
0.113553	0.101630
0.159427	0.172978
0.161812	0.178803
0.125893	0.174991
0.125439	0.198821
0.133595	0.328644
0.156009	0.303438
0.159521	0.494516
0.100662	0.192767
0.086022	0.143227
0.081066	0.092820
0.102687	0.112442
0.137036	0.228850
0.073059	0.114337
0.163675	0.313438
0.106186	0.107248
0.163018	0.195621
0.165864	0.287773
0.131586	0.174351
0.185249	0.382539
0.099050	0.170861
0.115360	0.224953
0.119005	0.160657
0.158779	0.425528
0.155883	0.248633
0.149591	0.212419
0.080285	0.122837
0.211872	0.391963
0.053659	0.149171
0.130167	0.154899
0.206308	0.494109
0.133214	0.262431
0.103451	0.170177
0.070346	0.100243
0.159842	0.334870
0.072698	0.119952
0.102923	0.150782
0.126673	0.283114
0.068566	0.105591
0.171679	0.204298
0.144053	0.205275
0.075296	0.083955
0.182931	0.170126
0.145581	0.175426
0.109762	0.149276
0.101126	0.162813
0.087745	0.133811
0.112764	0.203538
0.111688	0.134025
0.162276	0.223941
0.110776	0.153425
0.107859	0.117567
0.069502	0.119891
0.052583	0.410935
0.079606	0.189461
0.100164	0.119697
0.182641	0.319622
0.203366	0.291830
0.131570	0.166436
0.409495	1.369762
0.108585	0.133559
0.200053	0.316084
0.085865	0.101320
0.147753	0.149969
0.145960	0.227697
0.174841	0.203690
0.204004	0.290706
0.140558	0.529199
0.081872	0.154739
0.144351	0.125586
0.111590	0.098757
0.115963	0.132198
0.063637	0.078591
0.142598	0.187517
0.118253	0.130669
0.111565	0.176273
0.131836	0.133814
0.092993	0.207375
0.108821	0.150716
0.129869	0.280516
0.157762	0.358120
0.083836	0.145875
0.064320	0.095516
0.070275	0.107872
0.099653	0.150477
0.182204	0.438200
0.263540	0.554751
0.236892	0.264135
0.220501	0.360519
0.188313	0.433120
0.151754	0.163894
0.224129	0.275678
0.203745	0.227175
0.121490	0.167656
0.156514	0.186251
0.224702	0.443786
0.222148	0.439853
0.123189	0.190328
0.200273	0.248338
0.112695	0.099735
0.295715	0.859051
0.110617	0.095684
0.175204	0.336392
0.113267	0.112701
0.352638	0.597721
0.235765	0.264057
0.483048	0.835672
0.369460	0.829438
0.425283	0.540110
0.137868	0.110984
0.184945	0.222858
0.318780	0.645529
0.154401	0.242410
0.193643	0.343717
0.166812	0.145126
0.191197	0.192153
0.261911	0.517275
0.162039	0.145836
0.251039	0.416724
0.195974	0.227330
0.144514	0.187868
0.198408	0.266858
0.122191	0.119136
0.251442	0.442538
0.144421	0.288841
0.137252	0.231956
0.083869	0.220575
0.061607	0.142929
0.123582	0.127907
0.135301	0.321341
0.120600	0.387125
0.061723	0.337314
0.054599	0.157519
0.044182	0.067378
0.120281	0.160576
0.097881	0.081241
0.201697	0.792669
0.083802	0.097210
0.072889	0.087102
0.113101	0.104053
0.136801	0.281125
0.232622	0.340792
0.258193	0.222046
0.272051	0.114261
0.138809	0.144361
0.301454	0.301454
0.321414	0.228204
0.226986	0.119168
0.432753	0.590707
0.180275	0.111771
0.182700	0.229289
0.109332	0.190784
0.108539	0.121021
0.107846	0.196819
0.118390	0.142068
0.152502	0.212741
0.084103	0.086206
0.221693	0.362469
0.269531	0.420468
0.172246	0.215308
0.184209	0.465127
0.091001	0.097826
0.103133	0.174295
0.117961	0.182839
0.079433	0.087377
0.180472	0.274317
0.115263	0.125637
0.130995	0.153919
0.147299	0.138461
0.152705	0.177138
0.143492	0.182234
0.187974	0.226509
0.181092	0.633820
0.087581	0.079699
0.191178	0.143383
0.172865	0.246332
0.195941	0.273338
0.333788	0.931270
0.141209	0.208283
0.092576	0.138401
0.146588	0.658179
0.126714	0.112776
0.074692	0.209510
0.120969	0.208672
0.093004	0.230185
0.180344	0.343555
0.133473	0.130803
0.189000	0.305236
0.125416	0.172447
0.133326	0.157324
0.116943	0.165475
0.090140	0.107718
0.159201	0.225269
0.197093	0.423750
0.126220	0.104132
0.202602	0.184368
0.196522	0.453966
0.135557	0.107090
0.099583	0.091118
0.161133	0.397194
0.126868	0.163660
0.146003	0.512470
0.180829	0.158225
0.219300	0.270836
0.133665	0.138343
0.103192	0.135181
0.283685	0.358862
0.215605	0.246868
0.257047	0.331590
0.194906	0.191982
0.129653	0.101129
0.294785	0.303629
0.176972	0.133614
0.125960	0.135407
0.150459	0.149707
0.072242	0.074409
0.116999	0.157363
0.127125	0.219926
0.162022	0.159592
0.171684	0.219755
0.223511	0.360970
0.141054	0.134707
0.213937	0.227843
0.150070	0.362418
0.243776	1.073835
0.165470	0.275507
0.261378	0.704412
0.253763	0.558279
0.128131	0.115958
0.194285	0.249657
0.226824	0.179191
0.145381	0.234063
0.178538	0.253525
0.244328	0.323734
0.231159	0.431111
0.234651	0.437623
0.176518	0.387458
0.135001	0.213302
0.234276	0.665344
0.262591	0.428023
0.064845	0.077489
0.105305	0.162697
0.114602	0.226913
0.158705	0.196001
0.214030	0.371342
0.118003	0.171695
0.277008	0.247922
0.313598	0.762043
0.129153	0.096219
0.200221	0.237262
0.157450	0.196813
0.126548	0.180964
0.159351	0.132261
0.119918	0.129511
0.212840	0.438451
0.146469	0.117175
0.136531	0.117417
0.308027	0.357312
0.103446	0.116377
0.122049	0.203211
0.174535	0.165808
0.163457	0.268887
0.112760	0.302762
0.096818	0.135060
0.100439	0.187319
0.115786	0.264572
0.085990	0.177139
0.098051	0.156391
0.097171	0.106402
0.117236	0.149475
0.202078	0.544601
0.074201	0.153225
0.148391	0.115745
0.134595	0.156803
0.069943	0.089876
0.057569	0.132985
0.149083	0.223625
0.253930	0.430412
0.174037	0.461198
0.128492	0.167040
0.153026	0.229539
0.167579	0.144118
0.178451	0.140084
0.142558	0.270860
0.190497	0.364801
0.144635	0.203212
0.132935	0.132270
0.192410	0.240512
0.133156	0.149134
0.177226	0.271156
0.211105	0.185772
0.295458	0.626371
0.225394	0.329075
0.155991	0.183289
0.184332	0.169585
0.297488	0.296001
0.130772	0.122926
0.163231	0.097122
0.208789	0.210877
0.259478	0.254288
0.137292	0.107774
0.212665	0.298794
0.276750	0.267064
0.225074	0.124916
0.159858	0.141474
0.180126	0.298108
0.126196	0.112945
0.182506	0.467216
0.143008	0.134427
0.118132	0.151800
0.145293	0.215761
0.058938	0.129369
0.115359	0.282630
0.055205	0.102958
0.059672	0.089508
0.113397	0.208083
0.108325	0.231274
0.067436	0.091039
0.130958	0.263880
0.159501	0.584570
0.169668	0.465737
0.101948	0.176370
0.154317	0.282400
0.094642	0.158999
0.092280	0.151338
0.098296	0.168087
0.119586	0.293585
0.075354	0.114162
0.134365	0.300306
0.088148	0.160870
0.147004	0.303563
0.100067	0.111074
0.076331	0.169455
0.149827	0.549866
0.071737	0.169657
0.067917	0.132098
0.091228	0.343472
0.127181	0.571679
0.059648	0.341782
0.150605	0.149099
0.162692	0.239157
0.217200	0.332316
0.180552	0.246453
0.279398	0.414906
0.250967	0.396528
0.161121	0.169983
0.390811	0.425984
0.126352	0.106767
0.136047	0.251007
0.136141	0.238928
0.068969	0.094142
0.133508	0.240314
0.152598	0.352502
0.099520	0.174658
0.112338	0.135367
0.118568	0.416765
0.132002	0.185463
0.159077	0.338039
0.110076	0.301609
0.103178	0.355963
0.074916	0.126234
0.168367	0.342627
0.201851	0.262407
0.234798	0.576428
0.138474	0.171016
0.193256	0.462848
0.099999	0.267498
0.118705	0.084874
0.228153	0.306866
0.146480	0.173579
0.243959	0.274454
0.154380	0.132766
0.164154	0.199447
0.175404	0.185051
0.129866	0.153242
0.090070	0.181942
0.138064	0.298218
0.073695	0.149969
0.090243	0.107840
0.099537	0.190117
0.134657	0.142064
0.159121	0.137640
0.124045	0.104818
0.221530	0.206023
0.130352	0.117317
0.134033	0.217803
0.152505	0.259259
0.117370	0.183684
0.088063	0.117123
0.192477	0.197289
0.130259	0.175198
0.170972	0.198327
0.324202	0.554385
0.196155	0.185366
0.214902	0.292267
0.148853	0.164483
0.097856	0.160973
0.157547	0.153608
0.239701	0.466219
0.135241	0.150118
0.167059	0.213836
0.104366	0.229605
0.081920	0.102400
0.160800	0.340091
0.099037	0.132710
0.202808	0.298128
0.176498	0.252393
0.152111	0.229688
0.202955	0.405910
0.163411	0.300677
0.132426	0.147655
0.157383	0.188073
0.226990	0.236070
0.216208	0.185939
0.227133	0.255524
0.232236	0.124246
0.192007	0.133445
0.200901	0.174784
0.184310	0.139154
0.357116	0.837438
0.424360	1.529817
0.345928	0.347658
0.181879	0.293735
0.175411	0.196460
0.221766	0.592114
0.086830	0.118089
0.140704	0.177287
0.199270	0.371638
0.318109	0.483526
0.120056	0.108651
0.197531	0.201481
0.204490	0.166659
0.221273	0.154891
0.170463	0.191771
0.219062	0.332975
0.104361	0.138800
0.209381	0.460637
0.087952	0.117856
0.084582	0.087119
0.224957	0.257575
0.146202	0.138892
0.233326	0.701143
0.211432	0.327719
0.120860	0.106357
0.249077	0.392297
0.336763	0.791394
0.206241	0.258832
0.264322	0.396483
0.224645	0.258342
0.281468	0.358872
0.210208	0.227024
0.125796	0.113846
0.145280	0.189590
0.104266	0.093840
0.089488	0.123494
0.173470	0.370358
0.179784	0.257091
0.125363	0.282694
0.255092	1.011441
0.194695	0.141154
0.221823	0.409263
0.258078	0.489058
0.235517	0.294396
0.295623	0.478909
0.142634	0.134076
0.128769	0.166112
0.159226	0.222120
0.120903	0.208558
0.123031	0.300196
0.153136	0.343791
0.146036	0.305945
0.127719	0.173059
0.131784	0.168025
0.102777	0.136180
0.069626	0.087380
0.097625	0.163521
0.105551	0.200019
0.085955	0.125923
0.091465	0.186588
0.103258	0.143529
0.137512	0.324529
0.173636	0.347272
0.202521	0.292643
0.289696	0.569253
0.173172	0.118623
0.237028	0.223992
0.329973	0.491660
0.258896	0.128154
0.216743	0.241669
0.275244	0.328917
0.375873	0.426616
0.364385	0.524715
0.134220	0.090598
0.156184	0.142908
0.301714	0.398263
0.141264	0.110186
0.153079	0.201299
0.163517	0.215025
0.209133	0.684912
0.080313	0.150185
0.088286	0.260885
0.139897	0.222437
0.075355	0.135262
0.130339	0.214407
0.132149	0.179061
0.164889	0.253104
0.126972	0.192997
0.130851	0.211978
0.075751	0.101507
0.110439	0.165107
0.058223	0.093449
0.138387	0.181979
0.232962	0.242281
0.244656	0.877090
0.195906	0.272310
0.081058	0.099296
0.122206	0.186364
0.079739	0.150706
0.205926	0.334629
0.114171	0.292278
0.095546	0.093157
0.182189	0.297880
0.151678	0.102382
0.173101	0.188680
0.307466	0.439677
0.133867	0.214857
0.198499	0.166739
0.285604	0.376998
0.092294	0.111214
0.101262	0.092149
0.151990	0.193787
0.170611	0.146725
0.203165	0.380934
0.108450	0.174062
0.161803	0.153713
0.082255	0.096650
0.154423	0.233950
0.093921	0.114114
0.195293	0.329068
0.202788	0.306210
0.127270	0.204904
0.117132	0.128260
0.167440	0.145673
0.212497	0.371870
0.151786	0.136607
0.228932	0.350266
0.180773	0.401315
0.092729	0.102465
0.081613	0.074676
0.064239	0.084796
0.138744	0.239333
0.099084	0.108497
0.207893	0.441772
0.114205	0.163885
0.264155	0.542839
0.199575	0.276411
0.185132	0.347122
0.141972	0.455732
0.171120	0.576676
0.098324	0.152894
0.107863	0.221120
0.250027	1.190127
0.186832	0.306404
0.236737	0.370493
0.169624	0.121281
0.090627	0.089721
0.150753	0.181658
0.106318	0.112165
0.217332	0.464004
0.103818	0.119391
0.088415	0.148095
0.128392	0.229181
0.120910	0.127560
0.152379	0.414471
0.099264	0.156341
0.139654	0.130576
0.162731	0.164358
0.122320	0.140668
0.158690	0.186461
0.158423	0.306549
0.293668	0.447844
0.187522	0.149080
0.164866	0.318192
0.406415	0.607591
0.168073	0.381526
0.146831	0.184273
0.214984	0.568633
0.277441	0.693602
0.150877	0.175771
0.108582	0.125955
0.128175	0.158937
0.151844	0.201953
0.166552	0.199862
0.233588	0.237092
0.187675	0.228963
0.223934	0.211618
0.210286	0.185052
0.153201	0.441219
0.156412	0.181438
0.136909	0.141701
0.162540	0.266566
0.153862	0.183866
0.179778	0.193261
0.096690	0.144069
0.083581	0.099879
0.120627	0.123039
0.099473	0.100965
0.163532	0.359771
0.102376	0.180181
0.138004	0.169055
0.136504	0.357641
0.159783	0.299593
0.092356	0.293691
0.166256	0.879493
0.210292	0.319643
0.099334	0.132114
0.161024	0.228654
0.235070	0.768679
0.145203	0.146655
0.096855	0.081842
0.149790	0.166267
0.094648	0.138659
0.130911	0.109310
0.124295	0.336839
0.115949	0.175663
0.112182	0.160981
0.147165	0.579095
0.070835	0.093148
0.060774	0.117902
0.100832	0.324176
0.100736	0.232701
0.090681	0.166854
0.127518	0.163223
0.113269	0.259385
0.104347	0.270779
0.060093	0.116881
0.056981	0.112253
0.062027	0.117231
0.059913	0.151279
0.066314	0.200931
0.060378	0.117737
0.105936	0.208164
0.102938	0.169333
0.071960	0.103263
0.112122	0.185562
0.226904	0.518475
0.126426	0.132748
0.123895	0.169117
0.198651	0.327773
0.088856	0.133728
0.182694	0.328850
0.155480	0.299300
0.248020	0.721739
0.191053	0.221622
0.205957	0.187421
0.209907	0.249790
0.165243	0.135500
0.204669	0.300863
0.143799	0.160336
0.156937	0.148305
0.169846	0.293834
0.166180	0.312418
0.142798	0.264891
0.091196	0.117187
0.133162	0.260332
0.130532	0.217336
0.099267	0.138477
0.208376	0.875181
0.153404	0.183317
0.233591	0.506893
0.152205	0.217653
0.167948	0.173826
0.201230	0.213304
0.152744	0.126014
0.172692	0.144198
0.135096	0.236418
0.114636	0.219528
0.192215	0.919750
0.080335	0.129741
0.114316	0.191480
0.125405	0.268993
0.168420	0.505259
0.103265	0.174518
0.145799	0.203390
0.195074	0.371617
0.155997	0.187976
0.127812	0.117587
0.162198	0.268438
0.127269	0.162268
0.103622	0.115539
0.176232	0.422075
0.075970	0.161437
0.208992	0.479637
0.131830	0.261024
0.091717	0.123818
0.118017	0.259637
0.185039	0.446869
0.164606	0.276537
0.177736	0.275490
0.236903	0.356539
0.134454	0.106891
0.293346	0.363749
0.110526	0.093394
0.214263	0.269972
0.123690	0.155850
0.332486	0.802955
0.176774	0.211245
0.177896	0.199244
0.185587	0.186515
0.311138	0.589606
0.112363	0.106183
0.107880	0.181239
0.140317	0.177501
0.127816	0.152101
0.113335	0.176236
0.080437	0.189830
0.164550	0.391628
0.089805	0.117195
0.171662	0.422289
0.210815	0.471172
0.161982	0.372558
0.255114	1.288326
0.279693	1.037662
0.241621	0.691035
0.131535	0.232159
0.101913	0.138601
0.082439	0.146742
0.098159	0.156564
0.149546	0.299092
0.187807	0.257296
0.175027	0.245913
0.120150	0.173016
0.185987	0.258522
0.087210	0.078925
0.136636	0.364819
0.119189	0.205005
0.184939	0.381898
0.132069	0.250931
0.181358	0.271130
0.206544	0.134253
0.167884	0.276168
0.088606	0.118290
0.140450	0.242277
0.123206	0.184193
0.137106	0.111056
0.144803	0.123806
0.202886	0.197814
0.219502	0.356690
0.210050	0.316125
0.225549	0.302236
0.208072	0.338117
0.258486	0.272703
0.273386	0.425115
0.365745	1.561733
0.200948	0.183867
0.164991	0.137767
0.144193	0.123285
0.230081	0.623520
0.259549	0.573603
0.359213	0.411299
0.131630	0.166512
0.258855	0.331334
0.190691	0.112508
0.274018	0.402807
0.220759	0.299128
0.219836	0.431979
0.259568	0.412713
0.258958	0.201987
0.235793	0.293563
0.212223	0.238751
0.198341	0.323297
0.164337	0.184880
0.243350	0.347991
0.166710	0.221724
0.235258	0.305835
0.127710	0.153891
0.138674	0.208011
0.132802	0.130810
0.118660	0.158412
0.115172	0.229193
0.092910	0.137972
0.194456	0.217791
0.159549	0.266447
0.129141	0.141409
0.182321	0.552433
0.173424	0.234990
0.234644	0.368391
0.091468	0.112963
0.248495	0.494506
0.191717	0.462995
0.182493	0.251841
0.122322	0.135166
0.181758	0.191755
0.187280	0.174170
0.082224	0.136491
0.125562	0.511038
0.088353	0.152408
0.183981	0.162823
0.129790	0.134982
0.159335	0.211119
0.148940	0.256922
0.256593	0.436209
0.268179	0.698607
0.188417	0.207259
0.211330	0.282125
0.118639	0.218888
0.133920	0.106466
0.175824	0.232088
0.128672	0.261205
0.101582	0.087360
0.118500	0.132720
0.145867	0.144408
0.130223	0.148454
0.097508	0.117498
0.101311	0.102324
0.289669	0.918252
0.211101	0.282875
0.135137	0.288519
0.119494	0.138016
0.107818	0.155797
0.306966	1.917005
0.096886	0.103668
0.196356	0.381912
0.276886	0.614686
0.166222	0.161236
0.138196	0.207293
0.184921	0.190469
0.180991	0.190041
0.113947	0.135027
0.278050	0.337831
0.201974	0.227221
0.083679	0.133050
0.097003	0.378313
0.072720	0.093082
0.158338	0.438596
0.311573	0.772702
0.207065	0.427590
0.141534	0.309252
0.181522	0.384827
0.076583	0.192607
0.100580	0.186072
0.122842	0.265338
0.109418	0.191482
0.128004	0.124164
0.220346	0.276534
0.173724	0.310966
0.159191	0.190233
0.142018	0.165451
0.105024	0.136531
0.173459	0.437985
0.154875	0.276452
0.162890	0.280986
0.120506	0.123518
0.120142	0.148976
0.199157	0.167292
0.269818	0.431709
0.188753	0.263310
0.122170	0.098958
0.168298	0.447672
0.332585	0.824810
0.118233	0.137741
0.273538	0.533399
0.132546	0.188216
0.186172	0.197342
0.200446	0.228508
0.190053	0.164396
0.131324	0.106373
0.165295	0.110748
0.123848	0.110844
0.191981	0.184302
0.364771	0.742308
0.342754	0.664942
0.237042	0.305784
0.132132	0.183663
0.255328	0.248945
0.249724	0.913989
0.161266	0.266088
0.116632	0.230930
0.109596	0.150147
0.212275	0.243055
0.179966	0.260951
0.249989	0.551226
0.122856	0.157870
0.162446	0.179502
0.170846	0.452741
0.134679	0.190570
0.126868	0.213139
0.075950	0.103672
0.119323	0.219555
0.085654	0.114777
0.110769	0.331755
0.100808	0.323089
0.169088	0.475982
0.094659	0.149088
0.110157	0.159728
0.180344	0.238956
0.145378	0.138836
0.311686	0.308569
0.192269	0.109594
0.406173	0.485377
0.397885	0.742056
0.362513	0.710526
0.246505	0.634751
0.217096	0.158480
0.176790	0.274025
0.158160	0.184256
0.139372	0.272472
0.147173	0.111851
0.161663	0.160855
0.097022	0.141652
0.164411	0.341152
0.054072	0.108144
0.178389	0.580656
0.142507	0.361968
0.190042	0.172939
0.161920	0.190256
0.110666	0.110666
0.118916	0.251508
0.120920	0.180776
0.134741	0.216933
0.139767	0.390650
0.214841	0.388862
0.188555	0.191383
0.265197	0.489288
0.138025	0.209108
0.248433	0.662074
0.119593	0.099262
0.288297	0.384876
0.220673	0.455689
0.164838	0.121156
0.248510	0.243540
0.200333	0.178297
0.301618	0.532355
0.275755	0.450859
0.217767	0.356049
0.163238	0.163238
0.230291	0.327014
0.225854	0.392987
0.100438	0.180789
0.139310	0.268172
0.113774	0.270782
0.288317	1.010551
0.184456	0.227804
0.071761	0.120917
0.080403	0.142313
0.128731	0.328907
0.058857	0.118596
0.066401	0.143426
0.118701	0.176271
0.128801	0.551912
0.120018	0.194428
0.141608	0.142316
0.168539	0.267976
0.174642	0.329201
0.110791	0.094726
0.120018	0.227433
0.191958	0.550918
0.126614	0.204482
0.179832	0.199614
0.166506	0.183990
0.158489	0.163244
0.221545	0.301302
0.159928	0.243891
0.130322	0.115335
0.139426	0.133151
0.187936	0.215187
0.090929	0.145031
0.213288	1.081371
0.135928	0.276614
0.122918	0.399485
0.128287	0.193714
0.114040	0.132856
0.165747	0.436744
0.090267	0.139915
0.419258	0.997835
0.208988	0.154651
0.419537	0.874734
0.320705	0.423330
0.253374	0.136822
0.308512	0.407236
0.239136	0.560774
0.242016	0.237176
0.192083	0.366879
0.069238	0.102473
0.122064	0.178214
0.068905	0.152969
0.083794	0.113541
0.118076	0.434521
0.071871	0.085526
0.097918	0.197304
0.081801	0.155423
0.124465	0.204745
0.115434	0.203164
0.183127	0.375410
0.125590	0.324022
0.105056	0.134997
0.105572	0.305102
0.089612	0.215516
0.088139	0.212856
0.079017	0.114575
0.101831	0.172603
0.096929	0.140063
0.131961	0.283717
0.112418	0.183242
0.141846	0.227662
0.088879	0.135096
0.106270	0.120617
0.128787	0.215719
0.111614	0.179141
0.157695	0.143503
0.169444	0.124542
0.130443	0.168924
0.146388	0.272282
0.112409	0.164117
0.105961	0.209803
0.093909	0.146967
0.094478	0.269734
0.104422	0.291337
0.091167	0.186437
0.101133	0.148160
0.138152	0.225878
0.082423	0.192869
0.116567	0.169604
0.102642	0.130356
0.145813	0.172788
0.112407	0.134889
0.117605	0.213454
0.093041	0.153983
0.150164	0.158423
0.101562	0.119335
0.096503	0.110013
0.081036	0.138976
0.078395	0.134447
0.074616	0.192881
0.142685	0.410219
0.095693	0.130142
0.084564	0.149255
0.074902	0.233320
0.071444	0.127885
0.076549	0.132431
0.137246	0.255278
0.138018	0.296739
0.101280	0.239020
0.182161	0.261401
0.144528	0.213178
0.113593	0.159598
0.118500	0.164715
0.149605	0.253581
0.077444	0.168829
0.127271	0.169271
0.113344	0.256725
0.158308	0.128229
0.111025	0.137116
0.199469	0.307182
0.183856	0.216030
0.147648	0.186036
0.132894	0.178743
0.096742	0.104481
0.103921	0.135098
0.117563	0.275685
0.092985	0.116231
0.129334	0.137094
0.084699	0.210901
0.107189	0.368193
0.099061	0.102033
0.044684	0.113721
0.065731	0.255692
0.103660	0.246192
0.067328	0.213766
0.089651	0.219198
0.098194	0.211117
0.158924	0.254278
0.137766	0.185296
0.086206	0.115516
0.185720	0.237722
0.169891	0.233600
0.102008	0.179023
0.108340	0.118090
0.270767	0.628180
0.198765	0.361752
0.177568	0.226399
0.168643	0.166113
0.191557	0.225079
0.136756	0.121713
0.210823	0.407942
0.208131	0.491190
0.207736	0.445595
0.132434	0.167529
0.212641	0.396576
0.129939	0.117594
0.129732	0.206923
0.122480	0.119418
0.181284	0.569232
0.102739	0.138185
0.152464	0.265287
0.201000	0.319590
0.135505	0.233747
0.143347	0.166999
0.057375	0.093522
0.074965	0.155553
0.078358	0.226847
0.039465	0.133985
0.103434	0.155668
0.127243	0.253213
0.110810	0.216634
0.117469	0.215556
0.124550	0.419110
0.093984	0.135337
0.099921	0.172864
0.039087	0.094395
0.105905	0.217105
0.109657	0.114044
0.066389	0.124148
0.056109	0.138870
0.058642	0.086204
0.052642	0.112128
0.098934	0.194900
0.055938	0.086144
0.102570	0.184625
0.069860	0.167316
0.120093	0.142911
0.102681	0.199201
0.110517	0.136489
0.143193	0.226245
0.163140	0.277338
0.154657	0.138418
0.100986	0.141380
0.153351	0.470021
0.082663	0.107048
0.076584	0.183418
0.079716	0.113596
0.082615	0.149532
0.057363	0.214823
0.138982	0.104931
0.166492	0.469508
0.108245	0.163450
0.148171	0.170396
0.108968	0.193418
0.151544	0.355370
0.140881	0.157082
0.165533	0.125805
0.174840	0.141620
0.179722	0.138386
0.165225	0.210661
0.227869	0.262049
0.298802	0.366032
0.187595	0.297337
0.234363	0.289439
0.266668	0.380002
0.242986	0.328031
0.165841	0.136819
0.197565	0.411922
0.240467	0.239265
0.175088	0.209230
0.167896	0.104095
0.231752	0.685986
0.123725	0.140428
0.112155	0.098136
0.181573	0.296873
0.193849	0.128909
0.442657	0.227968
0.179378	0.097761
0.488353	0.874152
0.166077	0.105459
0.224523	0.149308
0.369907	0.558560
0.230065	0.143791
0.220392	0.215984
0.342540	0.551490
0.271360	0.388045
0.130418	0.089337
0.269888	0.910873
0.145131	0.150936
0.175201	0.381939
0.249268	0.347729
0.210198	0.285870
0.373272	0.837997
0.353095	0.598496
0.251666	0.242858
0.331674	0.608621
0.129381	0.120324
0.206512	0.485304
0.234684	0.481102
0.129083	0.182007
0.188348	0.248620
0.206340	0.401331
0.182032	0.212978
0.309742	0.593156
0.221668	0.343585
0.145531	0.137527
0.130951	0.139463
0.110961	0.114290
0.185123	0.356362
0.103559	0.103041
0.116015	0.196065
0.098004	0.136226
0.100491	0.156263
0.190782	0.358669
0.193089	0.366869
0.145478	0.393519
0.114042	0.215539
0.138821	0.192961
0.157073	0.190844
0.227239	0.485156
0.208178	0.376802
0.212686	0.308395
0.157086	0.194001
0.113609	0.220970
0.225422	0.428302
0.211424	0.342507
0.176481	0.314136
0.105801	0.218480
0.141714	0.212571
0.126243	0.114250
0.146730	0.267048
0.187444	0.200566
0.217685	0.301494
0.249811	0.306019
0.347729	0.653730
0.188836	0.324798
0.107391	0.141757
0.107988	0.154963
0.181131	0.372224
0.213059	0.401616
0.139201	0.159386
0.160687	0.310126
0.232967	0.538154
0.108849	0.101773
0.343195	0.967809
0.195617	0.283645
0.136001	0.196521
0.194781	0.182120
0.189409	0.467841
0.074050	0.191789
0.075084	0.206104
0.104999	0.139648
0.126657	0.170354
0.087448	0.125925
0.094418	0.151068
0.068832	0.112540
0.115970	0.352550
0.118916	0.174213
0.124613	0.261063
0.085214	0.135917
0.100317	0.207154
0.113002	0.167808
0.156775	0.468757
0.152550	0.282218
0.130529	0.110950
0.248457	0.653442
0.291592	1.437551
0.204247	0.133782
0.237439	0.282552
0.177787	0.224012
0.207115	0.344847
0.091541	0.336415
0.089483	0.176282
0.066305	0.135925
0.121186	0.165419
0.095235	0.092854
0.082512	0.176988
0.097274	0.145911
0.166218	0.298361
0.130571	0.191287
0.201557	0.420246
0.090964	0.081867
0.228369	0.400787
0.154424	0.122767
0.105542	0.119790
0.193078	0.154462
0.142020	0.098704
0.226915	0.267760
0.117349	0.103854
0.169914	0.180958
0.125831	0.106957
0.210396	0.345050
0.213650	0.349317
0.154850	0.234598
0.102389	0.150512
0.150428	0.191795
0.213133	0.498732
0.151782	0.148746
0.226247	0.473987
0.118875	0.181284
0.128998	0.137383
0.087555	0.102002
0.154472	0.266464
0.128595	0.201895
0.249709	0.910189
0.147617	0.309995
0.149647	0.133935
0.143503	0.394633
0.134901	0.146368
0.135581	0.210829
0.145800	0.302535
0.103194	0.149116
0.102126	0.124083
0.100300	0.104312
0.182128	0.632894
0.110007	0.183161
0.081471	0.109171
0.112758	0.174775
0.109164	0.159380
0.163814	0.184291
0.087113	0.119345
0.111389	0.136452
0.198691	0.238430
0.197864	0.220619
0.108087	0.193476
0.086254	0.111268
0.175321	0.412880
0.110867	0.216191
0.080726	0.140867
0.099807	0.094816
0.119274	0.234970
0.176262	0.275851
0.225026	0.255405
0.185105	0.262850
0.127284	0.130467
0.180998	0.295027
0.146166	0.269676
0.083781	0.114780
0.080530	0.076906
0.130265	0.099652
0.112140	0.146903
0.044852	0.076473
0.063541	0.143284
0.067869	0.121486
0.098069	0.129942
0.067988	0.106061
0.050077	0.083127
0.070264	0.105748
0.093807	0.170259
0.156133	0.372378
0.106635	0.235130
0.134150	0.233421
0.097998	0.119558
0.099349	0.213600
0.086678	0.192425
0.053384	0.121181
0.077500	0.182125
0.096384	0.158070
0.121264	0.217669
0.104572	0.161041
0.102277	0.095118
0.111593	0.432422
0.263724	0.337567
0.196429	0.232768
0.171499	0.149204
0.159987	0.197584
0.189850	0.403430
0.092730	0.075575
0.099965	0.098465
0.080038	0.110852
0.065594	0.093143
0.201146	0.324851
0.154238	0.132645
0.196787	0.299116
0.171546	0.189558
0.143445	0.213734
0.179344	0.798083
0.162248	0.242561
0.239156	0.601478
0.077144	0.081772
0.098299	0.094367
0.195941	0.346816
0.120373	0.113150
0.186892	0.262583
0.103692	0.100063
0.177237	0.459044
0.117042	0.162689
0.221268	0.536576
0.099858	0.251143
0.139202	0.225508
0.069114	0.135119
0.070215	0.213104
0.088032	0.253091
0.128550	0.288594
0.182991	0.135414
0.200475	0.321763
0.234268	0.506019
0.125415	0.134821
0.168045	0.193252
0.108856	0.209003
0.130962	0.155191
