Velocity(m/s)	Chord(mm)
0.113216	0.146049
0.148472	0.289521
0.130316	0.234569
0.174946	0.281664
0.159578	0.335913
0.110907	0.151388
0.171828	0.387471
0.204869	0.417933
0.217947	0.518713
0.131623	0.182298
0.104084	0.100962
0.147676	0.128478
0.323825	0.233154
0.235889	0.299579
0.245877	0.689684
0.142097	0.157017
0.120574	0.151923
0.098750	0.087394
0.152110	0.242616
0.140544	0.131409
0.086517	0.191203
0.109522	0.171402
0.111278	0.145774
0.125370	0.287725
0.125296	0.194209
0.152838	0.427181
0.149213	0.385717
0.090619	0.172629
0.151712	0.251842
0.148626	0.335153
0.111085	0.203286
0.093088	0.175937
0.066613	0.155208
0.098141	0.136907
0.261332	0.875464
0.104873	0.165699
0.097233	0.242111
0.075495	0.118905
0.068193	0.118655
0.132197	0.193668
0.127646	0.112967
0.130022	0.166428
0.140379	0.156522
0.169635	0.247668
0.217387	0.186953
0.229630	0.153852
0.201955	0.277688
0.160888	0.347517
0.173994	0.198353
0.172461	0.302669
0.169599	0.158575
0.108192	0.101160
0.164010	0.250115
0.248803	0.694159
0.191038	0.213007
0.162029	0.290843
0.119920	0.184677
0.172460	0.273349
0.144462	0.390047
0.090547	0.123144
0.169359	0.221014
0.115674	0.253904
0.085069	0.131006
0.115417	0.246991
0.144639	0.264690
0.124020	0.299509
0.107688	0.128687
0.087721	0.112722
0.200133	0.566376
0.155548	0.244211
0.148629	0.169437
0.214301	0.437174
0.119073	0.113120
0.202583	0.289694
0.126609	0.307659
0.157983	0.317546
0.166499	0.402096
0.112726	0.288580
0.086896	0.218544
0.156433	0.130622
0.146953	0.390894
0.109353	0.159656
0.079334	0.145975
0.082702	0.107927
0.079067	0.153390
0.053908	0.161455
0.065253	0.206525
0.075652	0.173244
0.125884	0.399054
0.135684	0.205561
0.107374	0.226559
0.102960	0.173488
0.161955	0.416223
0.129731	0.194596
0.191140	0.451090
0.176661	0.431936
0.089247	0.169568
0.171885	0.826767
0.105156	0.155105
0.090913	0.141824
0.123129	0.150218
0.143957	0.203699
0.271255	0.514029
0.097260	0.099691
0.220225	0.380989
0.154876	0.594725
0.113716	0.205826
0.120378	0.130008
0.111577	0.113250
0.165283	0.325608
0.099151	0.260272
0.134703	0.301061
0.113228	0.236081
0.114329	0.177209
0.069523	0.105327
0.137615	0.142432
0.105496	0.183564
0.129820	0.140855
0.144298	0.187588
0.225567	1.127834
0.126988	0.142861
0.149345	0.280022
0.136209	0.187288
0.156285	0.211766
0.230061	0.990411
0.094371	0.111830
0.086795	0.114136
0.305498	1.403761
0.127398	0.191096
0.095582	0.149108
0.124762	0.139733
0.112946	0.099957
0.085418	0.097377
0.081621	0.147326
0.148766	0.252158
0.172789	0.251408
0.131273	0.167373
0.156602	0.300676
0.128526	0.295610
0.140048	0.256287
0.268381	0.622644
0.167318	0.184050
0.125859	0.122713
0.329175	0.184338
0.231738	0.221310
0.151395	0.166534
0.104168	0.137502
0.167785	0.316275
0.118595	0.176113
0.140672	0.168103
0.207551	0.282269
0.172240	0.297114
0.126700	0.122265
0.259977	0.473157
0.139826	0.197854
0.193401	0.465129
0.194406	0.478238
0.215553	0.244653
0.258846	0.828307
0.134853	0.199583
0.138819	0.197123
0.111675	0.187055
0.107161	0.137167
0.161083	0.150613
0.176018	0.185699
0.243008	0.251513
0.273445	0.303524
0.250685	0.260712
0.240583	0.242989
0.310753	0.425731
0.253573	0.129322
0.187617	0.149156
0.218306	0.196475
0.132864	0.107620
0.222103	0.132151
0.294776	0.524701
0.152602	0.139631
0.230214	0.288918
0.364900	2.512339
0.223897	0.295544
0.196346	0.344587
0.092669	0.091279
0.174500	0.194568
0.195700	0.201571
0.224710	0.249429
0.211681	0.349273
0.286232	0.522374
0.164096	0.161634
0.241095	0.453258
0.267959	0.296095
0.226355	0.316897
0.252337	0.420142
0.072795	0.162696
0.308777	0.370533
0.194473	0.211975
0.354181	0.642839
0.208412	0.246968
0.259922	0.230031
0.385427	0.988620
0.305449	0.766677
0.244247	0.283326
0.311684	0.738692
0.210630	0.223267
0.242624	0.249902
0.172288	0.154198
0.281721	0.362011
0.312528	0.512546
0.484869	1.110349
0.353771	0.447520
0.481676	0.724922
0.360084	0.572534
0.389947	1.101601
0.198611	0.159882
0.281827	0.456559
0.244154	0.288102
0.274536	0.129032
0.221543	0.279144
0.198302	0.227056
0.187582	0.156631
0.351940	0.522630
0.183969	0.161893
0.304787	0.347457
0.226702	0.311715
0.134550	0.244208
0.147628	0.169772
0.153887	0.226983
0.157860	0.143652
0.123099	0.137256
0.255771	0.240424
0.158588	0.278322
0.138986	0.121613
0.199694	0.167743
0.224658	0.557152
0.268450	0.300663
0.213098	0.630771
0.255436	0.272039
0.167888	0.109127
0.265768	0.332210
0.382597	0.405553
0.158628	0.134834
0.267750	0.196796
0.322889	0.587657
0.241877	0.449892
0.200928	0.187868
0.234068	0.607406
0.158249	0.155084
0.200520	0.194505
0.142102	0.097340
0.231518	0.882085
0.199265	0.346721
0.267039	0.237664
0.143275	0.112471
0.276027	0.361595
0.175085	0.193469
0.380900	0.487553
0.266506	0.137250
0.365547	0.435000
0.247389	0.249863
0.140982	0.124064
0.363381	1.084693
0.180229	0.131567
0.257461	0.351434
0.237069	0.491918
0.282919	0.390428
0.267956	0.258577
0.179083	0.226540
0.284487	0.405393
0.310340	0.246721
0.267310	0.686987
0.252961	0.328849
0.142269	0.468066
0.132615	0.155823
0.148787	0.122005
0.241994	0.165766
0.165360	0.105830
0.196324	0.223809
0.135862	0.094424
0.171868	0.118589
0.227509	0.658638
0.187331	0.170471
0.207374	0.167973
0.145061	0.112422
0.134299	0.128255
0.138768	0.194276
0.142333	0.175781
0.208040	0.344306
0.128776	0.209905
0.255324	0.554054
0.107687	0.176068
0.242715	0.398052
0.153838	0.113840
0.325080	0.520128
0.127695	0.109179
0.271307	0.287585
0.402478	0.780807
0.284017	0.217273
0.225092	0.387158
0.133358	0.122022
0.200221	0.165182
0.318388	0.888302
0.300885	0.227168
0.327604	0.560204
0.189176	0.206202
0.288677	0.907888
0.305237	0.325077
0.169341	0.162567
0.184194	0.337996
0.142976	0.240200
0.090004	0.133206
0.119872	0.124067
0.333884	1.140214
0.199008	0.220899
0.187475	0.213721
0.221967	0.145388
0.236482	0.296785
0.178717	0.165313
0.361070	0.449533
0.323038	0.282659
0.301011	0.403355
0.284520	0.241842
0.439948	0.967886
0.296621	0.244712
0.240463	0.187561
0.372798	0.484637
0.199404	0.155535
0.406016	0.637445
0.476128	0.618966
0.425924	1.175550
0.208234	0.116611
0.359765	0.539647
0.252601	0.204607
0.303359	0.285157
0.151532	0.165170
0.313958	0.466228
0.173714	0.189348
0.191745	0.147644
0.365035	1.396258
0.133639	0.133639
0.249906	1.075845
0.124843	0.220348
0.315978	0.631955
0.227081	0.129436
0.347292	0.805718
0.298144	0.214664
0.231731	0.363818
0.270269	0.377025
0.323620	0.847885
0.173629	0.166684
0.208699	0.202438
0.341539	0.512309
0.362110	0.660851
0.241270	0.177333
0.243305	0.291967
0.175089	0.210107
0.289576	0.354730
0.161587	0.134925
0.164594	0.170355
0.191149	0.228424
0.133708	0.206578
0.313342	1.712414
0.165013	0.370454
0.188455	0.288337
0.153186	0.278798
0.244970	0.726337
0.221973	0.301884
0.204504	0.262788
0.207571	0.207571
0.239019	0.390796
0.094511	0.094983
0.174465	0.225932
0.151105	0.173015
0.148021	0.190948
0.293068	0.232989
0.320149	0.499433
0.189352	0.247105
0.190454	0.699920
0.106112	0.116723
0.292009	0.617598
0.190951	0.224368
0.203379	0.207446
0.267723	0.305205
0.246275	0.522102
0.248590	0.454920
0.284041	0.913191
0.200638	0.351117
0.159597	0.262537
0.099967	0.117961
0.160372	0.162777
0.093805	0.095212
0.220294	0.259946
0.170915	0.267482
0.168794	0.129971
0.264312	0.307923
0.238147	0.301256
0.184386	0.259062
0.251643	0.515868
0.103484	0.091583
0.303288	0.459481
0.220574	0.537098
0.107845	0.154218
0.152209	0.168191
0.133915	0.189490
0.209126	0.364925
0.245265	0.557979
0.142445	0.205833
0.176179	0.112755
0.249127	0.535623
0.125165	0.130171
0.201564	0.163267
0.214932	0.233201
0.180564	0.132715
0.255154	0.500102
0.231757	0.444973
0.189252	0.298072
0.170110	0.193926
0.148353	0.189892
0.133297	0.137962
0.182588	0.201760
0.249200	0.274120
0.195848	0.169409
0.146645	0.151045
0.118429	0.154550
0.142096	0.193250
0.100049	0.191093
0.151139	0.140559
0.136581	0.189848
0.173203	0.249412
0.125783	0.104400
0.127526	0.117961
0.169504	0.166114
0.198126	0.166426
0.258906	0.385770
0.222095	0.589661
0.197433	0.499506
0.094289	0.161235
0.100895	0.280487
0.191577	0.294071
0.087590	0.114306
0.103258	0.321647
0.113307	0.123504
0.115167	0.461245
0.122181	0.235199
0.195219	0.301613
0.254627	4.126234
0.140830	0.411927
0.160527	0.363594
0.094943	0.142890
0.088326	0.094951
0.160465	0.652289
0.112892	0.399072
0.068238	0.172301
0.089789	0.191699
0.101892	0.157933
0.100718	0.120358
0.161681	0.261924
0.126299	0.203341
0.154803	0.238396
0.120666	0.130319
0.189756	0.529420
0.197578	0.267718
0.157647	0.155283
0.193519	0.472186
0.174667	0.260254
0.137414	0.210243
0.104846	0.139969
0.137892	0.235795
0.178730	0.484357
0.209139	0.267698
0.201422	0.279977
0.142752	0.403987
0.180029	0.451873
0.104577	0.212291
0.162143	0.340499
0.148532	0.320830
0.121293	0.218933
0.140485	0.239527
0.100822	0.129557
0.196845	1.933022
0.209464	0.131962
0.352128	0.529952
0.263885	0.304787
0.266619	0.354603
0.218746	0.194684
0.266686	0.310689
0.241414	0.609570
0.154534	0.116673
0.136322	0.221524
0.116350	0.152419
0.153523	0.219539
0.114906	0.128695
0.103841	0.153685
0.122284	0.131455
0.278975	0.510524
0.160752	0.244343
0.183357	0.223696
0.219957	0.410220
0.142050	0.144891
0.098963	0.170216
0.227121	0.518972
0.090428	0.177238
0.208360	0.429221
0.189284	0.466586
0.133998	0.242536
0.172409	0.285336
0.113710	0.225146
0.110633	0.216287
0.093646	0.249099
0.303388	1.944718
0.100838	0.147727
0.084520	0.128470
0.133164	0.251015
0.133709	0.246025
0.134800	0.203548
0.163270	0.357561
0.151526	0.268201
0.110447	0.119282
0.113133	0.470068
0.178592	0.170555
0.144352	0.779502
0.246096	0.476196
0.116689	0.244464
0.127268	0.169267
0.195101	1.180359
0.185132	0.749785
0.074389	0.141340
0.127475	0.127475
0.229571	0.306477
0.214849	0.378134
0.272255	0.638439
0.118312	0.131918
0.182597	0.305849
0.184587	0.613752
0.121232	0.165481
0.085605	0.144244
0.148659	0.303264
0.129655	0.201614
0.099615	0.174327
0.110981	0.190333
0.100770	0.128482
0.124232	0.272688
0.112119	0.113240
0.075772	0.082971
0.163082	0.531646
0.109201	0.154519
0.163271	0.429403
0.105977	0.149428
0.102432	0.256081
0.093033	0.131642
0.071053	0.532539
0.115352	0.264157
0.077226	0.161788
0.145563	0.189960
0.145968	0.210194
0.103015	0.149371
0.215740	0.542585
0.170354	0.305785
0.146731	0.291996
0.131265	0.200835
0.141191	0.144015
0.280403	0.621092
0.222271	0.426761
0.175141	0.301242
0.090227	0.140754
0.117515	0.111052
0.225074	0.434394
0.201391	0.330281
0.244214	0.389522
0.213131	0.469955
0.093576	0.174987
0.118338	0.107096
0.103042	0.273062
0.075276	0.105386
0.144936	0.326830
0.146965	0.196198
0.151521	0.254555
0.099286	0.131554
0.164054	0.188662
0.147736	0.173590
0.093372	0.188144
0.065485	0.112633
0.099519	0.192569
0.202145	0.620586
0.140274	0.201293
0.103869	0.190600
0.132723	0.258146
0.117258	0.171782
0.166020	0.316269
0.140421	0.315244
0.085601	0.097157
0.096337	0.149322
0.088285	0.109915
0.119841	0.204329
0.082177	0.169696
0.152250	0.347891
0.125446	0.150535
0.151792	0.316486
0.129891	0.141581
0.187906	0.195422
0.227375	0.527510
0.187067	0.271247
0.216134	1.035280
0.140507	0.184767
0.084849	0.146788
0.164200	1.227396
0.144536	0.305693
0.177935	0.331848
0.103907	0.140275
0.167831	0.133426
0.061669	0.116553
0.102186	0.193132
0.238289	1.068726
0.186121	0.428079
0.157102	0.263145
0.135714	0.147928
0.148458	0.220460
0.241045	0.900303
0.115267	0.230535
0.109544	0.216897
0.153601	0.273409
0.124033	0.138297
0.113627	0.242595
0.129266	0.268227
0.085004	0.161508
0.074542	0.104732
0.089918	0.125435
0.136850	0.223065
0.097951	0.144968
0.088210	0.128786
0.084016	0.134426
0.107301	0.259131
0.179781	0.486307
0.145014	0.195768
0.182848	0.298043
0.164005	0.186966
0.136620	0.129106
0.142193	0.167077
0.242032	0.716415
0.126373	0.174394
0.147196	0.231834
0.217487	0.351242
0.173047	0.173047
0.095309	0.104840
0.139884	0.123797
0.219747	0.526294
0.228183	0.463210
0.251190	0.619182
0.155227	0.193257
0.156621	0.191078
0.250505	0.291838
0.249001	0.432016
0.208913	0.238161
0.147779	0.166252
0.124050	0.206544
0.155916	0.272853
0.163480	0.343309
0.126166	0.240346
0.194822	0.409126
0.277591	0.845264
0.318355	0.254684
0.246051	0.295261
0.298461	0.367107
0.271753	0.362791
0.350996	0.419440
0.391141	1.036523
0.170774	0.109295
0.350178	0.355430
0.280146	0.313764
0.194582	0.182907
0.270528	0.294875
0.310564	0.482928
0.203536	0.145528
0.206178	0.271124
0.209386	0.332924
0.179235	0.160415
0.139202	0.194187
0.172932	0.190225
0.161424	0.266349
0.163855	0.200722
0.240957	0.316858
0.170592	0.153533
0.317441	0.947561
0.298773	0.436209
0.301586	0.897218
0.306147	0.707200
0.219818	0.469311
0.137557	0.110734
0.189769	0.159406
0.235911	0.165137
0.246257	0.197006
0.166092	0.181870
0.125734	0.123848
0.351297	0.969581
0.242607	0.122516
0.272651	0.253565
0.352265	0.412150
0.334819	0.366627
0.201188	0.222313
0.230954	0.137417
0.206259	0.252667
0.397328	0.546326
0.454562	0.597750
0.202133	0.112184
0.263923	0.171550
0.279893	0.258901
0.336436	0.775485
0.224852	0.240592
0.258769	0.327343
0.228070	0.289649
0.302401	0.612361
0.124812	0.131676
0.109225	0.140355
0.175526	0.188691
0.174208	0.147206
0.278532	0.764572
0.222551	0.221438
0.290854	0.381019
0.205867	0.345857
0.175867	0.284904
0.222743	0.361957
0.142975	0.260215
0.186446	0.605949
0.213088	0.208827
0.193314	0.390494
0.176557	0.215400
0.126361	0.269149
0.086260	0.107393
0.111533	0.097034
0.187451	0.331787
0.249339	0.431356
0.242079	0.398219
0.154387	0.221545
0.152965	0.188911
0.176218	0.340982
0.148439	0.198908
0.083247	0.158169
0.106637	0.147159
0.204725	0.177087
0.125899	0.197032
0.194837	0.216269
0.143288	0.188423
0.133375	0.098031
0.249677	0.531811
0.144591	0.169171
0.212555	0.339026
0.096456	0.109960
0.129500	0.162523
0.122755	0.163877
0.161888	0.131129
0.160618	0.412789
0.112951	0.146836
0.210421	0.454510
0.150049	0.405133
0.095192	0.306517
0.349859	0.867651
0.205235	0.108775
0.264534	1.107075
0.174910	0.265862
0.151957	0.227175
0.196655	0.303832
0.313809	0.618203
0.297301	0.364194
0.344853	0.377614
0.181965	0.124646
0.280907	0.432597
0.340436	0.680872
0.187827	0.267653
0.127174	0.148794
0.155535	0.164089
0.227936	0.302015
0.126736	0.160954
0.300169	0.894505
0.096199	0.118806
0.151717	0.273091
0.129044	0.178726
0.136161	0.219901
0.104779	0.158216
0.080065	0.166134
0.179016	0.244358
0.340713	2.999978
0.275573	0.403715
0.190678	0.358475
0.231974	0.301567
0.159707	0.289868
0.193886	0.561300
0.180907	0.208043
0.104479	0.119629
0.133641	0.270622
0.173401	0.351137
0.121125	0.142928
0.188226	0.261634
0.180602	0.159833
0.404438	0.657211
0.261254	0.407557
0.185292	0.176954
0.215477	0.380317
0.177591	0.183807
0.105579	0.117193
0.221093	0.445503
0.149565	0.118905
0.255068	0.193852
0.355839	0.757937
0.118107	0.118107
0.218653	0.490877
0.159775	0.172557
0.142378	0.237772
0.113051	0.301845
0.199651	0.205640
0.137759	0.159112
0.144250	0.163724
0.152282	0.258118
0.149017	0.283132
0.217145	0.222574
0.191197	0.179725
0.259001	0.472677
0.278265	0.875143
0.149492	0.135290
0.226784	0.299355
0.151098	0.110301
0.103495	0.114880
0.161921	0.242071
0.260084	0.910293
0.146008	0.156229
0.186179	0.191765
0.194605	0.384344
0.207032	0.291915
0.114829	0.114829
0.313754	0.757717
0.167166	0.278332
0.138768	0.167215
0.091879	0.096473
0.209706	0.470790
0.172011	0.169431
0.116580	0.224416
0.170511	0.203760
0.155224	0.205672
0.151090	0.216059
0.242157	0.320858
0.260074	0.457731
0.164237	0.183946
0.235403	0.411955
0.124439	0.146838
0.182353	0.344647
0.153396	0.255404
0.164882	0.225063
0.187127	0.257300
0.190127	0.499082
0.132675	0.279943
0.158761	0.119070
0.227779	0.330280
0.153937	0.196270
0.156755	0.260996
0.287969	0.573058
0.211186	0.334729
0.195125	0.300493
0.226386	0.245628
0.355657	1.042075
0.252216	0.330403
0.234643	0.202967
0.175726	0.150245
0.318561	0.355195
0.372790	0.657974
0.327546	0.478217
0.156528	0.271577
0.200205	0.234240
0.163334	0.145368
0.397501	1.107039
0.269167	0.314925
0.180926	0.173689
0.210349	0.178796
0.167875	0.229989
0.131305	0.153627
0.117521	0.121047
0.231613	0.377530
0.177184	0.438532
0.125055	0.202590
0.125213	0.335571
0.138272	0.153482
0.214654	0.157771
0.267967	0.375153
0.270797	0.334434
0.149308	0.259050
0.163099	0.299286
0.139842	0.151030
0.194081	0.614265
0.188684	0.473596
0.111033	0.136571
0.169562	0.399319
0.144442	0.348828
0.142451	0.237181
0.147131	0.336194
0.194048	0.725740
0.098284	0.117450
0.147245	0.216450
0.162816	0.423322
0.195283	0.954933
0.212895	0.706811
0.117831	0.130793
0.131751	0.112647
0.243560	0.453022
0.145226	0.140869
0.143594	0.182364
0.119487	0.147567
0.097450	0.121812
0.118730	0.255270
0.086958	0.149134
0.208468	0.222019
0.178921	0.416886
0.204409	0.184990
0.116447	0.097233
0.222365	0.369126
0.188544	0.298843
0.147119	0.172865
0.166885	0.242817
0.242914	0.542912
0.215519	0.156251
0.183275	0.172278
0.126073	0.116618
0.216642	0.310882
0.188377	0.324009
0.192234	0.239332
0.232123	0.797342
0.161499	0.298773
0.101262	0.113414
0.146214	0.296082
0.099846	0.153263
0.164300	0.289168
0.116803	0.206157
0.110280	0.235448
0.117114	0.234229
0.108929	0.194438
0.112059	0.199465
0.090845	0.220753
0.101088	0.137480
0.126644	0.507208
0.062061	0.111090
0.104263	0.178290
0.065065	0.110284
0.145799	0.361582
0.100386	0.186717
0.113529	0.215705
0.106786	0.235463
0.110669	0.208058
0.118471	0.213840
0.115339	0.250286
0.086655	0.156846
0.153061	0.434692
0.091424	0.164106
0.126933	0.208804
0.109640	0.234629
0.062835	0.156459
0.083494	0.169076
0.066071	0.149982
0.085105	0.252761
0.121201	0.213920
0.101459	0.397212
0.163929	0.322120
0.093834	0.111663
0.113827	0.221394
0.109628	0.132102
0.149056	0.237745
0.127636	0.196559
0.134570	0.150046
0.085524	0.133845
0.100940	0.206927
0.110885	0.405841
0.076194	0.144007
0.067926	0.126002
0.063942	0.107102
0.097670	0.250035
0.122209	0.257250
0.093408	0.142448
0.094724	0.119826
0.078023	0.191547
0.153787	0.255286
0.205108	0.219466
0.109282	0.158459
0.095181	0.160855
0.080466	0.112249
0.206285	0.424946
0.133021	0.188889
0.131451	0.140653
0.192188	1.342435
0.117693	0.134170
0.119603	0.171630
0.195065	0.948989
0.135399	0.224763
0.128821	0.305306
0.250195	1.885223
0.120847	0.291846
0.133953	0.389803
0.079061	0.127287
0.107925	0.182933
0.106231	0.206088
0.130800	0.381936
0.163733	0.355301
0.150038	0.275319
0.166155	0.518402
0.127290	0.190299
0.092890	0.166738
0.146594	0.305649
0.179654	0.367393
0.168329	0.224720
0.125195	0.192174
0.106082	0.199435
0.117781	0.139571
0.091166	0.167290
0.091507	0.251187
0.080407	0.119806
0.090765	0.157932
0.074254	0.123262
0.091997	0.145815
0.140262	0.354862
0.127683	0.132790
0.077504	0.127106
0.147601	0.250183
0.072827	0.146747
0.082583	0.154429
0.113186	0.139218
0.125673	0.384560
0.131023	0.277114
0.125117	0.138255
0.151542	0.178062
0.067716	0.122567
0.097154	0.217139
0.092396	0.211588
0.082006	0.111939
0.103485	0.100897
0.180853	0.557931
0.131751	0.293804
0.079536	0.127655
0.106811	0.204008
0.145393	0.367119
0.101415	0.145531
0.154030	0.224114
0.107662	0.146420
0.127699	0.148131
0.203630	0.562019
0.093633	0.168539
0.113014	0.122055
0.125420	0.225128
0.096684	0.219956
0.116194	0.179520
0.108847	0.304772
0.114367	0.224731
0.123622	0.206449
0.125009	0.258143
0.062859	0.105288
0.069286	0.135800
0.092759	0.196185
0.105266	0.126845
0.116574	0.340979
0.084069	0.149222
0.086851	0.155030
0.156808	0.259517
0.146781	0.737573
0.227117	1.509192
0.193309	0.191376
0.123078	0.147078
0.158918	0.172426
0.119663	0.160349
0.236075	0.382442
0.137277	0.172969
0.136593	0.155716
0.122535	0.094965
0.100546	0.336828
0.069505	0.106342
0.053920	0.121590
0.036466	0.103015
0.088395	0.153366
0.080908	0.184471
0.073295	0.167846
0.122418	0.225861
0.179485	0.269227
0.169109	0.465048
0.117804	0.106023
0.187917	1.129379
0.151651	0.294961
0.125613	0.126869
0.114774	0.176751
0.103902	0.142346
0.125473	0.134884
0.097289	0.157122
0.084591	0.188214
0.083842	0.205413
0.086626	0.132538
0.071387	0.236649
0.111018	0.167081
0.182831	0.201114
0.088150	0.112832
0.125575	0.117413
0.244625	0.466011
0.122019	0.200112
0.168072	0.282361
0.177161	0.408357
0.173660	0.365555
0.119369	0.172488
0.155354	0.518107
0.108196	0.119556
0.174490	0.404817
0.056641	0.111300
0.077933	0.130538
0.124110	0.180580
0.164134	0.192857
0.224867	0.516070
0.113698	0.116541
0.166782	0.212647
0.278184	0.666252
0.178571	0.312500
0.144378	0.150153
0.132657	0.181077
0.111392	0.167088
0.146484	0.183105
0.120123	0.151956
0.088123	0.163027
0.125274	0.365800
0.083373	0.116305
0.153511	0.526544
0.116891	0.188779
0.127922	0.416385
0.066453	0.128255
0.090955	0.215108
0.101622	0.188002
0.100234	0.173405
0.110020	0.193086
0.155891	0.369462
0.156679	0.190366
0.145063	0.454771
0.079777	0.144397
0.119474	0.305257
0.075445	0.106378
0.109298	0.171598
0.109560	0.172556
0.194894	0.456052
0.144071	0.232674
0.155777	0.225098
0.158368	0.136989
0.140190	0.166125
0.137125	0.200202
0.087109	0.175960
0.166614	0.329063
0.107287	0.341710
0.182595	0.673776
0.074954	0.114305
0.142134	0.239496
0.146670	0.602081
0.116253	0.205768
0.123102	0.187730
0.074976	0.233925
0.152187	0.332529
0.196971	0.326971
0.125986	0.140474
0.113359	0.209715
0.079808	0.119713
0.121945	0.174992
0.080874	0.126164
0.125734	0.278502
0.154472	0.474229
0.160300	0.202779
0.117056	0.258693
0.091285	0.115020
0.185422	0.496004
0.147870	0.377807
0.071984	0.141809
0.128833	0.164906
0.102010	0.210651
0.086295	0.161372
0.104407	0.161831
0.053716	0.105552
0.115764	0.225739
0.161245	0.440200
0.111004	0.162066
0.151473	0.270379
0.107307	0.140572
0.164581	0.203258
0.093142	0.102457
0.136855	0.129328
0.131461	0.265552
0.094987	0.139156
0.152753	0.316963
0.192552	0.717256
0.178786	0.213649
0.141661	0.219575
0.085366	0.115244
0.111699	0.156937
0.081424	0.095266
0.199178	0.239013
0.183595	0.306604
0.212221	0.204793
0.200652	0.290946
0.113127	0.089370
0.328744	0.461885
0.338742	0.348904
0.351818	0.562909
0.228061	0.364898
0.261585	0.205344
0.235054	0.329075
0.184517	0.162375
0.274130	0.312508
0.219701	0.377886
0.145572	0.153579
0.246746	0.173956
0.235060	0.339661
0.233331	0.198331
0.286702	0.475925
0.192308	0.281731
0.213428	0.329746
0.121582	0.228574
0.080103	0.141783
0.179966	0.297844
0.136306	0.184695
0.160538	0.357197
0.207352	0.189727
0.154472	0.281911
0.219993	0.410287
0.234365	0.227334
0.176957	0.499905
0.194997	0.299321
0.229412	0.384265
0.150524	0.158803
0.213825	0.333567
0.105865	0.116980
0.298090	0.661760
0.314569	0.625992
0.172002	0.143622
0.229029	0.253078
0.287545	0.261666
0.210498	0.306274
0.185079	0.263737
0.239112	0.297694
0.225624	0.283158
0.213939	0.462109
0.212967	0.349266
0.123209	0.150931
0.143227	0.229163
0.260508	1.464056
0.161479	0.163094
0.229673	0.180294
0.350072	0.546112
0.229433	0.174369
0.319874	0.572575
0.425275	1.588403
0.365333	0.474933
0.322296	0.412539
0.311007	0.380983
0.159967	0.112777
0.258149	0.880287
0.149690	0.180376
0.114085	0.164852
0.171129	0.360227
0.096323	0.124257
0.156477	0.478818
0.106873	0.133057
0.109761	0.120737
0.122375	0.280851
0.184240	0.689056
0.211660	1.315464
0.103972	0.285404
0.090393	0.108019
0.115380	0.135572
0.176887	0.414801
0.106180	0.125823
0.180656	0.769594
0.185054	0.376584
0.194538	0.373513
0.232349	0.310187
0.113695	0.164858
0.152147	0.146061
0.105611	0.149968
0.151863	0.259686
0.157491	0.175602
0.128972	0.308243
0.086178	0.116771
0.175565	0.337084
0.146121	0.174614
0.140290	0.280580
0.169265	0.240357
0.177095	0.229338
0.142158	0.185516
0.115793	0.111161
0.224878	0.363178
0.152318	0.296258
0.103787	0.121431
0.276665	0.464798
0.164579	0.194203
0.241473	0.470873
0.122565	0.240227
0.271600	0.359871
0.227703	0.167362
0.352152	0.764169
0.258567	0.338723
0.352510	0.387761
0.137051	0.104844
0.222341	0.307943
0.105158	0.129345
0.122818	0.160277
0.122616	0.263011
0.181439	0.469019
0.097124	0.123833
0.201197	0.580453
0.118397	0.251594
0.067291	0.105647
0.156617	0.177760
0.094573	0.199077
0.087621	0.207661
0.085217	0.150834
0.093145	0.111309
0.140885	0.231052
0.147417	0.215965
0.231396	0.424612
0.101114	0.111731
0.160975	0.156145
0.295661	1.237342
0.123291	0.173841
0.116395	0.135600
0.146917	0.145448
0.200988	0.232141
0.099520	0.115443
0.176060	0.383812
0.146524	0.301107
0.110775	0.275829
0.178040	0.528778
0.212887	0.316137
0.198199	0.392434
0.155354	0.352654
0.134561	0.121105
0.164951	0.205364
0.214245	0.620241
0.226297	0.491065
0.261848	0.688661
0.150042	0.283580
0.152953	0.227899
0.091414	0.126152
0.082793	0.132055
0.116639	0.177874
0.061398	0.137839
0.105846	0.139716
0.088136	0.177154
0.156563	0.584763
0.080506	0.140886
0.069609	0.146179
0.228580	0.604595
0.146436	0.195492
0.094169	0.130895
0.138027	0.308490
0.135648	0.206185
0.145908	0.172172
0.164027	0.244400
0.153207	0.224448
0.107776	0.129331
0.125045	0.220705
0.284107	0.549747
0.097720	0.175895
0.082891	0.186920
0.078726	0.140919
0.116769	0.243463
0.078505	0.125215
0.079669	0.133446
0.096183	0.312596
0.189057	0.404583
0.194442	0.341245
0.186076	0.193519
0.204423	0.358763
0.166325	0.205411
0.179349	0.185626
0.110894	0.169668
0.148243	0.237930
0.185945	0.189664
0.136751	0.263929
0.194420	0.584234
0.145897	0.248025
0.201709	0.467966
0.384936	0.617822
0.295188	0.523959
0.405012	0.455638
0.374378	0.471716
0.265295	0.490796
0.302856	0.286199
0.460702	1.444302
0.232399	0.323035
0.182987	0.286375
0.196122	0.328504
0.187254	0.325822
0.194098	0.177600
0.218382	0.282804
0.166144	0.222633
0.131079	0.177613
0.116651	0.209388
0.154685	0.266059
0.187956	0.350538
0.116267	0.203468
0.223971	0.175817
0.261030	0.270166
0.153363	0.125758
0.199188	0.415307
0.215473	0.477273
0.188589	0.243279
0.225543	1.005920
0.118024	0.161102
0.119253	0.121638
0.128028	0.161955
0.168408	0.269452
0.204721	0.485189
0.170751	0.356017
0.173107	0.314190
0.155966	0.140370
0.198933	0.296411
0.162413	0.414964
0.100854	0.115478
0.111619	0.169662
0.116440	0.174660
0.110164	0.125586
0.273835	0.538087
0.132413	0.164855
0.207106	0.510516
0.212369	0.177328
0.289427	0.920377
0.178386	0.161439
0.149652	0.160128
0.288553	1.676494
0.220877	0.345672
0.134962	0.180849
0.160952	0.185095
0.139464	0.149924
0.228481	0.247902
0.163895	0.163076
0.215142	0.257094
0.128782	0.109465
0.266647	0.326643
0.278280	0.761096
0.214489	0.336748
0.128095	0.118488
0.181185	0.169408
0.247183	0.341113
0.329798	0.404003
0.151266	0.130845
0.229494	0.209987
0.201836	0.255322
0.231852	0.345459
0.189221	0.145700
0.216784	0.203777
0.282859	0.581275
0.306957	0.721348
0.246133	0.423349
0.234412	0.752464
0.250541	0.529894
0.219429	0.355475
0.281805	0.865141
0.221766	0.483449
0.128260	0.156478
0.155073	0.172906
0.209545	0.334225
0.217404	0.425024
0.304249	1.367598
0.257082	0.205666
0.182729	0.332567
0.126561	0.117069
0.235338	0.417725
0.242507	0.415899
0.229673	0.290537
0.235205	0.424546
0.159728	0.259558
0.148919	0.167534
0.206829	0.316448
0.210827	0.368947
0.130154	0.179613
0.255644	0.369405
0.274195	0.510002
0.299914	0.563838
0.191492	0.147449
0.257254	1.074036
0.269722	0.358731
0.234210	0.425091
0.305181	0.343328
0.159599	0.164387
0.158351	0.141724
0.229546	0.337433
0.201901	0.289727
0.252258	0.286313
0.209610	0.383585
0.170286	0.148149
0.345352	0.873740
0.273712	0.537845
0.262489	0.241489
0.289228	0.550980
0.215483	0.398644
0.205293	0.237114
0.329053	0.546228
0.185166	0.121284
0.270492	0.300246
0.290358	0.312135
0.324251	0.609592
0.380163	0.853465
0.180284	0.148734
0.233794	0.206908
0.240679	0.344170
0.243017	0.302556
0.218472	0.230488
0.241817	0.330080
0.250038	0.307547
0.294468	0.354834
0.194894	0.178328
0.254651	0.267384
0.244216	0.300385
0.255233	0.211843
0.250852	0.245835
0.217422	0.143498
0.153668	0.179023
0.188575	0.233833
0.164005	0.105783
0.275176	0.580621
0.156646	0.093204
0.251652	0.332181
0.266835	0.257496
0.192581	0.163694
0.166161	0.193577
0.241588	0.375670
0.265783	0.470436
0.244166	0.419966
0.277350	0.198305
0.202525	0.149868
0.331913	0.648889
0.200699	0.401398
0.205373	0.365565
0.212530	0.302855
0.211492	0.245330
0.276901	0.548263
0.199788	0.337642
0.181464	0.173298
0.223086	0.288896
0.274635	0.186751
0.195184	0.218606
0.254071	0.480194
0.179972	0.129580
0.273282	0.211793
0.279941	0.484298
0.339047	0.433981
0.234303	0.296393
0.461090	1.846664
0.351528	0.413046
0.125234	0.088916
0.256951	0.337891
0.237989	0.496206
0.192917	0.157227
0.241578	0.175144
0.258502	0.152516
0.225960	0.159302
0.351801	0.888299
0.161346	0.096808
0.218847	0.172889
0.437695	0.776909
0.275174	0.265543
0.343783	0.357534
0.437837	0.391864
0.396468	0.884124
0.277793	0.412522
0.226715	0.179105
0.320144	0.238508
0.357701	0.450704
0.209383	0.166459
0.322397	0.625450
0.235030	0.580525
0.189202	0.297048
0.203623	0.195478
0.225429	0.264879
0.125267	0.136541
0.133381	0.295439
0.122092	0.157499
0.137491	0.167052
0.085427	0.112764
0.099751	0.180549
0.107031	0.341963
0.156578	0.241130
0.104758	0.136186
0.152851	0.163550
0.133694	0.272068
0.128192	0.157677
0.082065	0.124739
0.099721	0.131632
0.083339	0.177928
0.064136	0.171885
0.106005	0.284624
0.102421	0.139804
0.125492	0.204551
0.149051	0.193022
0.199933	0.467843
0.169503	0.201708
0.180477	0.342005
0.097961	0.199840
0.062146	0.101298
0.155315	0.291992
0.105354	0.248107
0.105458	0.153441
0.096377	0.104569
0.108493	0.174674
0.083989	0.115485
0.101380	0.158153
0.146020	0.318324
0.089446	0.149374
0.135609	0.210872
0.147016	0.316084
0.129297	0.185541
0.134220	0.217437
0.132763	0.302700
0.083469	0.184883
0.114662	0.326215
0.102110	0.110279
0.239110	0.431593
0.168202	0.390230
0.170188	0.358245
0.154497	0.501342
0.134018	0.221130
0.093117	0.143866
0.075922	0.124132
0.052072	0.122109
0.069189	0.144260
0.187543	1.068995
0.148866	0.328994
0.143236	0.377426
0.132745	0.175224
0.118656	0.121622
0.243217	0.716275
0.242406	0.369669
0.197165	0.362783
0.272816	0.807536
0.148633	0.143431
0.131325	0.168096
0.177461	0.241347
0.372422	1.577205
0.241129	0.171201
0.148545	0.222817
0.126543	0.118318
0.166233	0.167064
0.167737	0.280120
0.114877	0.117174
0.273888	0.623095
0.106867	0.134653
0.137243	0.122146
0.175424	0.167530
0.197182	0.217886
0.273744	0.375029
0.208532	0.128247
0.236464	0.219912
0.234782	0.403826
0.202133	0.304210
0.090638	0.152726
0.182542	0.323099
0.097215	0.195888
0.122275	0.195639
0.136439	0.167138
0.144281	0.275577
0.143270	0.234246
0.236723	1.217939
0.116180	0.105143
0.102933	0.130210
0.112782	0.128007
0.147843	0.156714
0.083658	0.127579
0.083070	0.107990
0.108525	0.295189
0.108281	0.200319
0.219097	0.185137
0.166724	0.343452
0.121981	0.155526
0.224358	0.325320
0.125213	0.250425
0.168183	0.193410
0.205508	0.463420
0.263174	0.596088
0.083213	0.131477
0.098970	0.241982
0.097107	0.151001
0.157834	0.205184
0.146352	0.229773
0.101656	0.113855
0.191069	0.401245
0.097318	0.164955
0.193857	0.455563
0.132084	0.257564
0.125943	0.452136
0.099982	0.136975
0.092344	0.133437
0.102444	0.221278
0.070240	0.237764
0.094845	0.342866
0.067034	0.109600
0.079043	0.226853
0.139480	0.213405
0.120484	0.231933
0.117712	0.166563
0.198403	0.557511
0.098727	0.114029
0.126210	0.406395
0.116140	0.294995
0.186212	0.236490
0.132004	0.148505
0.222920	0.606344
0.229607	0.417886
0.173520	0.179593
0.246759	0.413322
0.156748	0.144208
0.240368	0.507177
0.159261	0.248447
0.265966	0.324479
0.186332	0.278566
0.171607	0.300311
0.176419	0.254044
0.207694	0.228463
0.133966	0.133296
0.240218	0.404768
0.118125	0.144113
0.246110	0.446690
0.148183	0.192638
0.220925	0.300458
0.130537	0.141632
0.277578	0.705048
0.188051	0.234123
0.140958	0.216371
0.178319	0.333456
0.143679	0.163076
0.197733	0.348999
0.167918	0.159522
0.263136	0.917029
0.203357	0.220643
0.151128	0.169264
0.254046	0.379799
0.167261	0.286853
0.102666	0.094966
0.261808	0.260499
0.226682	0.251617
0.195510	0.327479
0.142860	0.202861
0.130799	0.122297
0.136039	0.116314
0.231129	0.214950
0.270873	0.400892
0.255689	0.602148
0.252549	0.313161
0.277414	0.260769
0.253547	0.338486
0.164230	0.234849
0.153789	0.316805
0.152356	0.138644
0.266555	0.437150
0.212079	0.336146
0.206347	0.358012
0.254684	0.497907
0.162964	0.157260
0.166448	0.161454
0.103125	0.105703
0.200040	0.437087
0.133105	0.101825
0.222717	0.247216
0.175755	0.253087
0.196577	0.426572
0.182558	0.164302
0.143395	0.189281
0.252913	0.461565
0.102327	0.105908
0.247800	0.296121
0.178521	0.156206
0.122071	0.223389
0.157830	0.171245
0.215165	0.278639
0.253468	0.468916
0.278188	0.379726
0.222968	0.391308
0.152730	0.127530
0.244842	0.476218
0.161406	0.353479
0.192707	0.232212
0.176439	0.261130
0.278435	0.723930
0.285161	1.016600
0.161794	0.215186
0.121725	0.252580
0.098066	0.151512
0.084043	0.144975
0.066144	0.126005
0.135012	0.262599
0.190411	0.334170
0.210825	0.791647
0.106406	0.135136
0.133989	0.334974
0.113946	0.264354
0.205637	0.235455
0.177668	0.219419
0.088974	0.100096
0.283792	0.201493
0.303222	0.556413
0.260377	0.449150
0.322081	0.919541
0.199823	0.135879
0.239326	0.185477
0.341951	0.182944
0.191823	0.215801
0.201485	0.277042
0.225661	0.676984
0.166209	0.244328
0.203135	0.197041
0.155602	0.203061
0.275115	0.833597
0.193537	0.323206
0.179639	0.265866
0.275111	0.372775
0.182847	0.251415
0.118830	0.121801
0.225435	0.685323
0.322537	0.869238
0.150007	0.177759
0.162113	0.139417
0.240652	0.232229
0.264631	0.853434
0.142225	0.249605
0.129192	0.118857
0.171854	0.268093
0.174291	0.122003
0.108505	0.094942
0.142496	0.129671
0.322092	0.372017
0.326359	0.267614
0.232762	0.143149
0.352787	0.421580
0.411844	0.273876
0.482960	1.084245
0.332110	0.171037
0.464940	0.785749
0.422027	0.943230
0.396098	0.901122
0.204001	0.403922
0.207098	0.215382
0.257100	0.341944
0.352087	0.767550
0.196687	0.264544
0.257476	0.503366
0.200798	0.216862
0.176394	0.147289
0.154093	0.152553
0.311300	0.532323
0.283771	0.693819
0.282469	0.762665
0.192346	0.326026
0.226908	0.367591
0.246271	0.147763
0.415543	0.511118
0.267225	0.192402
0.350846	0.428033
0.246414	0.215612
0.161695	0.188375
0.194543	0.207188
0.234851	0.435648
0.191318	0.194188
0.181992	0.152873
0.170968	0.240210
0.146749	0.158489
0.064675	0.103156
0.081797	0.097339
0.137411	0.278258
0.122025	0.132397
0.191200	0.434024
0.199517	0.172582
0.157769	0.137259
0.108998	0.101913
0.184212	0.132632
0.275246	0.366077
0.206840	0.330944
0.193203	0.378678
0.280012	0.974440
0.196755	0.387608
0.206787	0.299840
0.116082	0.145683
0.139115	0.110596
0.190598	0.284944
0.134816	0.172564
0.292567	0.769450
0.114644	0.137573
0.150489	0.267118
0.171520	0.305306
0.182994	0.626755
0.075992	0.140965
0.108043	0.215006
0.162712	0.151322
0.127343	0.178917
0.131499	0.262998
0.081835	0.175944
0.178473	0.315896
0.195961	0.242991
0.122012	0.111030
0.173509	0.194330
0.239237	0.362444
0.279807	0.509249
0.218369	0.675853
0.131806	0.277452
0.187310	0.281901
0.170652	0.118603
0.268043	0.477116
0.245297	0.425591
0.265192	0.433589
0.170076	0.288278
0.263433	0.673070
0.186248	0.252366
0.116554	0.138117
0.229680	0.305475
0.124388	0.267434
0.182323	0.492271
0.095560	0.121839
0.170306	0.326988
0.170704	0.201430
0.111332	0.094075
0.276891	0.614697
0.461036	0.663892
0.301134	0.174658
0.355848	0.391433
0.324790	0.272824
0.337102	0.579815
0.248483	0.706933
0.182177	0.194929
0.136930	0.156100
0.243658	0.508028
0.162214	0.193035
0.230013	0.280615
0.192354	0.188507
0.222869	0.219526
0.278771	0.585419
0.167087	0.121973
0.183633	0.200160
0.154511	0.193911
0.292849	0.450988
0.138570	0.119170
0.179297	0.220536
0.108551	0.118864
0.122736	0.114144
0.224948	0.292432
0.121862	0.134048
0.148055	0.101417
0.237024	0.246505
0.193304	0.209735
0.137568	0.127938
0.169761	0.300476
0.145577	0.181243
0.093896	0.108919
0.201529	0.132001
0.179832	0.125883
0.167119	0.611657
0.106246	0.130683
0.144456	0.198628
0.164023	0.201748
0.104449	0.134217
0.163742	0.397075
0.138866	0.198579
0.137301	0.235471
0.169089	0.278997
0.168101	0.217691
0.220087	0.214585
0.129192	0.160845
0.179272	0.375576
0.155931	0.371895
0.117493	0.223237
0.202900	0.577251
0.123994	0.245508
0.174376	0.202276
0.246483	0.595256
0.273884	0.368374
0.259280	0.422626
0.210926	0.337482
0.259431	0.399524
0.234180	0.337220
0.166662	0.206661
0.127054	0.158818
0.230186	1.000159
0.107621	0.117307
0.117944	0.172788
0.098093	0.255041
0.124263	0.259088
0.113729	0.256459
0.151080	0.426046
0.145272	0.217909
0.083470	0.188226
0.081369	0.157449
0.104427	0.163951
0.090285	0.116468
0.064460	0.085732
0.101431	0.188662
0.228407	0.716056
0.148048	0.256863
0.090020	0.132779
0.190127	0.342228
0.118379	0.149750
0.143949	0.243274
0.162465	0.382605
0.113895	0.162870
0.164907	0.306728
0.210695	0.241245
0.189587	0.159253
0.204567	0.269006
0.174058	0.261087
0.233453	0.276642
0.292149	0.539015
0.165434	0.210101
0.386731	0.487281
0.310336	0.288612
0.287816	0.315159
0.136747	0.250248
0.156395	0.197840
0.267467	0.892003
0.185292	0.222350
0.187151	0.193701
0.195197	0.518249
0.214344	0.347238
0.150704	0.259211
0.156299	0.204752
0.167790	0.238262
0.130035	0.171647
0.188796	0.452166
0.238374	0.595936
0.228547	0.409099
0.142818	0.203515
0.306869	0.463372
0.153177	0.116414
0.126243	0.150861
0.108599	0.123803
0.138951	0.233438
0.189481	0.372329
0.240156	1.026668
0.242291	0.484581
0.139350	0.130292
0.137378	0.160732
0.181971	0.241111
0.190708	0.488212
0.194328	0.398372
0.154487	0.169936
0.169988	0.151290
0.280618	0.401284
0.253999	0.339088
0.163586	0.170130
0.203917	0.256935
0.179852	0.169960
0.220312	0.358008
0.142646	0.187580
0.144166	0.201111
0.238988	0.383575
0.187903	0.441572
0.169752	0.460028
0.132812	0.206523
0.167642	0.313491
0.170944	0.573517
0.140761	0.117536
0.110565	0.144287
0.168547	0.192986
0.166873	0.314555
0.150777	0.158315
0.163159	0.326317
0.188715	0.521796
0.106063	0.149549
0.093785	0.142084
0.182351	0.335526
0.180316	0.264163
0.141521	0.296487
0.205851	0.172915
0.193495	0.165438
0.178227	0.282490
0.116818	0.130252
0.148895	0.151873
0.256833	0.363419
0.145226	0.304248
0.060353	0.208518
0.179546	0.184932
0.151578	0.240250
0.162507	0.349390
0.136613	0.175547
0.223569	0.573455
0.269950	0.229457
0.140408	0.193763
0.169962	0.270240
0.236566	0.467218
0.109996	0.158944
0.155726	0.242932
0.184433	0.457394
0.173317	0.240044
0.118815	0.165747
0.110323	0.121907
0.170646	0.289245
0.107082	0.118326
0.148982	0.394801
0.133952	0.251159
0.115407	0.257934
0.125028	0.291316
0.109216	0.233175
0.099723	0.181495
0.092523	0.169317
0.138188	0.427692
0.076557	0.116367
0.102902	0.145092
0.153915	0.166997
0.099635	0.153937
0.118376	0.167503
0.095724	0.171824
0.093797	0.183374
0.245815	1.245052
0.105299	0.191645
0.084611	0.192489
0.081989	0.113965
0.112739	0.240698
0.059969	0.090854
0.101459	0.128853
0.087322	0.155870
0.084358	0.163654
0.083223	0.093210
0.123400	0.292459
0.158754	0.368309
0.092896	0.136557
0.137950	0.284867
0.100699	0.120839
0.190553	0.583092
0.193417	0.287224
0.140409	0.141112
0.167967	0.284705
0.106025	0.175471
0.150764	0.128149
0.187437	0.158384
0.203404	0.245101
0.210105	0.298349
0.243539	0.305642
0.227097	0.324749
0.274489	0.564075
0.149801	0.161036
0.285802	0.864551
0.149938	0.224906
0.164720	0.314615
0.235280	0.256455
0.195363	0.296952
0.143051	0.268936
0.145310	0.122787
0.125467	0.231487
0.131502	0.214348
0.102987	0.158084
0.095557	0.182992
0.180123	0.322420
0.110580	0.181352
0.060431	0.120257
0.097647	0.161118
0.084137	0.118633
0.212279	0.659127
0.161499	0.297966
0.122114	0.156916
0.143956	0.222413
0.137241	0.191451
0.144031	0.363679
0.187228	0.202206
0.144500	0.205912
0.220507	1.026461
0.130867	0.215276
0.092292	0.140284
0.119131	0.214436
0.092564	0.129127
0.112682	0.135781
0.166695	0.339225
0.185859	0.458142
0.144598	0.159058
0.125151	0.144549
0.125005	0.234385
0.134730	0.187275
0.190699	0.367095
0.123498	0.134613
0.116621	0.140528
0.087761	0.128132
0.117850	0.182079
0.119529	0.303604
0.093577	0.174522
0.081014	0.125167
0.159026	0.512064
0.060778	0.186893
0.086540	0.474672
0.117746	0.207822
0.129563	0.237101
0.278148	1.851073
0.162589	0.403221
0.086578	0.165797
0.127231	0.200388
0.097007	0.232333
0.090830	0.125800
0.128596	0.168461
0.192125	0.366958
0.155455	0.299252
0.202433	0.319844
0.197172	0.290828
0.171660	0.152777
0.185280	0.346473
0.141641	0.121812
0.143219	0.143219
0.239091	0.421996
0.109827	0.131793
0.106668	0.109868
0.112980	0.202234
0.066666	0.164997
0.049660	0.185480
0.101900	0.416771
0.109712	0.136043
0.181161	1.036240
0.178124	0.638576
0.087850	0.107616
0.160942	0.301767
0.138121	0.152623
0.087528	0.186873
0.100406	0.239469
0.209341	0.457410
0.186239	0.174134
0.132706	0.125408
0.124359	0.184673
0.098117	0.165327
0.098073	0.140734
0.131877	0.315845
0.188584	0.484661
0.113659	0.152872
0.167365	0.384103
0.178394	0.310406
0.126940	0.134556
0.128301	0.149470
0.126260	0.153406
0.148661	0.264616
0.146679	0.208285
0.150414	0.223365
0.415548	2.036185
0.199971	0.270960
0.167839	0.232457
0.188475	0.538097
0.170954	0.421402
0.126270	0.741206
0.194463	0.363646
0.201741	0.921956
0.139091	0.497251
0.134174	0.308600
0.133398	0.159411
0.115236	0.169397
0.116520	0.333246
0.089310	0.215683
0.139278	0.309894
0.067819	0.129873
0.189822	0.544788
0.166225	0.415562
0.146073	0.196468
0.181368	0.362735
0.195385	0.298939
0.144423	0.180529
0.104286	0.179893
0.122029	0.300801
0.154671	0.272994
0.093721	0.169636
0.192786	0.316168
0.141542	0.128095
0.146318	0.160950
0.193959	0.355914
0.097669	0.130388
0.105320	0.217485
0.076774	0.159307
0.105819	0.188358
0.142305	0.317340
0.077072	0.143739
0.166221	0.305016
0.186690	0.444323
0.092452	0.136829
0.159475	0.287056
0.149445	0.301132
0.175583	0.201043
0.167965	0.251108
0.083946	0.123401
0.191821	0.611909
0.127438	0.156749
0.172539	0.141482
0.151694	0.161555
0.158098	0.229243
0.231454	0.517299
0.148785	0.115308
0.233722	0.225542
0.270530	0.128502
0.248998	0.399641
0.201674	0.382173
0.217338	0.164090
0.294217	0.444268
0.156395	0.125898
0.194376	0.252689
0.131534	0.118381
0.131053	0.092393
0.272906	0.514428
0.138065	0.136684
0.154612	0.119051
0.137768	0.122614
0.176321	0.208059
0.204880	0.345223
0.208449	0.309547
0.325970	0.418871
0.233881	0.336789
0.256995	0.278840
0.241673	0.569141
0.139224	0.209532
0.224142	0.361989
0.268016	0.931354
0.229306	0.255676
0.240949	0.427685
0.190917	0.298785
0.181239	0.187582
0.225786	0.180629
0.238011	0.179699
0.144448	0.256396
0.118060	0.171777
0.158080	0.293239
0.207863	0.334659
0.124135	0.152065
0.202831	0.264694
0.153801	0.158415
0.122362	0.226370
0.096284	0.118430
0.133191	0.218433
0.161164	0.151494
0.204513	0.404937
0.336445	1.103539
0.159889	0.161488
0.252533	0.643960
0.198766	0.230569
0.186314	0.271087
0.123270	0.126969
0.176802	0.260783
0.142785	0.129220
0.258691	0.585935
0.174611	0.247074
0.199921	0.495803
0.233170	0.446520
0.160155	0.252244
0.176701	0.167866
0.097645	0.115709
0.089736	0.097813
0.188014	0.895887
0.125983	0.150550
0.111001	0.118771
0.154687	0.211922
0.182635	0.236513
0.144418	0.132142
0.125751	0.152787
0.156416	0.184571
0.188052	0.302764
0.182876	0.337406
0.168131	0.188306
0.177568	0.374669
0.210900	0.326894
0.194871	0.496922
0.235956	0.416463
0.190481	0.210481
0.371875	1.139798
0.214976	0.183805
0.168232	0.185055
0.222724	0.348562
0.171073	0.272005
0.222395	0.522628
0.145678	0.235270
0.127712	0.182628
0.156682	0.227972
0.191066	0.657267
0.099493	0.183564
0.059640	0.147908
0.049880	0.139164
0.099979	0.151469
0.095365	0.285618
0.129971	0.205353
0.094812	0.082960
0.157859	0.196534
0.294057	0.466080
0.260122	0.573568
0.167334	0.125500
0.222220	0.348886
0.121633	0.119200
0.128029	0.192684
0.142742	0.236238
0.172821	0.229852
0.168563	0.392752
0.186218	0.248601
0.122389	0.140748
0.139209	0.180276
0.139156	0.292228
0.135624	0.198689
0.125760	0.377910
0.098229	0.145870
0.180898	0.341897
0.145859	0.276402
0.073173	0.132809
0.095471	0.225790
0.205530	0.513825
0.136878	0.257331
0.154917	0.334620
0.111652	0.193716
0.125471	0.294228
0.074725	0.180461
0.110213	0.172483
0.101154	0.113798
0.120208	0.228395
0.148915	0.268046
0.193333	0.378933
0.217255	0.230290
0.147786	0.175865
0.249278	0.525977
0.294488	0.530079
0.160928	0.192309
0.182456	0.182456
0.240796	0.553830
0.174452	0.184047
0.214545	0.303581
0.340986	1.624798
0.087200	0.122516
0.124280	0.181449
0.150357	0.221025
0.117399	0.140292
0.279654	0.669771
0.167046	0.197114
0.270985	0.480998
0.198162	0.329940
0.270792	0.450869
0.172149	0.227237
0.140784	0.202024
0.134594	0.158821
0.195120	0.265364
0.131229	0.206030
0.137477	0.307262
0.121163	0.181744
0.193196	0.363209
0.122802	0.327267
0.162926	0.307930
0.230648	0.454377
0.108664	0.215155
0.155414	0.359006
0.154303	0.154303
0.097303	0.134278
0.090310	0.140433
0.215941	1.190912
0.212961	0.286433
0.201888	0.333116
0.173640	0.483587
0.108070	0.383108
0.105538	0.277036
0.085823	0.111141
0.076065	0.182176
0.111078	0.186056
0.122968	0.166622
0.130473	0.324879
0.117082	0.178551
0.210086	0.514711
0.064100	0.102881
0.133728	0.156462
0.083595	0.153814
0.104714	0.108379
0.192829	0.228502
0.172088	0.162623
0.204748	0.452493
0.195326	0.219741
0.124919	0.119297
0.137956	0.200725
0.153118	0.371311
0.175751	0.268899
0.186160	0.197330
0.193556	0.238074
0.159839	0.175024
0.132349	0.220361
0.076406	0.089395
0.086367	0.106663
0.073399	0.117071
0.217263	0.246594
0.190492	0.334313
0.143675	0.209765
0.203687	0.233222
0.245921	0.411917
0.209000	0.249755
0.167916	0.322399
0.136528	0.191822
0.070661	0.107052
0.113159	0.216699
0.173304	0.573635
0.139847	0.167117
0.123015	0.228808
0.086777	0.155331
0.239675	0.708241
0.160196	0.551073
0.206384	0.592321
0.199745	0.534318
0.166760	0.502782
0.118958	0.140370
0.147379	0.186435
0.153805	0.197640
0.129941	0.177369
0.162197	0.394139
0.205566	0.589975
0.110573	0.095093
0.142836	0.167832
0.172947	0.357136
0.152158	0.335509
0.168974	0.289791
0.204465	0.294429
0.162680	0.230193
0.241604	0.358782
0.117287	0.194696
0.342626	0.311790
0.189036	0.359168
0.201214	0.295785
0.138680	0.177510
0.119961	0.149951
0.172028	0.393083
0.141357	0.346326
0.119662	0.246504
0.131367	0.279156
0.146654	0.112191
0.207867	0.258794
0.207378	0.228116
0.113670	0.158001
0.134668	0.277417
0.103910	0.129367
0.124097	0.138988
0.113452	0.127633
0.144749	0.196135
0.150780	0.192998
0.201804	0.225012
0.334220	0.770377
0.249866	0.594682
0.207803	0.237935
0.139573	0.175862
0.201881	0.428998
0.192840	0.224659
0.180327	0.339917
0.187582	0.280436
0.130260	0.102254
0.111507	0.093666
0.278919	0.425352
0.292478	0.252993
0.193611	0.176186
0.252857	0.405835
0.262471	0.631242
0.195266	0.318284
0.298278	0.532425
0.175590	0.339767
0.251712	0.612918
0.325744	0.625429
0.258773	0.619760
0.133785	0.163218
0.176433	0.320225
0.206338	0.230067
0.244154	0.264907
0.206612	0.370868
0.124658	0.148343
0.156930	0.240887
0.235621	0.508942
0.129498	0.368423
0.136590	0.465090
0.076671	0.143757
0.116958	0.384791
0.144066	0.234828
0.128081	0.115273
0.219178	0.268493
0.131913	0.169508
0.095397	0.167900
0.183659	0.290181
0.144525	0.262313
0.261065	0.372018
0.162605	0.303258
0.116743	0.172780
0.107104	0.149946
0.204039	0.520298
0.176775	0.421609
0.211161	0.420210
0.169518	0.273771
0.117332	0.118506
0.238345	0.906903
0.247253	0.356044
0.260000	0.341900
0.126137	0.172177
0.240484	0.177958
0.113633	0.299423
0.200005	0.546014
0.241541	0.243956
0.154630	0.198699
0.128919	0.132787
0.170298	0.279288
0.226660	0.205127
0.216126	0.362010
0.216788	0.159339
0.232326	0.310155
0.220629	0.201875
0.474564	1.464029
0.418359	1.190233
0.359528	0.771187
0.216677	0.180925
0.228097	0.215552
0.302329	0.456516
0.218614	0.245941
0.353117	0.324868
0.437895	0.832001
0.258390	0.330739
0.197029	0.170430
0.121928	0.094494
0.247509	0.200482
0.246929	0.216063
0.194636	0.232590
0.169833	0.149453
0.236991	0.547449
0.296089	0.667680
0.316670	0.275503
0.246099	0.414677
0.138832	0.133279
0.142228	0.171385
0.119405	0.139107
0.111026	0.166539
0.137461	0.141585
0.173273	0.361274
0.095867	0.143321
0.090967	0.111890
0.195248	0.258704
0.223992	0.659657
0.186686	0.347236
0.226879	0.552451
0.186726	0.201664
0.202740	0.161179
0.158979	0.188390
0.150291	0.211159
0.141169	0.287985
0.239266	0.557490
0.218376	0.409454
0.190659	0.228791
0.104177	0.145328
0.126641	0.228587
0.184561	0.312830
0.184301	0.206417
0.150832	0.273005
0.105636	0.135214
0.206763	0.291535
0.154125	0.195739
0.172622	0.111341
0.128014	0.119693
0.152481	0.173828
0.123549	0.119225
0.101247	0.143265
0.129845	0.106473
0.215686	0.253431
0.202664	0.429648
0.092498	0.089723
0.092570	0.108307
0.187234	0.535490
0.172421	0.157766
0.118610	0.155379
0.139746	0.286478
0.142275	0.327231
0.186803	0.387616
0.165975	0.392531
0.163926	0.326213
0.215040	0.254822
0.317403	1.190263
0.116950	0.123382
0.134732	0.175825
0.133228	0.118573
0.219514	0.293051
0.124296	0.195145
0.284120	0.735870
0.184003	0.212523
0.132846	0.108270
0.191769	0.201357
0.186717	0.214725
0.250228	0.693132
0.305789	0.311904
0.179439	0.162392
0.135925	0.152916
0.271426	0.208998
0.213618	0.351402
0.236375	0.319106
0.118132	0.156524
0.246539	0.703869
0.235126	0.383256
0.263569	0.482332
0.184415	0.319038
0.181171	0.232804
0.313643	1.179297
0.198703	0.292094
0.314490	0.372671
0.137195	0.107698
0.234790	0.343968
0.142012	0.132072
0.178305	0.402078
0.116542	0.255227
0.215928	0.397308
0.193645	0.332101
0.196354	0.178682
0.172983	0.138387
0.242003	0.343644
0.235611	0.384047
0.211353	0.274759
0.263488	0.416310
0.139098	0.254549
0.088847	0.238110
0.146451	0.235053
0.110460	0.128134
0.149063	0.116269
0.209583	0.355243
0.151323	0.267842
0.111991	0.165747
0.214535	0.374363
0.229805	0.411352
0.255999	0.671997
0.186148	0.269915
0.198725	0.148050
0.194668	0.314390
0.232697	0.942424
0.250085	0.283846
0.173129	0.126384
0.237373	0.274166
0.285156	0.950995
0.214757	0.318914
0.121092	0.124119
0.243082	0.421747
0.227039	0.575544
0.193140	0.209557
0.141432	0.157696
0.199277	0.223190
0.114167	0.131292
0.177954	0.269600
0.199795	0.511475
0.237136	0.648566
0.212848	0.433146
0.109289	0.146994
0.121142	0.215634
0.145214	0.160462
0.176325	0.207182
0.170435	0.258210
0.153461	0.202569
0.163200	0.233376
0.137441	0.193104
0.101667	0.130643
0.219982	0.226582
0.147272	0.276134
0.107337	0.170129
0.081891	0.223561
0.132957	0.247964
0.095053	0.204363
0.177002	0.344269
0.151944	0.876716
0.085615	0.199483
0.141937	0.218583
0.170130	0.262001
0.175465	0.421994
0.119769	0.163484
0.154424	0.365984
0.104351	0.136700
0.092579	0.144887
0.122663	0.311564
0.080404	0.207041
0.080456	0.160913
0.087118	0.178592
0.099012	0.399020
0.133576	0.586398
0.159543	0.315896
0.115322	0.197777
0.194172	0.413585
0.132868	0.176049
0.187364	0.212658
0.258802	0.617243
0.234713	0.460037
0.261017	1.118457
0.079843	0.131342
0.116749	0.144185
0.123192	0.310444
0.101653	0.223637
0.104464	0.156173
0.231956	0.401284
0.150563	0.191215
0.217082	1.122315
0.151856	0.223229
0.106782	0.145757
0.149827	0.182789
0.153712	0.162934
0.221325	0.318709
0.135792	0.099807
0.163447	0.257429
0.185409	0.645222
0.134283	0.148382
0.166418	0.261276
0.207990	0.553253
0.123025	0.364768
0.108129	0.241669
0.187869	0.363527
0.093364	0.173657
0.179079	0.496048
0.143950	0.209447
0.106998	0.116628
0.117833	0.233309
0.230081	0.288752
0.271253	0.878860
0.201816	0.383451
0.158192	0.278418
0.134382	0.250623
0.098069	0.314802
0.221600	0.324644
0.128569	0.248781
0.103002	0.126692
0.128130	0.275480
0.078120	0.166396
0.133146	0.204379
0.038491	0.184947
0.091216	0.113108
0.089845	0.193166
0.051728	0.136562
0.133866	0.168672
0.094879	0.084443
0.235470	0.392057
0.294269	0.336939
0.203106	0.300597
0.128956	0.150879
0.105405	0.099608
0.153599	0.128255
0.098897	0.182465
0.090985	0.114641
0.104939	0.172625
0.188043	0.246336
0.144399	0.183387
0.209810	0.732238
0.137319	0.153110
0.143183	0.108103
0.180233	0.274856
0.121901	0.120682
0.179108	0.185376
0.128103	0.188312
0.099363	0.142586
0.160197	0.213062
0.091766	0.194084
0.089954	0.142576
0.192669	0.690717
0.111958	0.199845
0.114475	0.136797
0.178812	0.297722
0.218688	0.832109
0.120794	0.227697
0.093368	0.124646
0.070096	0.109350
0.114838	0.296856
0.230252	0.897984
0.128827	0.135268
0.138140	0.218262
0.172015	0.375853
0.104283	0.161117
0.215738	0.403429
0.120360	0.134201
0.091141	0.093875
0.219431	0.573812
0.185213	0.489889
0.088363	0.181586
0.099034	0.159444
0.102593	0.225191
0.111432	0.108089
0.188679	0.880189
0.101116	0.282113
0.071966	0.184593
0.172057	0.270990
0.114409	0.247123
0.104472	0.212600
0.074413	0.125758
0.078418	0.197612
0.078575	0.471840
0.095114	0.134111
0.148296	0.402623
0.083898	0.124170
0.104361	0.152888
0.119382	0.237570
0.191837	0.180327
0.223339	0.333892
0.250250	0.849599
0.154404	0.294140
0.145856	0.239204
0.245005	0.883243
0.199651	0.334415
0.118522	0.177783
0.084950	0.095144
0.106801	0.156998
0.083642	0.140937
0.105162	0.136184
0.108284	0.154846
0.092709	0.235017
0.167994	0.194033
0.112449	0.184417
0.150123	0.430102
0.146786	0.525495
0.117370	0.357978
0.237553	0.407403
0.188913	0.233307
0.217597	0.229565
0.234956	0.643780
0.248508	0.310635
0.154922	0.172738
0.282183	0.582708
0.255894	0.646133
0.124982	0.151853
0.142825	0.142825
0.204019	0.322350
0.152739	0.225290
0.148977	0.219741
0.187865	0.389820
0.120804	0.197514
0.161716	0.355776
0.121605	0.253547
0.100081	0.103583
0.089965	0.111557
0.125943	0.243699
0.122814	0.192204
0.151478	0.314316
0.170735	0.354275
0.163347	0.180498
0.174740	0.273467
0.071590	0.092709
0.179220	0.331557
0.315836	1.733941
0.139756	0.194260
0.125969	0.197772
0.145914	0.168530
0.130402	0.166915
0.208731	0.482168
0.192709	0.554037
0.258168	0.667366
0.091682	0.140732
0.093159	0.262709
0.073414	0.172889
0.100003	0.115003
0.077012	0.138236
0.109402	0.196924
0.149463	0.224195
0.102656	0.206852
0.097583	0.099534
0.083769	0.134449
0.143845	0.317178
0.092098	0.159330
0.148974	0.291989
0.126713	0.159025
0.100158	0.102662
0.111303	0.155268
0.082345	0.131341
0.088224	0.161890
0.088368	0.118413
0.077880	0.176788
0.074798	0.165678
0.147855	0.810987
0.120408	0.291990
0.112544	0.157561
0.136788	0.199027
0.117014	0.164990
0.085118	0.113632
0.070634	0.111601
0.125970	0.314925
0.097734	0.194490
0.130282	0.194772
0.188057	0.261399
0.111614	0.191976
0.140235	0.279069
0.130474	0.184621
0.134034	0.254665
0.124926	0.141791
0.119743	0.117348
0.129111	0.152351
0.140272	0.248983
0.182893	0.276169
0.216989	0.343927
0.212756	0.134036
0.324278	0.376163
0.153726	0.131436
0.391099	0.330479
0.340490	0.452852
0.235177	0.232825
0.189888	0.391170
0.115162	0.103070
0.123829	0.104016
0.159929	0.198312
0.150550	0.159583
0.163018	0.294247
0.185979	0.182260
0.176920	0.270687
0.128968	0.232142
0.134272	0.159783
0.225343	0.428152
0.211779	0.208603
0.224469	0.493832
0.161817	0.245962
0.233521	0.444857
0.171640	0.314100
0.224586	0.248168
0.149501	0.201079
0.322525	1.522316
0.183952	0.229020
0.263953	0.167610
0.135894	0.250725
0.208560	0.349338
0.178429	0.240879
0.251064	0.407979
0.201504	0.179339
0.180289	0.187501
0.253549	0.233265
0.288442	0.213447
0.228337	0.168970
0.209190	0.117146
0.372378	0.456163
0.377300	0.626318
0.299156	0.394886
0.320958	0.349844
0.260472	0.347730
0.300787	0.762494
0.224647	0.211168
0.159959	0.127967
0.296349	0.423778
0.182354	0.149530
0.221028	0.281811
0.285297	0.653330
0.273616	0.668990
0.226593	0.311566
0.356130	0.625008
0.155514	0.150848
0.137075	0.135018
0.236831	0.320906
0.165545	0.132436
0.323912	0.479390
0.256894	0.576728
0.160859	0.144773
0.212604	0.283827
0.249487	0.376725
0.228293	0.144966
0.146894	0.171132
0.207893	0.493745
0.142860	0.129288
0.193200	0.271446
0.176885	0.191035
0.187168	0.140376
0.204184	0.178661
0.233711	0.383287
0.279287	0.960746
0.289528	0.518255
0.238394	0.264617
0.274693	0.616687
0.182204	0.213178
0.116081	0.104473
0.131196	0.122668
0.144008	0.167049
0.101897	0.116671
0.193982	0.225019
0.260023	0.620154
0.149786	0.527994
0.170900	0.173463
0.156880	0.201590
0.243637	0.726039
0.127356	0.179571
0.149942	0.269896
0.112597	0.241521
0.164033	0.271475
0.269843	0.423654
0.192980	0.444818
0.112645	0.111519
0.237224	0.219432
0.267341	0.550722
0.189800	0.375804
0.188850	0.295550
0.300727	0.670622
0.153559	0.256444
0.093852	0.139839
0.208627	0.499663
0.229705	0.376717
0.154756	0.265407
0.227793	0.397498
0.265567	0.454120
0.112619	0.104736
0.229607	0.476436
0.110550	0.111655
0.097773	0.170125
0.162450	0.406125
0.105045	0.139710
0.165314	0.275248
0.131428	0.150485
0.168989	0.261088
0.198600	0.186684
0.113080	0.137958
0.105281	0.178977
0.258869	0.460787
0.144261	0.111802
0.205917	0.240922
0.180806	0.434840
0.127939	0.237966
0.215772	0.362497
0.301705	0.221753
0.203149	0.462164
0.307901	0.161648
0.197006	0.469859
0.152963	0.131548
0.096192	0.082244
0.241463	0.298207
0.254678	0.546285
0.295319	0.670374
0.138013	0.142844
0.235230	0.444584
0.095206	0.099967
0.179207	0.336910
0.159394	0.285316
0.134236	0.130880
0.136117	0.158577
0.136079	0.190511
0.152571	0.270814
0.108137	0.188699
0.094419	0.157681
0.163310	0.221285
0.191629	0.318105
0.204857	0.291921
0.233840	0.740104
0.094076	0.120888
0.198392	0.268822
0.085243	0.126585
0.206742	0.433125
0.268304	0.807594
0.192201	0.223914
0.148386	0.284901
0.141358	0.228294
0.242062	0.699558
0.198125	0.229825
0.133255	0.157241
0.101351	0.125675
0.160991	0.290590
0.119456	0.183963
0.128588	0.237888
0.131246	0.194901
0.171023	0.381382
0.127066	0.175351
0.126760	0.141971
0.250646	0.865980
0.185455	0.283746
0.101350	0.139863
0.114841	0.162500
0.183205	0.162137
0.197701	0.237241
0.191916	0.246613
0.222137	0.282114
0.178659	0.311761
0.216889	0.348107
0.208755	0.553201
0.183720	0.235162
0.110830	0.169015
0.100736	0.201471
0.091510	0.323029
0.101018	0.169204
0.107463	0.152597
0.085847	0.212900
0.079186	0.120758
0.100629	0.232453
0.101254	0.164031
0.071434	0.105007
0.127070	0.387563
0.141432	0.404497
0.168378	0.245832
0.202124	0.463875
0.214180	0.437999
0.141542	0.295115
0.141599	0.214522
0.147138	0.276620
0.214592	0.591202
0.163095	0.166357
0.143818	0.257434
0.089786	0.145005
0.132378	0.244237
0.106056	0.121965
0.146381	0.324233
0.126623	0.155746
0.188896	0.277677
0.152106	0.184809
0.092905	0.177449
0.067885	0.119138
0.164241	0.211871
0.109501	0.124831
0.118910	0.162907
0.154583	0.345493
0.254197	1.039666
0.143659	0.200405
0.191550	0.289241
0.339117	0.293336
0.247700	0.211783
0.196218	0.117731
0.273650	0.236708
0.226333	0.274994
0.156323	0.188369
0.126278	0.136380
0.175644	0.221312
0.106504	0.177861
0.163726	0.240677
0.088344	0.100271
0.256687	0.361928
0.278026	0.556053
0.260608	0.215002
0.150541	0.240113
0.171551	0.440885
0.059527	0.162212
0.118238	0.132426
0.113632	0.190902
0.088880	0.251975
0.080809	0.159598
0.105538	0.283897
0.096638	0.151722
0.074990	0.154105
0.103660	0.168966
0.099648	0.256593
0.099875	0.323095
0.069424	0.204802
0.105824	0.287843
0.067093	0.183163
0.123973	0.460561
0.074431	0.128394
0.134857	0.293988
0.101912	0.201786
0.141690	0.323761
0.145635	0.360447
0.104942	0.163709
0.094327	0.182051
0.140172	0.163300
0.193351	0.395403
0.112370	0.152261
0.101806	0.144055
0.150133	0.310024
0.154845	0.266334
0.146184	0.131566
0.186629	0.216489
0.164961	0.262289
0.143574	0.134960
0.170479	0.240376
0.176470	0.248823
0.228129	0.226988
0.193985	0.233752
0.254736	0.393567
0.168818	0.139275
0.206823	0.438466
0.239398	0.460842
0.114630	0.210345
0.166012	0.376017
0.150289	0.249480
0.185990	0.227838
0.306039	0.304509
0.289142	0.798032
0.301668	0.274518
0.176627	0.464530
0.148190	0.294898
0.145764	0.228121
0.093563	0.167946
0.170745	0.226237
0.119232	0.228329
0.155023	0.292219
0.139080	0.134213
0.162341	0.143672
0.191905	0.204379
0.230598	0.257117
0.246243	0.279485
0.138647	0.133101
0.119594	0.141121
0.086698	0.123978
0.201050	0.481516
0.227636	1.100621
0.144698	0.196066
0.377522	1.587479
0.268119	0.887472
0.205541	0.564209
0.222218	0.515546
0.158915	0.159710
0.193340	0.222341
0.236335	0.244607
0.199542	0.177593
0.226408	0.174334
0.204598	0.422495
0.192976	0.191047
0.115299	0.106652
0.112626	0.116568
0.078353	0.116355
0.124525	0.176825
0.113011	0.144654
0.132115	0.142023
0.142458	0.341187
0.179342	0.436697
0.112230	0.182373
0.175514	0.501971
0.167196	0.171376
0.151219	0.339486
0.129209	0.165388
0.172039	0.141932
0.147045	0.127929
0.166226	0.217756
0.125372	0.111581
0.253053	0.384641
0.136839	0.131366
0.204335	0.176750
0.202751	0.349746
0.147493	0.133481
0.246820	0.233245
0.166792	0.213494
0.225958	0.404465
0.126761	0.180634
0.136265	0.229607
0.098426	0.170278
0.092080	0.103590
0.285815	1.793489
0.125813	0.322081
0.111235	0.366520
0.136422	0.357427
0.083735	0.159934
0.066089	0.093516
0.065581	0.197727
0.151315	0.181577
0.135507	0.225619
0.109164	0.195950
0.107242	0.191963
0.133290	0.176609
0.094719	0.138763
0.075632	0.144457
0.178728	0.519206
0.126250	0.362336
0.100225	0.125782
0.197756	0.358928
0.113460	0.232592
0.118189	0.173148
0.154422	0.201520
0.116582	0.166713
0.193053	0.580125
0.116649	0.233298
0.113792	0.146223
0.158738	0.303983
0.123271	0.260718
0.253405	0.152043
0.278134	0.874731
0.208489	0.809979
0.223015	0.180642
0.344205	1.347564
0.160046	0.124836
0.098253	0.099235
0.261994	0.733584
0.337690	0.911763
0.294116	0.442645
0.308880	0.488030
0.311864	0.444406
0.258464	0.164124
0.337713	0.574112
0.206647	0.213879
0.187541	0.305693
0.159998	0.159998
0.148393	0.145425
0.131789	0.113997
0.271619	0.457677
0.167116	0.238975
0.160427	0.137165
0.145837	0.180108
0.230392	0.547181
0.176141	0.162930
0.243389	0.239738
0.140184	0.144389
0.178419	0.198937
0.260530	0.354321
0.183774	0.189287
0.121990	0.145778
0.131500	0.133472
0.159906	0.210277
0.323076	0.642921
0.184541	0.229754
0.325643	1.688460
0.162228	0.223874
0.107072	0.096900
0.226717	0.214248
0.271270	0.217016
0.303611	0.417465
0.254714	0.356599
0.225258	0.184712
0.264677	0.381134
0.116020	0.109059
0.112490	0.145674
0.163902	0.229463
0.173026	0.342591
0.271439	0.875391
0.247470	0.321711
0.177775	0.406216
0.171266	0.368221
0.109138	0.144608
0.129819	0.162923
0.124792	0.338185
0.108139	0.235744
0.174160	0.350061
0.149133	0.401913
0.139950	0.222520
0.152284	0.203299
0.135857	0.139933
0.109476	0.131919
0.087709	0.103058
0.188514	0.435467
0.159203	0.280197
0.139680	0.245837
0.165341	0.298441
0.156087	0.380072
0.107436	0.150411
0.090279	0.149864
0.106753	0.291436
0.159817	0.377967
0.091657	0.125112
0.078907	0.203579
0.076044	0.120910
0.124242	0.300045
0.076408	0.152815
0.085413	0.200720
0.130847	0.329735
0.057950	0.101703
0.142681	0.390947
0.104336	0.226410
0.073597	0.101564
0.097711	0.290203
0.116270	0.282535
0.088740	0.144202
0.144294	0.263336
0.166062	0.284796
0.129069	0.130360
0.198380	0.249959
0.319778	0.917762
0.260202	0.368185
0.192790	0.304609
0.125548	0.137475
0.102510	0.148640
0.103007	0.194168
0.163242	0.262820
0.203987	0.323319
0.135283	0.305064
0.093429	0.138275
0.113047	0.146395
0.181881	0.331933
0.095210	0.133771
0.163829	0.455445
0.111882	0.190199
0.127289	0.161657
0.219350	0.588955
0.211605	0.699356
0.254892	0.596448
0.138247	0.295157
0.134933	0.248952
0.097699	0.158273
0.110179	0.122849
0.174186	0.276085
0.136120	0.184442
0.139996	0.251293
0.150026	0.238541
0.217914	0.234258
0.124089	0.166900
0.127027	0.245796
0.214147	0.401525
0.181709	0.163538
0.120767	0.192623
0.149824	0.131845
0.136508	0.156985
0.146735	0.253852
0.189916	0.346597
0.121194	0.183610
0.102028	0.116312
0.098446	0.116658
0.142260	0.342135
0.107853	0.149916
0.127815	0.240930
0.092408	0.114124
0.145101	0.214023
0.157810	0.396104
0.120384	0.158305
0.129929	0.241018
0.167692	0.285076
0.133628	0.133628
0.174866	0.347983
0.189606	0.145049
0.169803	0.190179
0.129853	0.119465
0.113552	0.086867
0.237338	0.497224
0.275407	0.268522
0.286716	0.668048
0.200230	0.396455
0.226802	0.219998
0.217310	0.307493
0.237705	0.373196
0.237942	0.398553
0.370170	0.540448
0.173724	0.207600
0.167874	0.149408
0.299982	0.367478
0.233727	0.302676
0.141064	0.144591
0.238538	0.571299
0.218928	0.583443
0.129492	0.154743
0.187749	0.160526
0.255168	0.495026
0.225044	0.518726
0.135436	0.187580
0.231542	0.224595
0.122702	0.125770
0.155800	0.112176
0.247486	0.158391
0.270318	0.220310
0.198408	0.273802
0.166576	0.132428
0.273791	0.789887
0.219734	0.310924
0.331504	0.470735
0.128442	0.105965
0.253129	0.391084
0.291703	0.169188
0.237054	0.227572
0.197934	0.561142
0.145258	0.165594
0.113644	0.107394
0.146916	0.213029
0.131637	0.192190
0.108769	0.195783
0.104184	0.134397
0.213998	0.327418
0.182802	0.210223
0.219747	0.303251
0.102563	0.116409
0.215836	0.191015
0.280271	0.333522
0.197893	0.393807
0.200734	0.335225
0.125263	0.138416
0.180480	0.281549
0.107586	0.128028
0.224228	0.463031
0.228014	0.567756
0.104648	0.138658
0.184675	0.313024
0.124992	0.200612
0.223101	0.383733
0.114226	0.135358
0.147658	0.217057
0.104944	0.138001
0.141624	0.238637
0.177959	0.176180
0.189760	0.384263
0.216138	0.442002
0.166643	0.269961
0.207037	0.375773
0.269360	0.911785
0.245092	0.470576
0.287395	0.228479
0.233203	0.534034
0.278572	0.557144
0.124333	0.171580
0.238850	0.200634
0.090626	0.102860
0.124199	0.117989
0.233772	0.504948
0.095595	0.092249
0.131598	0.190817
0.206713	0.413426
0.134478	0.135150
0.086204	0.199994
0.225611	1.007352
0.105064	0.122400
0.134227	0.265770
0.148157	0.191863
0.161532	0.265720
0.147236	0.239995
0.191011	0.425954
0.118255	0.218772
0.081319	0.101648
0.120175	0.276404
0.130687	0.186229
0.148651	0.340411
0.106860	0.152275
0.142929	0.239407
0.199481	0.510670
0.161553	0.342493
0.127047	0.151822
0.195829	0.273181
0.238637	0.408070
0.111198	0.131214
0.324734	0.389681
0.253311	0.239379
0.274746	0.337938
0.355661	1.447541
0.222252	0.357826
0.251664	0.312063
0.157104	0.136680
0.151415	0.154444
0.107299	0.217817
0.110933	0.135338
0.155771	0.144867
0.107739	0.116896
0.183599	0.340577
0.166914	0.340504
0.101140	0.128954
0.193065	0.241331
0.147855	0.277966
0.244737	0.495592
0.280271	1.226186
0.185582	0.313634
0.097720	0.115798
0.107515	0.204278
0.155499	0.146169
0.312247	1.344222
0.182021	0.212054
0.061679	0.108247
0.162532	0.257613
0.152135	0.271561
0.206606	0.365693
0.269636	0.562191
0.119760	0.149102
0.297594	0.787137
0.215702	0.262077
0.142354	0.116019
0.143851	0.172621
0.144287	0.297231
0.158994	0.284600
0.159845	0.334874
0.124513	0.185524
0.249994	0.336242
0.112769	0.186068
0.217025	0.306006
0.077046	0.114413
0.103063	0.209218
0.098396	0.148087
0.175026	0.440190
0.092871	0.218248
0.207365	1.675509
0.177976	0.299889
0.201669	0.439638
0.251038	1.621704
0.070367	0.144956
0.125286	0.241176
0.115804	0.193393
0.078726	0.128717
0.097720	0.453419
0.111627	0.171906
0.078759	0.126014
0.145705	0.542751
0.070387	0.095726
0.124246	0.349132
0.123679	0.299921
0.103133	0.186670
0.156612	0.225521
0.184906	0.442850
0.095431	0.103065
0.249135	0.947960
0.187056	0.455481
0.112651	0.128423
0.125933	0.183232
0.146498	0.301053
0.222685	0.238273
0.224728	0.346081
0.194579	0.192633
0.176006	0.229687
0.254577	0.320767
0.191929	0.422244
0.318921	0.664951
0.220543	0.254727
0.181321	0.106979
0.182374	0.182374
0.163762	0.139198
0.133776	0.137121
0.103562	0.119614
0.219089	0.402028
0.253772	0.893279
0.115315	0.104360
0.102615	0.109798
0.310882	0.556479
0.162620	0.256939
0.191287	0.478216
0.115229	0.168234
0.122959	0.139558
0.099208	0.155757
0.221897	0.517020
0.154839	0.176517
0.228736	0.486064
0.181585	0.294167
0.134770	0.194743
0.185193	0.450944
0.200110	0.302167
0.189550	0.444495
0.151853	0.252077
0.208975	0.463925
0.227353	0.325115
0.198379	0.340220
0.142872	0.135014
0.224643	1.149049
0.151889	0.196696
0.229849	0.347071
0.220851	0.431765
0.234975	0.723725
0.229951	0.256396
0.125807	0.150339
0.151066	0.258323
0.171344	0.412083
0.191312	0.132962
0.213045	0.234350
0.280125	0.310939
0.263211	0.434298
0.199190	0.372484
0.132085	0.137369
0.186887	0.354151
0.228625	0.443533
0.229208	0.742635
0.090087	0.105852
0.137462	0.160143
0.093424	0.138734
0.145791	0.316366
0.099498	0.187553
0.162475	0.194158
0.138360	0.206157
0.183146	0.271056
0.203298	0.222612
0.216537	0.279333
0.238880	0.385791
0.278013	0.291913
0.153823	0.168436
0.114354	0.256724
0.195637	0.179986
0.075599	0.111887
0.109458	0.235335
0.136726	0.258411
0.138426	0.315612
0.137641	0.162416
0.177145	0.417177
0.126263	0.105429
0.181422	0.716615
0.181128	0.326937
0.178507	0.333808
0.179568	0.269352
0.159568	0.236160
0.159711	0.323416
0.108116	0.128658
0.140744	0.256858
0.123516	0.218006
0.189781	0.479198
0.108733	0.231058
0.129291	0.181654
0.205497	0.809658
0.176356	0.208982
0.088443	0.108785
0.207902	0.519755
0.223322	0.345032
0.101277	0.134192
0.229849	0.366609
0.204971	0.314630
0.136483	0.179476
0.225232	0.379516
0.191455	0.316859
0.228729	0.450596
0.366502	1.632765
0.248513	0.915770
0.152431	0.285046
0.222745	0.280659
0.246977	0.619913
0.201375	0.272863
0.162912	0.121370
0.119013	0.138650
0.172627	0.204563
0.270872	0.562059
0.180792	0.468252
0.197366	0.401640
0.195354	0.595829
0.112366	0.191584
0.157919	0.297677
0.216770	0.443294
0.122521	0.140286
0.226569	0.279813
0.274651	0.806102
0.186554	0.305015
0.143136	0.261938
0.146442	0.202822
0.149526	0.169712
0.089035	0.121087
0.141215	0.112972
0.214882	0.251412
0.101411	0.163780
0.218236	0.428833
0.297185	0.849950
0.161224	0.235387
0.154479	0.150617
0.183348	0.227352
0.224287	0.355495
0.151077	0.126149
0.341926	0.637692
0.257278	0.493974
0.053412	0.104420
0.233836	0.314509
0.248060	0.413021
0.306347	0.520790
0.282214	0.493875
0.234337	0.392514
0.303561	0.601050
0.193870	0.218103
0.141661	0.145911
0.119051	0.123218
0.192094	0.398596
0.168835	0.337671
0.194522	0.677908
0.191064	0.196796
0.257559	0.549888
0.225042	0.240795
0.177725	0.373222
0.181165	0.149461
0.183570	0.212942
0.204987	0.425348
0.246776	0.503422
0.174496	0.307986
0.209538	0.413837
0.122316	0.142498
0.189459	0.425335
0.096267	0.118409
0.076118	0.119887
0.092085	0.153783
0.102208	0.251432
0.145722	0.325689
0.090912	0.154096
0.108009	0.186316
0.153788	0.193004
0.160680	0.229773
0.070703	0.098631
0.085044	0.231744
0.150891	0.473044
0.068236	0.139202
0.080136	0.234799
0.110487	0.274008
0.065352	0.152269
0.140229	0.506226
0.147531	0.385056
0.126086	0.266671
0.111315	0.173651
0.096458	0.121538
0.075713	0.112434
0.117630	0.191737
0.093487	0.157057
0.087852	0.143638
0.111871	0.187943
0.109147	0.175726
0.132725	0.239568
0.128152	0.217218
0.087690	0.117944
0.083863	0.147179
0.079292	0.109820
0.107060	0.156844
0.114908	0.306805
0.134167	0.150938
0.112458	0.178246
0.142574	0.193901
0.203232	0.154457
0.251312	0.419692
0.162295	0.241007
0.251841	0.666120
0.121567	0.130077
0.169131	0.369551
0.107582	0.220005
0.072727	0.094182
0.139216	0.351519
0.122665	0.193811
0.186716	0.847690
0.105041	0.145482
0.137228	0.264163
0.134605	0.219406
0.175601	0.665526
0.099548	0.143349
0.224252	0.558388
0.217072	0.580667
0.108923	0.165563
0.131152	0.265583
0.220254	0.442710
0.213563	0.620401
0.185147	0.361962
0.085080	0.142934
0.202895	0.272893
0.227224	0.370375
0.153426	0.176440
0.147636	0.176425
0.251341	0.426024
0.261547	0.691791
0.130071	0.141127
0.122390	0.180525
0.119968	0.167355
0.145063	0.256037
0.199278	0.187322
0.236560	0.423443
0.103223	0.155866
0.100330	0.141465
0.153499	0.254041
0.118586	0.204560
0.089238	0.140104
0.120121	0.198199
0.292863	1.426243
0.244887	0.715069
0.152223	0.222246
0.195322	0.303726
0.180867	0.308378
0.140487	0.200896
0.175191	0.176943
0.112844	0.150647
0.167810	0.792900
0.235541	0.223764
0.124637	0.131492
0.208008	0.336973
0.268465	0.334239
0.125557	0.143763
0.169515	0.161887
0.155602	0.153268
0.192834	0.156195
0.127145	0.139224
0.217618	0.154509
0.301018	1.210094
0.192429	0.231877
0.229367	0.373868
0.175137	0.225051
0.220568	0.414668
0.234304	0.255392
0.226366	0.359922
0.127703	0.137920
0.103752	0.155109
0.146378	0.276654
0.125674	0.194795
0.173709	0.188474
0.175538	0.402860
0.089419	0.120269
0.176356	0.544059
0.117152	0.165185
0.105875	0.153519
0.074733	0.179732
0.170558	0.307005
0.117815	0.121349
0.203802	0.349520
0.067878	0.209402
0.219562	0.534633
0.119029	0.116053
0.253985	0.937206
0.145389	0.158474
0.164336	0.141329
0.170082	0.294241
0.179504	0.323107
0.088818	0.196289
0.136751	0.439653
0.130723	0.394131
0.155864	0.353811
0.136598	0.346275
0.086644	0.268164
0.085115	0.105969
0.140549	0.157415
0.152769	0.288734
0.124595	0.170072
0.161964	0.318259
0.147178	0.339982
0.098893	0.123121
0.223520	0.621385
0.126697	0.129864
0.140093	0.244463
0.219358	0.508911
0.076339	0.150007
0.159518	0.161911
0.088829	0.124804
0.103375	0.222257
0.134984	0.218674
0.082608	0.123086
0.096469	0.170750
0.150810	0.318209
0.119870	0.258919
0.113592	0.155054
0.132906	0.205339
0.133917	0.182796
0.111401	0.129225
0.087886	0.134466
0.114063	0.193336
0.084297	0.160587
0.143503	0.425487
0.130008	0.388725
0.217951	1.228153
0.123100	0.171725
0.106311	0.142988
0.168373	0.223937
0.090360	0.209636
0.087423	0.289369
0.104381	0.146655
0.093042	0.128863
0.085928	0.137915
0.087519	0.127340
0.154591	0.437494
0.099301	0.142498
0.150075	0.192096
0.156169	0.189745
0.223025	0.486195
0.249928	0.727292
0.198096	0.195124
0.121879	0.113347
0.108221	0.207242
0.063732	0.122047
0.122293	0.157757
0.117114	0.211977
0.145638	0.268702
0.106936	0.301024
0.146780	0.253929
0.125055	0.283874
0.076896	0.177246
0.128338	0.170690
0.094177	0.143620
0.124129	0.187435
0.131428	0.262855
0.162979	0.280323
0.072941	0.084976
0.119903	0.414266
0.083549	0.114044
0.183521	0.208296
0.182505	0.356797
0.129983	0.115685
0.171405	0.251108
0.123010	0.166063
0.104967	0.090797
0.214451	0.408530
0.128373	0.150838
0.137324	0.201866
0.149554	0.534655
0.123861	0.130674
0.126877	0.256926
0.121886	0.148091
0.203042	0.521818
0.188856	0.348439
0.185960	0.265923
0.158234	0.127379
0.158116	0.269587
0.123734	0.175702
0.138828	0.255444
0.148897	0.219624
0.121102	0.155011
0.165355	0.281931
0.184537	0.470570
0.127115	0.229442
0.118923	0.171248
0.120353	0.204600
0.117975	0.110307
0.097404	0.188964
0.101881	0.109013
0.211961	0.213021
0.178481	0.422107
0.107770	0.139562
0.162027	0.317573
0.205455	0.577329
0.168393	0.340996
0.137039	0.250781
0.121286	0.134628
0.164644	0.363040
0.143825	0.142387
0.134978	0.191669
0.137729	0.160454
0.111801	0.116273
0.097134	0.098591
0.153341	0.180175
0.113652	0.116493
0.136161	0.236921
0.136079	0.144244
0.117150	0.151123
0.167674	0.440982
0.143499	0.156414
0.168307	0.249095
0.123420	0.195621
0.101384	0.155117
0.098768	0.146670
0.142524	0.371274
0.222559	0.807889
0.186860	0.348494
0.202884	0.507210
0.134292	0.159807
0.134037	0.241936
0.168744	0.267460
0.230458	0.306509
0.205337	0.329566
0.121928	0.151800
0.180418	0.426689
0.204001	0.232561
0.238574	0.515321
0.309350	0.609420
0.201240	0.350158
0.175911	0.246275
0.255168	0.340649
0.136483	0.156273
0.196009	0.504723
0.228786	0.424397
0.183517	0.274357
0.227938	1.443988
0.116934	0.111088
0.209005	0.200645
0.398575	0.492240
0.226134	0.211435
0.307199	0.403967
0.408249	0.500105
0.171801	0.121120
0.225212	0.429029
0.157314	0.195069
0.125258	0.117742
0.225147	0.571872
0.151820	0.219379
0.216222	0.286494
0.213153	0.284559
0.376957	1.162914
0.265741	0.208607
0.144182	0.143461
0.156245	0.142183
0.309091	0.193182
0.178456	0.212363
0.170924	0.216219
0.135566	0.128788
0.182694	0.351687
0.200927	0.509349
0.174546	0.419784
0.191851	0.258999
0.140595	0.257289
0.143773	0.234349
0.154684	0.150044
0.081163	0.086439
0.131466	0.126208
0.205372	0.356320
0.247036	0.723816
0.250659	0.695578
0.225422	0.456480
0.221433	0.429580
0.185119	0.336916
0.155847	0.201043
0.358392	0.392440
0.194350	0.253627
0.285555	0.378361
0.201962	0.150462
0.315684	0.307792
0.242981	0.205319
0.294170	0.220627
0.500065	1.042635
0.260556	0.746493
0.096067	0.143140
0.147975	0.298910
0.144836	0.459131
0.060082	0.091625
0.105432	0.259890
0.220978	0.215453
0.440059	1.496201
0.181397	0.292957
0.347013	0.732198
0.404027	0.692906
0.406776	0.333556
0.387957	1.119257
0.258689	0.230233
0.314249	0.361387
0.351900	0.774180
0.304417	0.217658
0.190703	0.208820
0.298103	0.760162
0.171670	0.140769
0.150037	0.154538
0.309895	0.728253
0.163756	0.207970
0.175991	0.276306
0.181525	0.138867
0.315683	0.304634
0.161845	0.184503
0.228180	0.225898
0.219504	0.283160
0.246241	0.454314
0.149711	0.199864
0.190983	0.158516
0.134096	0.217235
0.217261	0.460593
0.258550	0.885534
0.149596	0.184004
0.124415	0.125037
0.235599	0.506537
0.251675	0.481957
0.132139	0.115621
0.112929	0.184075
0.153836	0.265367
0.109864	0.188966
0.127038	0.235655
0.097142	0.139399
0.110791	0.123532
0.082915	0.147175
0.136024	0.187033
0.147615	0.408893
0.127928	0.175901
0.192758	0.394191
0.131053	0.242448
0.121828	0.545181
0.169058	0.191881
0.144146	0.248652
0.120944	0.130620
0.122963	0.202274
0.153701	0.271283
0.153636	0.295750
0.173913	0.300000
0.071598	0.147850
0.166866	0.337069
0.137101	0.328358
0.155402	0.198138
0.105092	0.285325
0.098293	0.123849
0.193964	0.525642
0.230385	0.421605
0.235576	0.610142
0.167449	0.241963
0.185332	0.267804
0.100180	0.165298
0.115239	0.277149
0.114148	0.200330
0.094273	0.094744
0.144918	0.337658
0.107816	0.175740
0.208549	0.385815
0.240950	0.684297
0.142095	0.228773
0.190553	0.221041
0.198113	0.355612
0.165214	0.194126
0.176980	0.135390
0.199320	0.308945
0.239241	0.464127
0.198579	0.323684
0.256505	0.913159
0.167946	0.281309
0.202103	0.237471
0.197474	0.322869
0.201794	0.217937
0.317742	1.490210
0.200682	0.334135
0.171242	0.111307
0.223724	0.336705
0.157200	0.257021
0.178275	0.333374
0.191358	0.331049
0.172016	0.369835
0.107396	0.124580
0.157890	0.430249
0.119715	0.133482
0.120502	0.177740
0.159200	0.384467
0.210292	0.353290
0.131696	0.225859
0.168428	0.246748
0.130314	0.182439
0.372813	2.279751
0.198995	0.379085
0.150023	0.200281
0.312398	1.208981
0.336229	0.660690
0.203689	0.388028
0.218127	1.318578
0.122881	0.194153
0.160895	0.283176
0.183517	0.196363
0.127835	0.145732
0.302829	0.628369
0.193619	0.351418
0.182297	0.248835
0.220534	0.432247
0.182341	0.273512
0.147157	0.245016
0.239388	0.582909
0.184691	0.177304
0.256500	1.186310
0.218037	0.513477
0.275425	0.340149
0.245673	0.288665
0.258380	0.713129
0.237473	0.810970
0.215545	0.524853
0.133287	0.223256
0.125125	0.267143
0.187055	0.222595
0.171310	0.222703
0.280223	0.645914
0.152062	0.145980
0.239716	0.441077
0.225512	0.879497
0.254477	0.508953
0.142774	0.149912
0.189522	0.140247
0.401732	0.795429
0.191899	0.239874
0.257932	0.306939
0.221243	0.215712
0.215943	0.222421
0.374136	0.516307
0.392418	0.317858
0.257857	0.591781
0.350704	0.545344
0.277446	0.456398
0.314496	0.484323
0.372606	0.847679
0.410601	1.472006
0.291576	0.533585
0.268109	0.390099
0.204688	0.259954
0.291154	0.391603
0.169931	0.262543
0.179141	0.297374
0.116634	0.234434
0.167672	0.487088
0.073316	0.210050
0.108178	0.160103
0.135687	0.951164
0.097312	0.147914
0.111303	0.208693
0.126507	0.174580
0.239541	0.474291
0.153800	0.145341
0.138132	0.122938
0.154893	0.326824
0.154053	0.266511
0.105085	0.152899
0.100426	0.157167
0.163449	0.326899
0.103873	0.106989
0.121700	0.251311
0.149329	0.327030
0.166278	0.541236
0.067239	0.145236
0.104617	0.159541
0.083004	0.113300
0.093940	0.258335
0.039891	0.120472
0.132461	0.416590
0.144506	0.172685
0.131523	0.312367
0.158220	0.276886
0.102668	0.131929
0.123300	0.163989
0.143369	0.338351
0.155411	0.212912
0.122181	0.166165
0.058941	0.127312
0.239107	0.600159
0.229947	0.183957
0.334946	0.200968
0.323960	0.490799
0.232890	0.302757
0.181192	0.236456
0.113665	0.364864
0.080828	0.111542
0.125188	0.435655
0.117087	0.343651
0.157089	0.384868
0.103327	0.143625
0.152878	0.441817
0.154044	0.269578
0.183860	0.777728
0.093239	0.141258
0.257345	0.491529
0.188511	0.262972
0.239373	0.277673
0.211162	0.217497
0.253654	0.301849
0.175888	0.314840
0.232784	0.490011
0.209615	0.484211
0.146365	0.237111
0.136276	0.300488
0.072759	0.103318
0.132646	0.389978
0.181492	0.535403
0.156239	0.194518
0.238771	0.261455
0.217683	0.371149
0.260700	0.355856
0.244623	0.507592
0.172281	0.341116
0.201813	0.553976
0.123636	0.221309
0.130578	0.163222
0.200033	0.536088
0.184423	0.470278
0.102913	0.188330
0.198055	0.369373
0.087076	0.123212
0.178901	0.349751
0.141009	0.291183
0.172737	0.255651
0.165177	0.393122
0.099354	0.106309
0.231761	0.624597
0.152079	0.175652
0.229460	0.564471
0.124831	0.200353
0.132187	0.189688
0.180273	0.379474
0.195728	0.676239
0.166955	0.151929
0.207658	0.299028
0.200190	0.281267
0.166287	0.208690
0.234514	0.386948
0.192147	0.184461
0.281223	0.310751
0.218103	0.375136
0.200181	0.215195
0.275543	0.534553
0.319928	0.351920
0.431502	0.425029
0.321499	0.462958
0.219868	0.219868
0.401134	1.056989
0.225729	0.310378
0.170246	0.195783
0.193058	0.152516
0.108509	0.101456
0.230159	0.180675
0.164544	0.139039
0.243398	0.203238
0.203841	0.177342
0.217418	0.222853
0.242675	0.206273
0.238424	0.344522
0.243799	0.414458
0.166093	0.258274
0.193420	0.419722
0.110604	0.146550
0.156998	0.211947
0.131437	0.128151
0.209852	0.197261
0.140181	0.152097
0.173641	0.160618
0.186178	0.187109
0.365243	0.582562
0.281077	0.649288
0.342666	0.597951
0.325769	0.588013
0.155706	0.132350
0.220732	0.410561
0.174557	0.167575
0.235726	0.281692
0.275974	0.442938
0.398886	1.661360
0.103331	0.129163
0.236350	0.293074
0.242745	0.365331
0.217969	0.270282
0.327829	1.173630
0.290708	0.391002
0.219649	0.374502
0.246849	0.150578
0.294555	0.285719
0.211602	0.120613
0.270434	0.242038
0.304689	0.717544
0.285198	0.236714
0.310988	0.323427
0.282973	0.250431
0.194708	0.325162
0.218909	0.146669
0.190412	0.147569
0.185564	0.154946
0.222403	0.604937
0.200069	0.129044
0.147853	0.129371
0.346437	0.491940
0.182364	0.272634
0.139630	0.115194
0.175643	0.295080
0.190373	0.263667
0.239608	0.535523
0.267381	0.291446
0.207512	0.313342
0.199299	0.213250
0.152439	0.151677
0.111522	0.101485
0.360852	0.995953
0.232924	0.264369
0.279400	0.754381
0.216760	0.259028
0.190550	0.262006
0.274682	0.487560
0.186875	0.389635
0.207969	0.315073
0.188718	0.253825
0.236679	0.733704
0.255444	0.440641
0.191945	0.243770
0.152961	0.159079
0.293741	1.379115
0.175030	0.163653
0.177644	0.170539
0.253257	0.471059
0.256696	0.210491
0.256205	0.343315
0.309507	0.798529
0.209945	0.144862
0.252710	0.136463
0.220407	0.167509
0.261691	0.613666
0.348626	1.833774
0.407696	0.580967
0.236720	0.194111
0.220239	0.145358
0.212649	0.195637
0.166325	0.222044
0.146817	0.112315
0.142371	0.146642
0.249980	0.676196
0.103641	0.110378
0.097850	0.106656
0.103643	0.104161
0.191721	0.410284
0.267375	1.331526
0.094712	0.142542
0.150809	0.205854
0.102958	0.161130
0.140069	0.338266
0.304569	0.351777
0.228034	0.441247
0.215704	0.324634
0.227033	0.376874
0.181332	0.316425
0.212205	0.303454
0.176477	0.315894
0.144546	0.247897
0.109926	0.146751
0.137662	0.183778
0.163372	0.232805
0.129148	0.155623
0.159120	0.167871
0.247403	0.503464
0.191821	0.335687
0.145354	0.159163
0.153509	0.132785
0.197348	0.151958
0.220459	0.546738
0.200565	0.384083
0.133392	0.154067
0.155428	0.233920
0.156423	0.336309
0.237057	0.508488
0.206520	0.259182
0.159205	0.324778
0.236786	0.769554
0.178599	0.119661
0.178540	0.121407
0.176399	0.168461
0.187435	0.153697
0.227010	0.181608
0.215943	0.283964
0.253985	0.689571
0.287063	0.411935
0.148052	0.092532
0.182414	0.272709
0.122816	0.163345
0.170313	0.226516
0.259998	0.497895
0.236417	0.277790
0.264096	0.912451
0.088668	0.252260
0.109676	0.094321
0.257284	0.668937
0.290342	0.714242
0.185676	0.215384
0.155551	0.242660
0.212460	0.603387
0.242980	0.200458
0.247374	1.032786
0.238325	0.340804
0.370253	1.766108
0.233346	0.420023
0.187305	0.383976
0.109032	0.157006
0.112839	0.118481
0.094436	0.166207
0.095950	0.113701
0.157518	0.109475
0.092222	0.110206
0.131395	0.153732
0.175125	0.208398
0.135056	0.185027
0.186987	0.191661
0.253431	0.301582
0.257569	0.207343
0.219884	0.164913
0.379829	0.546954
0.201918	0.265522
0.201326	0.206359
0.332840	0.662352
0.286872	0.418833
0.211992	0.358267
0.269715	0.844209
0.223332	0.690097
0.232576	0.304674
0.173074	0.160958
0.140201	0.168241
0.211440	0.492654
0.211851	0.311421
0.213543	0.234898
0.138492	0.180732
0.168244	0.149737
0.209575	0.136224
0.204326	0.394349
0.196917	0.444048
0.191241	0.263912
0.095742	0.120156
0.178200	0.270864
0.108862	0.148597
0.111806	0.225288
0.160646	0.316472
0.139014	0.325292
0.157222	0.194169
0.152345	0.373245
0.138186	0.185860
0.130805	0.211250
0.102624	0.089282
0.133168	0.188433
0.108279	0.236047
0.141526	0.273854
0.083140	0.176673
0.107740	0.189623
0.133551	0.327868
0.154261	0.237563
0.115778	0.279603
0.122023	0.229403
0.112624	0.293949
0.086932	0.103015
0.124514	0.431442
0.092542	0.307701
0.054109	0.224822
0.066605	0.138206
0.098281	0.216709
0.153317	0.331166
0.246535	0.923272
0.171343	0.135361
0.191993	0.307188
0.184418	0.195483
0.112120	0.257314
0.124820	0.293951
0.243951	0.940433
0.200397	0.489971
0.126222	0.111075
0.114688	0.174326
0.347088	0.591784
0.253182	0.351923
0.161223	0.361946
0.113002	0.158203
0.163673	0.247146
0.187323	0.192943
0.160849	0.324914
0.267416	0.433214
0.212147	0.351104
0.150530	0.273965
0.163097	0.167989
0.174145	0.181111
0.306723	0.481556
0.295551	0.628045
0.303738	0.590771
0.168872	0.146919
0.204109	0.334738
0.219044	0.584846
0.249952	0.381176
0.190142	0.259544
0.129370	0.112552
0.155427	0.174078
0.174209	0.275251
0.174327	0.430588
0.132581	0.147827
0.073724	0.149659
0.064282	0.112494
0.100447	0.111999
0.136759	0.158640
0.339814	1.002450
0.167929	0.241817
0.139762	0.125087
0.136568	0.138616
0.157060	0.178263
0.310243	0.772506
0.159334	0.377622
0.124892	0.143002
0.101772	0.126706
0.227061	0.252038
0.266555	0.226572
0.166101	0.244169
0.127707	0.153248
0.149283	0.260498
0.134765	0.296482
0.143091	0.464329
0.165168	0.331988
0.114529	0.207871
0.095057	0.105989
0.105365	0.176486
0.142603	0.414976
0.221254	0.401575
0.135999	0.243439
0.105694	0.263179
0.103784	0.155675
0.091456	0.181083
0.100207	0.137784
0.144918	0.194190
0.185465	0.283761
0.165105	0.460642
0.176039	0.243814
0.126652	0.278635
0.139236	0.160818
0.142542	0.223791
0.157431	0.288099
0.212070	0.305380
0.140894	0.150756
0.126565	0.179089
0.248882	0.485319
0.233909	0.699389
0.141069	0.257450
0.108840	0.143125
0.171770	0.279127
0.108158	0.118433
0.132864	0.239819
0.129047	0.349716
0.120236	0.318024
0.086462	0.136177
0.205130	0.423593
0.071307	0.112309
0.100442	0.153174
0.185581	0.180013
0.116211	0.117373
0.176905	0.321967
0.173203	0.248546
0.118071	0.168841
0.146610	0.508737
0.155348	0.367398
0.085587	0.139079
0.051738	0.107873
0.052471	0.094186
0.074800	0.178399
0.267359	0.351577
0.403278	0.481917
0.262783	0.270667
0.255101	0.427294
0.245010	0.456943
0.187678	0.266503
0.165362	0.151307
0.215858	0.417685
0.168379	0.276142
0.142120	0.126487
0.192627	0.450747
0.303308	0.652113
0.195365	0.252998
0.313282	1.000934
0.265500	0.380993
0.162337	0.175323
0.269640	0.424684
0.175703	0.357556
0.313283	0.347744
0.206099	0.137056
0.245114	0.383603
0.226735	0.372979
0.169613	0.192511
0.249338	0.612125
0.190417	0.135196
0.338419	0.397642
0.286936	0.163553
0.323422	0.333124
0.171633	0.153612
0.205299	0.233014
0.180680	0.142737
0.343248	0.614414
0.314836	0.802832
0.302894	0.195367
0.174972	0.176721
0.295215	0.318832
0.251114	0.238558
0.308273	0.451620
0.245085	0.274496
0.221146	0.322873
0.122177	0.145391
0.150806	0.344592
0.234611	0.259245
0.239747	0.275710
0.206740	0.362829
0.116954	0.124556
0.132424	0.165530
0.113648	0.131264
0.221205	0.414760
0.184497	0.254606
0.102627	0.155480
0.080479	0.117097
0.105566	0.117706
0.088498	0.105313
0.082636	0.135523
0.134451	0.138484
0.105006	0.098181
0.081241	0.128361
0.116601	0.256522
0.107722	0.154580
0.149386	0.329397
0.105446	0.234090
0.077034	0.122484
0.120585	0.267096
0.100684	0.155557
0.192999	0.280813
0.176757	0.226248
0.140189	0.194162
0.122542	0.146438
0.106684	0.101350
0.249359	1.320357
0.267856	0.447320
0.222899	0.439111
0.155652	0.207796
0.187847	0.226355
0.154447	0.248660
0.267032	0.333790
0.201071	0.204087
0.218608	0.655824
0.133952	0.270582
0.124305	0.209454
0.197810	0.288803
0.135527	0.218877
0.247712	0.523911
0.190497	0.347656
0.125046	0.143177
0.274754	0.311846
0.170650	0.281572
0.160294	0.254066
0.125049	0.161313
0.244141	0.559082
0.158878	0.177943
0.279687	0.662857
0.184908	0.232059
0.105926	0.147767
0.264808	0.680557
0.133785	0.214057
0.163793	0.208017
0.250112	0.875392
0.104213	0.129225
0.222165	1.629579
0.147718	0.245950
0.149339	0.206088
0.185652	0.395439
0.217457	0.210933
0.178786	0.260134
0.174541	0.253085
0.227484	0.474305
0.135323	0.468217
0.216693	0.464806
0.138212	0.123009
0.094634	0.118766
0.120686	0.208183
0.117675	0.218286
0.114665	0.186904
0.060222	0.083709
0.150358	0.672854
0.088964	0.102308
0.211855	1.049740
0.121073	0.210667
0.073217	0.184140
0.096746	0.232675
0.081456	0.148249
0.148554	0.262941
0.173092	0.274350
0.176454	0.181748
0.148375	0.146149
0.126159	0.223932
0.107977	0.146309
0.111380	0.169298
0.143469	0.154947
0.105163	0.106740
0.110553	0.166382
0.167626	0.372969
0.087899	0.115588
0.070353	0.090756
0.109510	0.212998
0.120390	0.339500
0.137640	0.240870
0.149531	0.924848
0.210054	0.418007
0.184475	0.453810
0.100432	0.127047
0.183495	0.446810
0.130393	0.250354
0.165235	0.240417
0.070264	0.109612
0.066896	0.135130
0.103636	0.314016
0.144861	0.232501
0.079481	0.092198
0.130131	0.203655
0.146398	0.212277
0.107738	0.193389
0.077341	0.087782
0.287489	0.842343
0.157140	0.206639
0.176726	0.508970
0.208596	0.263873
0.205674	0.256064
0.225356	0.371838
0.178646	0.250104
0.198566	0.144953
0.219433	0.318178
0.137385	0.128455
0.199321	0.217260
0.133098	0.190996
0.157029	0.158600
0.317946	0.990401
0.161038	0.157012
0.245531	0.532802
0.242694	0.308222
0.248762	0.445284
0.294419	0.279698
0.190517	0.507727
0.177291	0.203885
0.134934	0.349479
0.180595	0.306109
0.112937	0.188039
0.089862	0.124908
0.106559	0.205659
0.138978	0.170943
0.182280	0.569624
0.129137	0.153027
0.171854	0.415028
0.076555	0.107943
0.130940	0.229144
0.119856	0.128246
0.228191	0.618399
0.127690	0.314117
0.165052	0.469572
0.146342	0.190976
0.158157	0.310778
0.156645	0.298408
0.212856	0.206470
0.119299	0.330459
0.165935	0.312787
0.087784	0.149232
0.106083	0.227017
0.160823	0.185751
0.121710	0.206298
0.105164	0.102535
0.093775	0.146289
0.114738	0.119327
0.109615	0.164970
0.233247	1.083431
0.050983	0.151929
0.217552	0.192534
0.187005	0.243106
0.137002	0.218518
0.102133	0.113878
0.145879	0.279358
0.203416	0.568548
0.167879	0.299664
0.090062	0.145451
0.101269	0.178740
0.150332	0.333737
0.185988	0.318970
0.147112	0.155203
0.122635	0.112211
0.217575	0.704942
0.121872	0.319915
0.172126	0.469043
0.207052	0.730895
0.189287	0.327467
0.122922	0.267969
0.133196	0.255069
0.102580	0.236961
0.081756	0.175775
0.083361	0.143380
0.160645	0.398399
0.089641	0.208864
0.091543	0.173932
0.059118	0.107594
0.076641	0.083538
0.171988	0.250243
0.114349	0.173810
0.103826	0.122515
0.140342	0.411905
0.070743	0.121324
0.100273	0.235140
0.210800	0.747285
0.225545	0.332679
0.116741	0.116741
0.115593	0.094786
0.187076	0.510717
0.266885	0.679223
0.112387	0.120254
0.164993	0.235940
0.221068	0.449874
0.244619	0.355920
0.322948	0.540938
0.211546	0.310972
0.266075	0.634589
0.160057	0.155256
0.222664	0.143618
0.168148	0.217751
0.241501	0.478172
0.229548	0.670281
0.199778	0.580355
0.170934	0.163242
0.146810	0.157821
0.130352	0.128396
0.145939	0.285312
0.149905	0.281071
0.169920	0.319449
0.150346	0.315726
0.122202	0.219963
0.175098	0.355450
0.157637	0.305027
0.126320	0.168638
0.109928	0.131363
0.179934	0.636068
0.171083	0.396912
0.122281	0.163245
0.158103	0.334387
0.190926	0.252022
0.098211	0.100666
0.232761	0.434100
0.139664	0.208099
0.204963	0.179343
0.228250	0.577472
0.126119	0.203052
0.151510	0.274233
0.132130	0.218675
0.191824	0.287736
0.125857	0.235982
0.113013	0.175735
0.107268	0.136767
0.109533	0.153346
0.094740	0.117477
0.111522	0.226389
0.103286	0.145117
0.088066	0.151473
0.107553	0.162405
0.128662	0.306215
0.179855	0.269782
0.110944	0.107616
0.203477	0.364223
0.210696	0.288654
0.178064	0.148684
0.174200	0.302238
0.116731	0.120233
0.155456	0.322572
0.171754	0.217269
0.150575	0.216075
0.166155	0.148708
0.120570	0.160960
0.130773	0.166081
0.201150	0.537070
0.180017	0.243922
0.174209	0.257830
0.208266	0.635211
0.132561	0.141840
0.188805	0.348346
0.156306	0.119574
0.101999	0.151978
0.169435	0.380381
0.116603	0.118352
0.224576	0.404236
0.238346	0.417105
0.224263	0.267994
0.186566	0.339550
0.126198	0.150807
0.099632	0.131015
0.213327	0.492786
0.131459	0.129487
0.175378	0.195546
0.221611	0.487544
0.121326	0.131639
0.169346	0.227770
0.229428	0.383145
0.189144	0.309250
0.288880	0.592203
0.283977	0.391888
0.130224	0.147805
0.252081	0.216789
0.202105	0.320336
0.188301	0.132752
0.221685	0.320335
0.134024	0.206397
0.259816	0.580688
0.119760	0.178443
0.106416	0.136745
0.171707	0.279024
0.186671	0.202538
0.235551	0.537057
0.227324	0.631961
0.236884	0.296104
0.223098	0.221983
0.144074	0.257893
0.191414	0.667079
0.188596	0.445088
0.155941	0.353207
0.202572	0.204598
0.156529	0.186270
0.129073	0.179412
0.096722	0.166362
0.154909	0.228491
0.276191	0.557905
0.243211	0.446292
0.276294	0.313593
0.238590	0.207573
0.302987	0.930171
0.215888	0.197538
0.221526	0.341150
0.257802	0.323541
0.298375	0.401315
0.335969	0.567788
0.334687	1.039205
0.254822	0.238258
0.215399	0.241247
0.275066	1.119520
0.231149	0.618325
0.191430	0.186644
0.143500	0.164307
0.149812	0.313856
0.070292	0.094894
0.134692	0.215507
0.145406	0.289358
0.198525	0.778217
0.105480	0.120775
0.136088	0.152418
0.145867	0.231199
0.123335	0.118402
0.127526	0.139641
0.187077	0.493884
0.139886	0.357409
0.103368	0.149884
0.161333	0.375906
0.116660	0.292816
0.154780	0.295630
0.111860	0.149332
0.108154	0.151416
0.214317	0.280755
0.264090	0.641739
0.195691	0.444220
0.201873	0.180676
0.113247	0.194219
0.156575	0.422752
0.189722	0.270354
0.102976	0.147771
0.165529	0.195324
0.116787	0.162918
0.109495	0.112233
0.111484	0.104795
0.083667	0.106257
0.105455	0.237800
0.191451	0.436508
0.145798	0.325130
0.153854	0.366173
0.118201	0.170209
0.104203	0.144842
0.172983	0.206715
0.093078	0.283423
0.196088	0.503947
0.113176	0.219562
0.093978	0.115593
0.096032	0.148850
0.096814	0.196048
0.063697	0.140132
0.094888	0.364844
0.154340	0.305594
0.093356	0.159639
0.103016	0.165856
0.079567	0.165101
0.094299	0.202271
0.061279	0.125622
0.102504	0.152731
0.104793	0.153522
0.081661	0.109018
0.071447	0.079306
0.093676	0.100701
0.105046	0.165447
0.113080	0.226159
0.108608	0.106979
0.119783	0.208423
0.144015	0.200901
0.171181	2.232201
0.527634	0.910168
0.151425	0.134768
0.278359	0.275575
0.125181	0.147714
0.238538	0.477075
0.097915	0.164498
0.119544	0.311412
0.115183	0.304658
0.078961	0.198982
0.136245	0.282708
0.117577	0.141680
0.122853	0.214379
0.101348	0.130739
0.119208	0.321863
0.106704	0.240619
0.106654	0.212241
0.161334	0.296855
0.132194	0.263066
0.127249	0.313668
0.090591	0.141323
0.118245	0.204564
0.094996	0.128719
0.233487	0.689953
0.287157	0.620260
0.231172	0.403396
0.275255	0.573907
0.138752	0.190784
0.093270	0.113323
0.205944	0.527217
0.220860	0.687978
0.151757	0.179073
0.149538	0.438895
0.093003	0.128345
0.076365	0.116838
0.099279	0.130056
0.234415	0.523918
0.218246	0.176779
0.137124	0.142609
0.215058	0.346243
0.084122	0.145951
0.094463	0.179480
0.121846	0.391735
0.062434	0.091778
0.118720	0.252281
0.182029	0.435960
0.130937	0.212118
0.073873	0.126323
0.063904	0.095217
0.077141	0.131911
0.218670	0.875773
0.131542	0.178239
0.091868	0.098298
0.089151	0.131052
0.141248	0.252834
0.146018	0.321969
0.100502	0.172360
0.103469	0.142788
0.076097	0.261775
0.103953	0.100315
0.200995	0.363800
0.182828	0.259616
0.298659	0.371831
0.147439	0.163658
0.198775	0.496937
0.167873	0.307207
0.206901	0.894846
0.193907	0.424656
0.196914	0.536590
0.112088	0.304880
0.199525	0.469882
0.176983	0.228308
0.220108	0.344468
0.212425	0.433347
0.287610	0.572343
0.339992	0.849980
0.170457	0.127842
0.232492	0.185994
0.135387	0.108987
0.266407	0.392950
0.246389	0.269796
0.183024	0.187600
0.230504	0.134845
0.260174	0.476118
0.367614	0.731553
0.120663	0.101960
0.206617	0.411168
0.196662	0.458222
0.124759	0.197744
0.126613	0.213344
0.177074	0.467474
0.192643	0.308229
0.168811	0.249840
0.118391	0.114247
0.192446	0.397402
0.212134	0.505939
0.257263	0.276557
0.214851	0.397474
0.188101	0.194685
0.224083	0.354051
0.173189	0.318667
0.196966	0.433325
0.174533	0.380482
0.138450	0.184138
0.200715	0.251897
0.247312	0.192903
0.173509	0.242044
0.253016	0.533863
0.223518	0.497326
0.232874	0.626431
0.118340	0.137274
0.143951	0.102925
0.215074	0.335515
0.235774	0.541102
0.141462	0.174705
0.136905	0.210150
0.167296	0.286077
0.166484	0.115706
0.109980	0.124827
0.204911	0.346299
0.125912	0.184461
0.194027	0.331786
0.126822	0.177551
0.260941	0.701931
0.199243	0.411436
0.255167	0.570297
0.193902	0.532261
0.198732	0.244441
0.161076	0.405107
0.221677	0.495447
0.150294	0.289316
0.113724	0.138744
0.196037	0.268571
0.126099	0.134296
0.248339	0.450736
0.109037	0.141748
0.166237	0.223588
0.111433	0.140963
0.188965	0.226758
0.164800	0.274391
0.187339	0.290375
0.238562	0.722843
0.238453	0.205070
0.242305	0.359823
0.230431	0.331820
0.309993	1.226022
0.209865	0.362018
0.186268	0.295234
0.224382	0.278234
0.173785	0.247644
0.194992	0.316863
0.329950	1.102034
0.305592	1.584495
0.228203	0.560238
0.150382	0.234596
0.169341	0.146480
0.184514	0.138385
0.161053	0.278622
0.187537	0.335691
0.184940	0.132232
0.222037	0.331946
0.193224	0.124629
0.141893	0.146859
0.193930	0.344225
0.229048	0.324102
0.174937	0.377864
0.087512	0.161898
0.120134	0.270903
0.111190	0.280200
0.074357	0.321223
0.060422	0.185799
0.221165	0.469976
0.255088	0.311207
0.207287	0.366898
0.136013	0.124452
0.139169	0.312434
0.172838	0.152097
0.203357	0.150484
0.299990	0.724476
0.161026	0.424304
0.189881	0.219312
0.141118	0.274474
0.178565	0.349094
0.156331	0.209484
0.127758	0.389022
0.112302	0.213935
0.077988	0.141158
0.118101	0.211991
0.176332	0.563381
0.093051	0.219601
0.139797	0.311048
0.135162	0.250725
0.167865	0.289568
0.100807	0.188510
0.100775	0.130000
0.130042	0.146297
0.120802	0.198115
0.167443	0.426978
0.145913	0.164152
0.130350	0.145992
0.152384	0.134098
0.217932	0.405354
0.136605	0.135922
0.224090	0.304762
0.136418	0.266016
0.117993	0.169910
0.151472	0.231752
0.298261	0.395196
0.203814	0.120251
0.242114	0.284484
0.204445	0.195245
0.335156	0.901571
0.235224	0.224639
0.296626	0.634779
0.159153	0.206898
0.227681	0.244757
0.203046	0.234518
0.161471	0.176811
0.123549	0.217447
0.123078	0.238770
0.118661	0.175025
0.096060	0.136406
0.127803	0.266468
0.158010	0.310490
0.160241	0.183476
0.187411	0.412305
0.187310	0.210723
0.228346	0.318543
0.223161	0.458595
0.243245	0.390409
0.198333	0.329233
0.148723	0.131620
0.216893	0.208218
0.165740	0.328166
0.164784	0.299084
0.151301	0.352531
0.157779	0.259547
0.111729	0.121226
0.101656	0.098098
0.191328	0.507018
0.112456	0.152378
0.127639	0.185714
0.130567	0.235673
0.133819	0.220133
0.239952	0.538693
0.120216	0.266879
0.082407	0.135560
0.254453	0.446565
0.229869	0.724088
0.069659	0.112499
0.119756	0.414955
0.134334	0.214934
0.125640	0.177152
0.141800	0.538839
0.177604	0.584316
0.081252	0.114158
0.084786	0.166181
0.166413	0.484262
0.201448	0.415991
0.144484	0.174104
0.120620	0.141126
0.359655	1.463797
0.143668	0.126428
0.227222	0.377188
0.153718	0.179081
0.146130	0.136631
0.246805	0.524461
0.267873	0.364307
0.189744	0.185000
0.198126	0.272424
0.105884	0.113296
0.105976	0.143068
0.147151	0.277380
0.107683	0.170139
0.168769	0.217712
0.221416	0.304447
0.144267	0.164464
0.153342	0.177876
0.170618	0.298582
0.152655	0.221349
0.129352	0.162336
0.226344	0.671109
0.232079	0.372487
0.185713	0.341712
0.173957	0.277462
0.182066	0.233045
0.180229	0.186537
0.250989	0.692731
0.270152	0.709150
0.281233	0.541374
0.230305	0.169274
0.152283	0.217003
