Velocity(m/s)	Chord(mm)
0.202840	0.370183
0.077460	0.095276
0.072995	0.095623
0.095919	0.143399
0.051759	0.078156
0.080960	0.165968
0.080723	0.133193
0.112237	0.315385
0.147481	0.396725
0.225593	0.243641
0.175706	0.267951
0.118723	0.182240
0.094076	0.183448
0.104744	0.152926
0.192312	0.208659
0.200638	0.215686
0.200090	0.249112
0.153427	0.247017
0.185735	0.239598
0.096736	0.140267
0.097132	0.111701
0.149333	0.223999
0.085114	0.091072
0.107002	0.113957
0.083514	0.105228
0.149322	0.583849
0.172690	0.354014
0.165740	0.172370
0.102921	0.163645
0.208622	0.364045
0.102001	0.143311
0.076661	0.364139
0.079829	0.082224
0.081196	0.097029
0.211447	0.309770
0.114629	0.244160
0.068263	0.132431
0.108841	0.272104
0.128905	0.278436
0.083573	0.223141
0.078938	0.147220
0.118586	0.177880
0.109832	0.254810
0.127036	0.187379
0.074304	0.184273
0.089416	0.121606
0.122517	0.169686
0.116617	0.199415
0.122611	0.182078
0.052625	0.109724
0.100264	0.181479
0.111784	0.255986
0.146975	0.174900
0.109707	0.279752
0.125001	0.128751
0.078663	0.138841
0.075834	0.125506
0.180794	0.219664
0.082419	0.189153
0.048010	0.087858
0.117799	0.274471
0.099793	0.240001
0.112516	0.297044
0.114086	0.203644
0.065950	0.126294
0.121201	0.160592
0.155600	1.346720
0.098075	0.134854
0.061467	0.073453
0.132574	0.292325
0.243028	0.405857
0.146551	0.222757
0.094423	0.092534
0.072064	0.082874
0.085723	0.126013
0.160565	0.202312
0.108481	0.137770
0.109674	0.192478
0.129375	0.320203
0.096835	0.079889
0.111530	0.553749
0.066772	0.148568
0.082429	0.141777
0.094998	0.163872
0.079162	0.114389
0.107278	0.161453
0.079240	0.225041
0.105390	0.120671
0.116994	0.174907
0.086352	0.259056
0.147815	0.304499
0.087337	0.218343
0.106140	0.131082
0.065126	0.115598
0.042910	0.082387
0.120635	0.234031
0.102443	0.252522
0.131693	0.480022
0.083940	0.157388
0.138162	0.203098
0.093339	0.299619
0.097354	0.192761
0.123750	0.255545
0.193137	0.342818
0.166352	0.194632
0.180341	0.825963
0.198282	0.221085
0.130418	0.129766
0.090454	0.099952
0.116818	0.185156
0.100006	0.201013
0.086684	0.173369
0.111752	0.192214
0.115541	0.152515
0.127884	0.120211
0.111311	0.275495
0.184909	0.210796
0.123006	0.222025
0.142082	0.479527
0.106229	0.194398
0.108640	0.120047
0.097109	0.163143
0.124798	0.151630
0.135589	0.199994
0.127786	0.148871
0.112970	0.208995
0.222388	0.273538
0.090442	0.105365
0.150906	0.189387
0.167257	0.931619
0.142758	0.177020
0.070309	0.076285
0.160977	0.311490
0.176868	0.328975
0.096546	0.107649
0.101584	0.268690
0.108462	0.223432
0.131898	0.111454
0.104218	0.141216
0.138733	0.208793
0.164988	0.131166
0.112956	0.146278
0.124133	0.299782
0.118809	0.123562
0.147260	0.281267
0.155192	0.223477
0.143019	0.148740
0.098028	0.199978
0.103259	0.144047
0.108824	0.112089
0.089858	0.183760
0.122927	0.274742
0.091104	0.218193
0.061547	0.116016
0.151765	0.396865
0.117150	0.178653
0.060805	0.093336
0.119207	0.548353
0.087010	0.131821
0.102160	0.234968
0.086802	0.150168
0.059125	0.095486
0.091008	0.273024
0.174854	0.210699
0.136738	0.257068
0.172386	0.246511
0.069090	0.091198
0.222141	0.374308
0.131144	0.249829
0.181437	0.210467
0.079727	0.121982
0.089422	0.133238
0.198698	0.218568
0.079549	0.115744
0.094049	0.211139
0.192832	0.324922
0.189949	0.594541
0.104255	0.224148
0.080414	0.135096
0.111229	0.259163
0.273823	1.148688
0.229036	1.164649
0.239511	0.367649
0.128012	0.131852
0.093234	0.135189
0.101197	0.108281
0.100603	0.089537
0.093219	0.079702
0.171661	0.150203
0.128012	0.217620
0.194453	0.434603
0.135774	0.198909
0.242223	0.437212
0.194479	0.378262
0.125538	0.233500
0.140470	0.199467
0.214024	0.541481
0.130967	0.335275
0.131028	0.166406
0.096822	0.134098
0.212987	0.148026
0.240982	0.356654
0.165976	0.300417
0.072039	0.125349
0.184952	0.331989
0.241320	1.326054
0.121101	0.194973
0.170823	0.297232
0.092168	0.140557
0.314899	0.576266
0.117146	0.179819
0.209367	0.186337
0.196171	0.246195
0.043968	0.132123
0.083828	0.185261
0.144790	0.123795
0.093328	0.107794
0.097629	0.207462
0.092905	0.200675
0.139826	0.230714
0.107260	0.125495
0.052393	0.181278
0.102771	0.254872
0.063131	0.116162
0.199002	0.520389
0.101888	0.148246
0.152222	0.199411
0.066454	0.203348
0.072480	0.119592
0.049685	0.073534
0.096924	0.218563
0.112072	0.137288
0.098308	0.204971
0.056553	0.110560
0.200401	0.413828
0.116855	0.233711
0.107168	0.124315
0.053290	0.103649
0.126134	0.233348
0.197245	0.511852
0.085681	0.118239
0.207575	0.597815
0.066167	0.104543
0.157161	0.194880
0.169632	0.447827
0.095561	0.121362
0.106814	0.095599
0.221963	0.315187
0.187053	0.326408
0.195160	0.164910
0.181363	0.293809
0.076450	0.081802
0.207930	0.329569
0.082714	0.114558
0.128792	0.359974
0.064496	0.091584
0.295034	0.446977
0.174666	0.517884
0.101812	0.110466
0.225885	0.220238
0.130352	0.149254
0.076950	0.092340
0.104920	0.156331
0.157986	0.131129
0.159955	0.155956
0.244570	0.352181
0.182149	0.153916
0.116750	0.165201
0.243619	0.249710
0.115733	0.153924
0.193478	0.224435
0.116441	0.125757
0.147696	0.101172
0.206901	0.156210
0.143631	0.173075
0.219751	0.262603
0.085504	0.076526
0.125024	0.210041
0.190482	0.227627
0.214050	0.142343
0.136347	0.308826
0.066639	0.095627
0.136704	0.272041
0.087838	0.079493
0.097545	0.118517
0.092712	0.107083
0.122511	0.352831
0.094716	0.155333
0.150706	0.365462
0.135114	0.258743
0.066529	0.077174
0.201195	0.441623
0.066731	0.107770
0.147361	0.132625
0.071021	0.169385
0.260641	0.435270
0.134145	0.190486
0.101962	0.276318
0.133095	0.130434
0.162198	0.207614
0.090457	0.186794
0.142574	0.297268
0.216345	0.239062
0.145019	0.322667
0.287032	0.602767
0.218224	0.154939
0.121074	0.173741
0.179862	0.344435
0.116827	0.096382
0.167671	0.172701
0.047407	0.125628
0.051305	0.079266
0.239099	0.508085
0.119110	0.142336
0.202221	0.613741
0.121958	0.117689
0.191179	0.474125
0.172231	0.351351
0.161067	0.132881
0.197622	0.808273
0.140561	0.274094
0.183745	0.217738
0.302222	0.194933
0.190105	0.173946
0.109698	0.123411
0.240974	0.390377
0.189207	0.141905
0.082066	0.084528
0.068830	0.108751
0.135894	0.120266
0.078411	0.098014
0.181773	0.297198
0.142918	0.194368
0.120439	0.223415
0.195042	0.311091
0.079267	0.085608
0.097275	0.144940
0.136823	0.136139
0.177595	0.249522
0.096994	0.112028
0.301319	0.284747
0.090250	0.093860
0.144468	0.114852
0.205774	0.417721
0.303322	0.180476
0.245968	1.264274
0.198775	0.262383
0.248706	0.302178
0.158155	0.306029
0.243364	0.290820
0.194894	0.083804
0.263398	0.248911
0.259104	0.150280
0.274621	0.227936
0.101066	0.090454
0.119973	0.286735
0.089468	0.096178
0.148150	0.345190
0.093125	0.125719
0.114923	0.107453
0.257207	0.366520
0.167941	0.387943
0.109509	0.186166
0.079033	0.096420
0.154931	0.246340
0.138028	0.169774
0.075783	0.075025
0.079948	0.084744
0.102944	0.112724
0.137009	0.232230
0.172848	0.236802
0.217612	0.178441
0.129218	0.269420
0.115700	0.152146
0.115835	0.127998
0.069036	0.067310
0.082511	0.127480
0.170383	0.165271
0.208023	0.224665
0.236271	0.249265
0.141423	0.226984
0.111194	0.080615
0.120207	0.196539
0.120927	0.205575
0.170469	0.215643
0.094824	0.111418
0.097610	0.106883
0.129225	0.146670
0.408324	1.053476
0.178913	0.243322
0.295497	0.582129
0.215425	0.289747
0.139248	0.173364
0.118335	0.144960
0.290151	0.372844
0.182594	0.314061
0.118064	0.211334
0.078357	0.103823
0.188238	0.468713
0.186764	0.352050
0.091313	0.142905
0.129150	0.135608
0.149341	0.381567
0.090162	0.081145
0.110415	0.089988
0.235354	0.242414
0.082420	0.131459
0.056547	0.124686
0.072531	0.177700
0.127396	0.195552
0.132234	0.212235
0.158072	0.127248
0.151750	0.123676
0.120571	0.273696
0.052505	0.109474
0.075693	0.119974
0.078893	0.084021
0.063332	0.083282
0.235908	0.386890
0.128834	0.198405
0.247538	0.193080
0.098134	0.128555
0.228452	0.374662
0.268387	0.594478
0.155797	0.470506
0.123195	0.231607
0.075368	0.082151
0.171147	0.398772
0.126763	0.162890
0.154125	0.122530
0.180918	0.342839
0.135577	0.127443
0.297443	0.847713
0.142847	0.159989
0.091094	0.107035
0.203400	0.159669
0.222205	0.411080
0.110407	0.203148
0.152542	0.214322
0.045746	0.070907
0.097545	0.144367
0.137947	0.230372
0.102011	0.104051
0.214692	0.287687
0.181097	0.664627
0.099727	0.136127
0.133370	0.138038
0.132412	0.122481
0.098746	0.185643
0.108352	0.150068
0.097606	0.115663
0.152495	0.198244
0.154353	0.592715
0.080058	0.097671
0.123703	0.147825
0.075997	0.119695
0.077472	0.149908
0.070223	0.126402
0.073239	0.115718
0.060394	0.087874
0.077601	0.189346
0.146369	0.341039
0.118938	0.322323
0.119573	0.257083
0.157507	0.516623
0.301114	0.981631
0.059909	0.076385
0.070312	0.078398
0.200753	0.443664
0.205515	0.274363
0.224998	0.300372
0.136133	0.364838
0.179473	0.179473
0.142271	0.231190
0.152486	0.243215
0.146600	0.174454
0.134885	0.295399
0.214309	0.175733
0.094495	0.119536
0.142418	0.337530
0.088819	0.128788
0.120328	0.305030
0.098476	0.113247
0.181818	0.258182
0.189707	0.206780
0.106508	0.216212
0.124345	0.172218
0.124407	0.307286
0.099038	0.177773
0.071678	0.090314
0.092835	0.261795
0.125171	0.102640
0.160326	0.262133
0.151416	0.151416
0.099920	0.185851
0.135204	0.271759
0.218781	0.273477
0.123308	0.161534
0.245737	0.293656
0.198540	0.203504
0.206558	0.175574
0.148771	0.195634
0.231198	0.224262
0.180783	0.216035
0.221321	0.286611
0.081764	0.079311
0.107112	0.139782
0.174528	0.194599
0.187444	0.329902
0.190631	0.314541
0.138366	0.206166
0.157641	0.210450
0.132077	0.155851
0.169917	0.276965
0.189800	0.334048
0.094051	0.138255
0.185842	0.332658
0.120030	0.202251
0.130034	0.289325
0.134116	0.186421
0.146173	0.261650
0.135777	0.446707
0.116993	0.138636
0.210716	0.342413
0.116060	0.151458
0.143966	0.259859
0.221311	0.430449
0.245102	0.515940
0.079808	0.117716
0.136338	0.164288
0.185193	0.258344
0.178961	0.288128
0.135045	0.124917
0.108786	0.188743
0.156715	0.272685
0.214329	0.486526
0.242416	0.625432
0.073275	0.085732
0.137831	0.217773
0.222617	0.180320
0.113026	0.145803
0.116890	0.139099
0.096991	0.183313
0.083761	0.120197
0.225971	0.409008
0.304747	0.729868
0.149265	0.241063
0.202847	0.265729
0.186292	0.201195
0.187754	0.167101
0.088507	0.104881
0.186112	0.565781
0.105913	0.146160
0.086501	0.083041
0.151020	0.173673
0.148855	0.226260
0.126879	0.259467
0.142145	0.178392
0.156508	0.280150
0.127465	0.314201
0.101326	0.085621
0.232207	0.398235
0.120885	0.148084
0.204211	0.222590
0.148462	0.124708
0.172056	0.276150
0.284072	0.389178
0.087422	0.073435
0.132696	0.132696
0.199005	0.197015
0.197706	0.159153
0.175329	0.253350
0.086602	0.120810
0.084993	0.091792
0.125734	0.138936
0.269969	0.442749
0.170878	0.252046
0.252008	0.303670
0.357933	0.320350
0.317503	0.246065
0.296979	0.387558
0.138924	0.141008
0.113591	0.157892
0.279415	0.630080
0.210645	0.326499
0.169215	0.310509
0.152876	0.085611
0.205168	0.286210
0.089118	0.102486
0.146537	0.202221
0.189769	0.278960
0.227551	0.252582
0.292127	0.363699
0.160479	0.266396
0.165190	0.868901
0.085646	0.150308
0.174584	0.343058
0.168998	0.360810
0.290501	0.389272
0.310816	0.202030
0.245052	0.508483
0.299882	0.187426
0.301175	0.502962
0.105197	0.151483
0.195913	0.177301
0.164023	0.337886
0.395582	0.830723
0.466274	4.072908
0.427990	0.314572
0.553050	0.406492
0.479673	0.160690
0.104520	0.151031
0.156306	0.348562
0.142420	0.167344
0.129769	0.179730
0.424506	0.810806
0.207551	0.140097
0.295737	0.245462
0.223189	0.454189
0.105546	0.135098
0.145838	0.344906
0.190022	0.225176
0.122808	0.405880
0.078622	0.108892
0.103804	0.115741
0.081190	0.095804
0.096505	0.141380
0.061526	0.076292
0.151879	0.186052
0.216051	0.478553
0.153410	0.391962
0.272607	0.877796
0.137896	0.365424
0.084228	0.149083
0.084971	0.127882
0.122052	0.211760
0.094875	0.264703
0.092281	0.150419
0.172835	0.261845
0.120897	0.174092
0.087657	0.276996
0.045903	0.133808
0.078117	0.165998
0.084173	0.123313
0.058433	0.075087
0.206814	0.313323
0.117177	0.280639
0.110660	0.248432
0.138219	0.145130
0.096949	0.172084
0.210900	0.547284
0.091432	0.179664
0.124859	0.120489
0.204488	0.226982
0.181667	0.332451
0.075539	0.130304
0.086667	0.112234
0.063169	0.081488
0.120662	0.100149
0.154659	0.219616
0.111823	0.205196
0.083326	0.126239
0.168015	0.612414
0.111874	0.364148
0.097276	0.176556
0.103791	0.107424
0.085794	0.116251
0.177331	0.234963
0.212624	0.245580
0.100257	0.110784
0.090030	0.148099
0.096185	0.098590
0.218982	0.287961
0.149328	0.298655
0.290660	1.014404
0.233860	0.320388
0.127834	0.093958
0.112686	0.141422
0.165733	0.144188
0.063358	0.095670
0.071664	0.091014
0.157607	0.136330
0.091158	0.090703
0.129976	0.165719
0.167754	0.156850
0.230486	0.231638
0.143135	0.356406
0.166480	0.184793
0.195974	0.366472
0.259654	0.710153
0.135889	0.228972
0.138285	0.186684
0.134647	0.186487
0.104663	0.178450
0.086930	0.068240
0.134267	0.091302
0.082064	0.064010
0.086725	0.120981
0.233245	0.794200
0.210848	0.286753
0.194185	0.159231
0.203813	0.121269
0.142003	0.150523
0.126718	0.113413
0.246708	0.789465
0.131591	0.102641
0.113911	0.151501
0.139595	0.226842
0.113277	0.185208
0.129526	0.132765
0.243193	0.204282
0.096403	0.143159
0.171795	0.637358
0.273783	0.391510
0.168563	0.239359
0.098961	0.109847
0.121978	0.242737
0.080434	0.100945
0.102533	0.152262
0.110618	0.183073
0.096933	0.328119
0.069829	0.116266
0.081515	0.181779
0.051232	0.107588
0.082603	0.204442
0.074622	0.148497
0.056655	0.089798
0.080497	0.224586
0.086178	0.182697
0.074572	0.116705
0.094825	0.129437
0.061176	0.100328
0.126789	0.131861
0.071554	0.155988
0.129093	0.182667
0.300384	0.518162
0.123012	0.121782
0.131284	0.194300
0.129663	0.144574
0.157693	0.415522
0.081075	0.118369
0.121393	0.540198
0.125933	0.202752
0.259038	0.529732
0.163805	0.148243
0.108832	0.211678
0.106244	0.126961
0.221761	1.094392
0.286061	0.250303
0.117558	0.269795
0.257838	0.376444
0.206492	0.390270
0.220910	0.281661
0.151920	0.130651
0.150149	0.155404
0.131292	0.189060
0.189048	0.187158
0.152296	0.252050
0.081815	0.223764
0.102194	0.244755
0.056901	0.167573
0.100378	0.273027
0.047615	0.094277
0.108975	0.117149
0.194435	0.815655
0.129321	0.138374
0.052865	0.078504
0.081685	0.136413
0.075847	0.145247
0.102473	0.118356
0.124964	0.325532
0.095295	0.134842
0.085458	0.138869
0.120781	0.226465
0.104837	0.141006
0.104576	0.105621
0.100963	0.191324
0.199248	0.487161
0.109087	0.165266
0.134851	0.200928
0.155493	0.525566
0.191061	0.319072
0.085403	0.102910
0.179372	0.283408
0.163459	0.469943
0.158959	0.326660
0.219481	0.424695
0.122754	0.229550
0.186585	0.594274
0.111889	0.180700
0.167072	0.332474
0.087573	0.084508
0.094230	0.146528
0.198773	0.340896
0.176316	0.236263
0.193005	0.154404
0.121222	0.150921
0.213122	0.291977
0.237289	0.452035
0.173808	0.266795
0.128803	0.144259
0.122339	0.136408
0.126139	0.220743
0.201648	1.415569
0.195073	0.254570
0.081619	0.128551
0.157489	0.439394
0.047563	0.082285
0.087758	0.116719
0.121981	0.120151
0.117971	0.248918
0.076982	0.147420
0.120791	0.481350
0.121335	0.153489
0.199599	0.281435
0.217518	0.188153
0.225971	0.210153
0.282212	0.400742
0.135774	0.137811
0.218637	0.188028
0.343721	0.737282
0.239318	0.302737
0.170787	0.406472
0.134650	0.154847
0.081961	0.076633
0.139690	0.086608
0.277163	1.061534
0.073063	0.070506
0.123836	0.187612
0.136174	0.130046
0.126159	0.095881
0.122980	0.284085
0.121940	0.265830
0.109795	0.084543
0.074593	0.081679
0.114985	0.514559
0.166485	0.337964
0.150588	0.272564
0.093358	0.186715
0.081877	0.103984
0.199229	0.203213
0.132879	0.289676
0.113090	0.182075
0.313616	0.337137
0.261829	0.251356
0.194499	0.353988
0.119719	0.189156
0.154042	0.398970
0.090560	0.153951
0.110838	0.130235
0.127329	0.105047
0.203332	0.198249
0.125468	0.159345
0.180636	0.413657
0.127903	0.170751
0.186474	0.110952
0.100173	0.178307
0.132236	0.219512
0.165727	0.275107
0.106624	0.130614
0.150361	0.215017
0.104617	0.116124
0.114170	0.251745
0.224278	0.388001
0.168255	0.124509
0.110265	0.131215
0.123373	0.276972
0.065472	0.134872
0.115961	0.230763
0.123563	0.231062
0.130289	0.303573
0.201045	0.234218
0.176341	0.173696
0.086740	0.085005
0.161641	0.178613
0.181043	0.326784
0.082661	0.213266
0.181134	0.132228
0.147749	0.279246
0.183462	0.827412
0.096503	0.124971
0.086372	0.101487
0.167739	0.348059
0.137882	0.348152
0.065592	0.073136
0.191091	0.185358
0.117429	0.154419
0.143130	0.203245
0.211611	0.150244
0.122714	0.153393
0.418028	0.622861
0.291425	0.244797
0.300068	0.348078
0.182406	0.409501
0.125906	0.159900
0.164061	0.305973
0.271181	0.237284
0.501109	0.553726
0.283372	1.175992
0.087784	0.100513
0.232579	0.398872
0.198355	0.165626
0.392114	0.719530
0.292378	0.206126
0.349285	0.560602
0.193899	0.313147
0.146672	0.170873
0.155108	0.177599
0.260374	0.170545
0.157172	0.171317
0.212713	0.314816
0.238179	0.373941
0.141024	0.197434
0.098818	0.075596
0.132320	0.113796
0.191701	0.135149
0.171670	0.215446
0.076993	0.100476
0.177595	0.204235
0.138437	0.310792
0.204869	0.205894
0.116000	0.152540
0.161035	0.185996
0.153692	0.158303
0.149855	0.332679
0.129127	0.287308
0.141505	0.116741
0.157439	0.144056
0.090018	0.108021
0.285393	0.209764
0.166287	0.303473
0.214311	0.262531
0.183434	0.105475
0.239410	0.160405
0.151534	0.116681
0.093827	0.099926
0.289107	0.407641
0.335806	0.626277
0.210381	0.499655
0.112718	0.102573
0.112051	0.084598
0.161287	0.313703
0.333717	0.387112
0.120810	0.132891
0.135943	0.247416
0.214352	0.162908
0.197731	0.551670
0.067664	0.066649
0.095362	0.167360
0.088213	0.090418
0.141882	0.231268
0.195091	0.188263
0.232933	0.433256
0.171364	0.244194
0.243644	0.309428
0.237504	0.331318
0.105244	0.117873
0.147716	0.190554
0.133345	0.142012
0.269700	0.311504
0.229276	0.311816
0.193598	0.151974
0.231764	0.473957
0.209744	0.124798
0.154291	0.100289
0.167284	0.115426
0.302961	0.431719
0.111568	0.082003
0.201117	0.291619
0.172150	0.189365
0.127020	0.217203
0.220285	0.240111
0.141314	0.493187
0.164705	0.379645
0.196874	0.279561
0.244603	0.341221
0.156275	0.257073
0.235627	0.300425
0.182650	0.151599
0.145618	0.208962
0.157550	0.336369
0.217025	0.450327
0.170316	0.200122
0.173336	0.147336
0.278833	0.262103
0.102525	0.122518
0.175919	0.095876
0.086462	0.101161
0.248818	0.359541
0.167568	0.382894
0.142917	0.554518
0.137788	0.170857
0.212803	0.191523
0.202456	0.323929
0.136746	0.147685
0.148340	0.092713
0.113558	0.174312
0.126323	0.210328
0.139717	0.337416
0.144570	0.182158
0.095129	0.082762
0.103947	0.155920
0.212711	0.546668
0.149139	0.151376
0.090765	0.075335
0.301040	0.322113
0.135704	0.155381
0.185897	0.390385
0.203866	0.824640
0.204033	0.166287
0.122086	0.125749
0.140568	0.157436
0.083713	0.120965
0.157446	0.195233
0.109523	0.095285
0.151484	0.268885
0.061073	0.098327
0.098113	0.236944
0.056982	0.076926
0.148755	0.827079
0.103564	0.200914
0.062392	0.108250
0.072418	0.093057
0.088973	0.284715
0.160597	0.264182
0.101416	0.260132
0.110960	0.144803
0.085210	0.114181
0.077070	0.099805
0.097954	0.189050
0.138479	0.554610
0.115152	0.206122
0.185068	0.446940
0.082522	0.119245
0.112223	0.256429
0.187540	0.175350
0.152249	0.367681
0.216640	0.423532
0.220761	0.502231
0.076508	0.111319
0.089295	0.232613
0.141943	0.221431
0.070200	0.124957
0.094940	0.155702
0.077580	0.149728
0.120952	0.153004
0.121070	0.205819
0.070867	0.083623
0.195078	0.461359
0.119882	0.159443
0.228833	1.022883
0.107862	0.111098
0.088989	0.096998
0.094933	0.108224
0.193110	0.168971
0.124343	0.136778
0.089610	0.131727
0.092550	0.217494
0.071223	0.084399
0.235636	0.346385
0.145449	0.221810
0.133004	0.137659
0.145816	0.188102
0.173826	0.188601
0.124890	0.157362
0.084166	0.097633
0.066751	0.114478
0.132907	0.176102
0.235598	0.621978
0.133526	0.142205
0.081339	0.160237
0.126697	0.236923
0.107358	0.145470
0.091781	0.144096
0.170157	0.445810
0.070219	0.152376
0.043766	0.072651
0.065381	0.152339
0.055795	0.082298
0.070463	0.124720
0.053816	0.072383
0.177030	0.765656
0.178717	0.484324
0.063066	0.126133
0.163732	0.312728
0.118250	0.299765
0.080027	0.100034
0.055990	0.099383
0.112773	0.105443
0.078408	0.106635
0.134790	0.584991
0.072165	0.149742
0.042183	0.142156
0.204784	0.244717
0.209426	0.143457
0.079829	0.077434
0.285444	0.656520
0.126623	0.139285
0.118072	0.198952
0.269451	0.175143
0.145927	0.129145
0.296778	0.197357
0.196574	0.519937
0.085811	0.190499
0.163204	0.204006
0.217385	0.395641
0.167573	0.459988
0.165524	0.105108
0.252390	0.243557
0.231431	0.394589
0.085082	0.150169
0.150922	0.362967
0.163043	0.171195
0.109261	0.172633
0.091943	0.154464
0.224843	0.437320
0.167811	0.216476
0.081535	0.152877
0.159929	0.359042
0.106185	0.092381
0.180435	0.100142
0.327009	0.380965
0.163813	0.272748
0.264058	0.178239
0.277044	0.403100
0.163834	0.291624
0.273148	0.640532
0.178216	0.227226
0.148246	0.091912
0.281177	0.334600
0.141981	0.119264
0.093735	0.080144
0.207284	0.137844
0.278362	0.285321
0.165597	0.163113
0.291636	0.331007
0.315969	0.289111
0.255776	0.196948
0.160560	0.154138
0.412230	0.513226
0.239705	0.366748
0.277576	0.423303
0.251017	0.510819
0.174654	0.294292
0.229265	0.645381
0.094984	0.106382
0.158452	0.158452
0.230919	0.208982
0.186450	0.347730
0.208204	0.377891
0.215928	1.035377
0.245123	0.291697
0.113427	0.106621
0.136658	0.143491
0.145745	0.185096
0.137763	0.160494
0.118112	0.249807
0.138566	0.193300
0.077688	0.089729
0.127315	0.162327
0.109109	0.223674
0.105646	0.189635
0.252986	0.298524
0.148420	0.265672
0.253088	0.745344
0.099332	0.123171
0.095665	0.142540
0.103365	0.170036
0.144045	0.387481
0.180121	0.555675
0.105913	0.185877
0.117498	0.114561
0.104353	0.171138
0.164822	0.294207
0.099715	0.097721
0.184880	0.230175
0.128236	0.142983
0.251044	0.223429
0.345403	1.277990
0.073449	0.082630
0.135985	0.172701
0.126997	0.141602
0.129251	0.101462
0.118212	0.098116
0.197714	1.072600
0.092982	0.089728
0.182988	0.345848
0.268768	0.342679
0.337602	1.112400
0.130537	0.151423
0.240413	0.476018
0.102616	0.122113
0.200727	0.122443
0.144854	0.172377
0.132423	0.146990
0.075993	0.093471
0.151229	0.270699
0.183834	0.234388
0.104349	0.146610
0.146345	0.159516
0.089699	0.257436
0.091333	0.120559
0.072227	0.135786
0.125395	0.124768
0.085696	0.115261
0.209828	0.270678
0.097519	0.185774
0.091589	0.126851
0.128493	0.228075
0.117720	0.105948
0.069788	0.076069
0.063228	0.078403
0.141148	0.315467
0.232527	1.339354
0.087497	0.082684
0.180036	0.286257
0.118914	0.114157
0.121486	0.151250
0.147767	0.185448
0.105198	0.116244
0.097252	0.185265
0.070864	0.172909
0.145612	0.179830
0.180425	0.418587
0.233831	0.494552
0.064862	0.136535
0.076136	0.083750
0.136849	0.318858
0.080860	0.158485
0.075699	0.126795
0.086682	0.130023
0.116121	0.242112
0.081993	0.222612
0.224830	0.370970
0.206316	0.371368
0.155022	0.199204
0.113208	0.150566
0.160521	0.252821
0.144078	0.180818
0.084868	0.154883
0.068961	0.102407
0.245923	0.220101
0.083396	0.097157
0.078428	0.097643
0.125886	0.226594
0.125696	0.199228
0.076030	0.117846
0.057524	0.129140
0.065276	0.122392
0.158985	0.216219
0.100405	0.173701
0.089439	0.121637
0.061430	0.090609
0.070428	0.118320
0.081237	0.148257
0.182095	0.198484
0.111444	0.137076
0.182692	0.791968
0.204452	0.660380
0.156225	0.122636
0.124941	0.227393
0.081630	0.129792
0.151430	0.232445
0.151972	0.829765
0.110856	0.198986
0.079211	0.156837
0.136662	0.147595
0.151976	0.296353
0.144914	0.186214
0.144201	0.565266
0.085112	0.178310
0.178603	0.444722
0.121233	0.252771
0.067331	0.102007
0.055111	0.099476
0.123262	0.306922
0.137359	0.377052
0.196082	0.294123
0.216238	0.156773
0.098141	0.111390
0.173901	0.301719
0.104511	0.085177
0.186211	0.104278
0.399388	0.573122
0.207095	0.241265
0.122788	0.146731
0.141742	0.153790
0.195288	0.331013
0.105876	0.176813
0.079357	0.149587
0.114017	0.140241
0.056024	0.150986
0.089306	0.339809
0.086392	0.215980
0.154304	0.347954
0.112098	0.135079
0.103324	0.506286
0.070343	0.368245
0.107407	0.191184
0.206338	0.362123
0.109275	0.209807
0.203462	0.231947
0.146812	0.113779
0.350931	1.205449
0.204983	0.413041
0.097614	0.079067
0.127440	0.261251
0.157840	0.156262
0.172982	0.401318
0.194973	0.185224
0.200261	0.537700
0.134121	0.175028
0.183353	0.115512
0.074898	0.082014
0.118551	0.093655
0.077851	0.093421
0.172269	0.178299
0.182600	0.531365
0.090755	0.152015
0.099923	0.142890
0.107490	0.221428
0.132483	0.160967
0.097073	0.107751
0.091862	0.207148
0.243851	0.604750
0.126642	0.257716
0.138244	0.204601
0.157168	0.108446
0.307690	0.739995
0.319643	0.234938
0.169582	0.166190
0.098551	0.203015
0.162815	0.129438
0.195314	0.185548
0.148702	0.220822
0.190407	0.162798
0.128127	0.251769
0.110557	0.166941
0.095957	0.173683
0.144510	0.275291
0.106041	0.109222
0.113795	0.131433
0.103272	0.106370
0.115473	0.177829
0.200359	0.197354
0.202703	0.339528
0.144440	0.166106
0.142692	0.174084
0.194942	0.464936
0.248234	0.378557
0.084290	0.087662
0.263952	0.316743
0.138020	0.169764
0.304484	0.220751
0.205417	0.300936
0.093267	0.085339
0.378190	0.181531
0.280024	0.554448
0.273336	0.189969
0.336804	0.227343
0.314443	0.174516
0.347938	0.387951
0.162198	0.150033
0.166685	0.194188
0.204918	0.252049
0.354540	0.276541
0.290595	0.302218
0.141369	0.167523
0.249653	0.209709
0.175994	0.300949
0.125025	0.096269
0.305097	0.408830
0.189206	0.323541
0.161340	0.185541
0.193041	0.199797
0.125005	0.216883
0.086081	0.179478
0.121284	0.086718
0.091730	0.167408
0.145324	0.465764
0.168887	0.412929
0.100038	0.081531
0.179479	0.331139
0.110169	0.095296
0.157084	0.237982
0.060601	0.096962
0.127222	0.173657
0.090454	0.197189
0.167452	0.367558
0.106213	0.109399
0.135755	0.243680
0.092260	0.133778
0.084519	0.110297
0.199123	0.158303
0.179340	0.276184
0.175736	0.290844
0.157854	0.209946
0.253632	0.823037
0.316878	0.218646
0.317635	1.442065
0.181233	0.321689
0.160588	0.294679
0.161256	0.171737
0.116913	0.094700
0.191335	0.346317
0.200826	0.348433
0.245948	0.440248
0.271217	0.216974
0.324198	0.249632
0.480254	0.852450
0.135016	0.078309
0.242867	0.131148
0.246716	0.347870
0.199020	0.306491
0.305763	0.324109
0.294445	0.292973
0.178522	0.376681
0.152423	0.286555
0.141184	0.301429
0.201249	0.160999
0.268374	1.089600
0.111266	0.093464
0.128493	0.129135
0.274666	0.712758
0.288142	0.533062
0.159312	0.129043
0.242626	0.235348
0.289165	0.779301
0.341941	0.176100
0.337099	0.303389
0.142047	0.095882
0.099161	0.073379
0.179019	0.145006
0.229983	0.481814
0.268017	0.322960
0.292188	0.489416
0.227860	0.569649
0.387379	0.435802
0.299365	0.869656
0.150560	0.109909
0.263487	0.716685
0.118631	0.150662
0.134441	0.127046
0.277103	0.336680
0.191230	0.253379
0.176189	0.252831
0.207891	0.413703
0.164516	0.181790
0.260293	0.476336
0.260636	0.224147
0.090399	0.109835
0.103493	0.144891
0.204139	0.549134
0.151350	0.188431
0.059246	0.089758
0.114368	0.160115
0.099129	0.179920
0.110174	0.098606
0.195199	0.213743
0.174108	0.195000
0.140743	0.165373
0.130078	0.169751
0.288072	0.478200
0.088807	0.159853
0.169522	0.209360
0.049533	0.096093
0.174554	0.147498
0.101793	0.201551
0.053345	0.115759
0.229027	0.543940
0.049030	0.084823
0.065064	0.124272
0.161984	0.304530
0.222152	0.489845
0.151601	0.250142
0.203670	0.420578
0.203072	0.428483
0.222766	0.339719
0.281008	0.473498
0.118608	0.155970
0.222097	0.364239
0.166944	0.245407
0.204562	0.365143
0.174264	0.265753
0.048237	0.085379
0.185475	0.278213
0.145599	0.867041
0.119548	0.258224
0.145768	0.503628
0.049812	0.115067
0.091238	0.143700
0.082901	0.084559
0.071043	0.137468
0.096844	0.157856
0.130862	0.197602
0.088284	0.153615
0.091227	0.280524
0.075480	0.144921
0.094993	0.162438
0.102962	0.130762
0.127755	0.093900
0.092565	0.071275
0.088948	0.185456
0.059756	0.094415
0.098286	0.199520
0.094523	0.178176
0.090625	0.132313
0.092956	0.121773
0.138041	0.160128
0.077746	0.087076
0.160357	0.360002
0.158749	0.327816
0.123496	0.102501
0.085349	0.144239
0.163880	0.361355
0.103451	0.154142
0.134593	0.177662
0.191704	0.263593
0.108353	0.096976
0.189144	0.311142
0.216428	0.499949
0.124912	0.202982
0.138663	0.233647
0.096370	0.120463
0.104965	0.167419
0.101721	0.099178
0.107460	0.198800
0.140152	0.145758
0.259007	0.205910
0.144188	0.142746
0.243923	0.270754
0.208061	0.269438
0.131755	0.177210
0.153582	0.165101
0.266380	0.274371
0.107134	0.133917
0.267184	0.360699
0.131562	0.270359
0.147876	0.088726
0.308966	0.327504
0.160870	0.099739
0.104182	0.075011
0.197143	0.573686
0.088390	0.083971
0.293174	0.208154
0.180622	0.152626
0.090311	0.080377
0.121704	0.091887
0.176582	0.217195
0.216222	0.543799
0.152718	0.155772
0.161887	0.255781
0.101513	0.148208
0.173634	0.261320
0.161119	0.291625
0.081911	0.077816
0.145840	0.179384
0.166747	0.115889
0.166821	0.482113
0.156927	0.290316
0.227491	0.208154
0.091190	0.119915
0.162942	0.224860
0.122399	0.216034
0.167153	0.118679
0.190525	0.150514
0.129065	0.151006
0.223070	0.404873
0.096260	0.160272
0.102404	0.097284
0.161952	0.167621
0.253849	0.220848
0.115536	0.160018
0.227625	0.611173
0.113422	0.090738
0.198652	0.330756
0.097451	0.133021
0.136735	0.318593
0.207973	0.231890
0.104789	0.146705
0.207211	0.303565
0.125645	0.172134
0.233631	0.184568
0.091354	0.116020
0.171180	0.130097
0.209060	0.188154
0.102996	0.170974
0.127407	0.225510
0.123466	0.116675
0.249992	0.551233
0.194861	0.160761
0.191247	0.261052
0.222604	0.250429
0.231972	0.368836
0.138199	0.183805
0.225162	0.282578
0.189673	0.168809
0.127543	0.252536
0.097109	0.089826
0.140606	0.150448
0.084905	0.104434
0.239752	0.463919
0.092227	0.102833
0.096298	0.112188
0.265153	0.294320
0.135046	0.191090
0.102747	0.088876
0.125018	0.164399
0.256532	0.373253
0.115578	0.110955
0.122285	0.125953
0.186602	0.228587
0.197721	0.288673
0.290115	0.145058
0.314235	0.182256
0.134847	0.149680
0.107541	0.160774
0.206319	0.129981
0.197110	0.280881
0.087553	0.126514
0.163156	0.141130
0.157762	0.160128
0.232227	0.155592
0.108269	0.162404
0.174669	0.349337
0.211922	0.165300
0.169208	0.249582
0.193438	0.450711
0.119008	0.287404
0.173952	0.327900
0.089770	0.075856
0.193082	0.197909
0.271051	0.285959
0.239042	0.236652
0.190468	0.300940
0.187637	0.304910
0.193587	0.227464
0.231530	0.490844
0.115146	0.090389
0.127839	0.166830
0.215920	0.214841
0.105890	0.163600
0.091972	0.100249
0.127906	0.235347
0.082309	0.086836
0.201380	0.443036
0.115195	0.112891
0.194081	0.192140
0.256911	0.278749
0.257411	0.250975
0.272498	0.359698
0.330599	0.251255
0.186802	0.180263
0.274465	0.580493
0.357994	0.295345
0.163775	0.135933
0.214703	0.425113
0.157820	0.135725
0.220961	0.543564
0.230974	0.252917
0.177710	0.128840
0.324517	0.150900
0.288564	0.496330
0.222299	0.264536
0.191723	0.206102
0.254599	0.117115
0.159882	0.190260
0.278624	0.401219
0.212983	0.186360
0.164192	0.164192
0.431051	0.706924
0.156405	0.250248
0.251784	0.584139
0.247838	0.327146
0.244649	0.424466
0.158794	0.250101
0.212365	0.244219
0.256109	0.980896
0.082357	0.066709
0.105520	0.083889
0.278813	0.126860
0.186287	0.375368
0.271162	0.336241
0.198240	0.481723
0.124958	0.206805
0.085412	0.095234
0.086065	0.116187
0.174124	0.492772
0.118686	0.104444
0.120222	0.143666
0.115471	0.171474
0.126004	0.110884
0.125775	0.160991
0.175710	0.338241
0.174118	0.141906
0.166463	0.367884
0.102323	0.151439
0.129006	0.129651
0.088942	0.125853
0.175130	0.114710
0.148448	0.497300
0.123792	0.392421
0.163767	0.203071
0.086941	0.088679
0.104193	0.095858
0.156231	0.156231
0.212190	0.270542
0.174144	0.324779
0.111551	0.148921
0.170902	0.211919
0.116775	0.244643
0.225199	0.200427
0.110546	0.107783
0.135473	0.293976
0.278699	0.271732
0.253797	0.474601
0.121022	0.210579
0.093055	0.248921
0.296791	0.779076
0.131922	0.099601
0.106212	0.137544
0.276758	0.375008
0.113602	0.286277
0.241881	0.175364
0.101875	0.151284
0.095622	0.134826
0.086932	0.107362
0.080119	0.088532
0.051428	0.075085
0.108177	0.295322
0.081917	0.097891
0.109009	0.222923
0.160152	0.158551
0.137656	0.272559
0.116755	0.146528
0.244030	0.390447
0.129758	0.213451
0.121609	0.153227
0.066103	0.130884
0.146691	0.232505
0.083216	0.186821
0.078362	0.097169
0.141137	0.348609
0.231572	0.328832
0.252415	0.410175
0.206048	0.359554
0.207410	0.582821
0.245596	0.255420
0.152078	0.145235
0.195587	0.272845
0.246161	0.861565
0.116077	0.255370
0.317768	0.560860
0.232840	0.239826
0.141734	0.197010
0.179052	0.791412
0.063131	0.086174
0.063100	0.075404
0.182543	0.305760
0.176019	0.139055
0.109315	0.172717
0.079055	0.133208
0.120210	0.206161
0.092315	0.266790
0.082297	0.120565
0.055175	0.108695
0.094451	0.181819
0.104654	0.124015
0.110939	0.180276
0.088899	0.164464
0.175522	0.133397
0.133714	0.131709
0.157877	0.263654
0.119992	0.208185
0.096116	0.155707
0.098227	0.092825
0.078592	0.196480
0.125239	0.274273
0.115469	0.199762
0.155422	0.146874
0.110182	0.158111
0.091304	0.146543
0.094726	0.131670
0.144891	0.102148
0.184841	0.485209
0.135152	0.150019
0.162143	0.143496
0.074155	0.073043
0.106874	0.173136
0.123751	0.163352
0.207078	0.256777
0.124651	0.221880
0.173185	0.359358
0.091969	0.089210
0.231947	0.256301
0.211095	0.250148
0.165026	0.164201
0.227257	0.144308
0.161525	0.256825
0.169364	0.226101
0.092960	0.072044
0.129181	0.147266
0.162035	0.292473
0.101362	0.175864
0.234435	0.164105
0.132332	0.177986
0.141707	0.283414
0.081306	0.147570
0.142466	0.330521
0.156609	0.242743
0.091497	0.128554
0.125196	0.376215
0.196525	0.315423
0.153486	0.163462
0.110321	0.160517
0.128628	0.221240
0.167328	0.231749
0.238736	0.156372
0.345705	0.779565
0.108815	0.130034
0.236651	0.421238
0.100653	0.081529
0.135734	0.128268
0.095014	0.132069
0.149199	0.165611
0.081653	0.094309
0.140908	0.336769
0.156307	0.276663
0.106997	0.179755
0.155772	0.303755
0.180226	0.212667
0.238592	0.152699
0.138172	0.661152
0.155236	0.173088
0.140194	0.198374
0.087351	0.172518
0.161132	0.179663
0.207056	0.265032
0.122645	0.122645
0.131027	0.344601
0.120136	0.150170
0.076902	0.094974
0.094592	0.129591
0.089982	0.100780
0.170289	0.234999
0.131808	0.140376
0.193148	0.488665
0.112532	0.171612
0.195642	0.374654
0.127826	0.102261
0.136008	0.387623
0.089680	0.120620
0.197580	0.221289
0.172950	1.037699
0.049725	0.099450
0.251611	0.605125
0.095907	0.320329
0.244783	0.257022
0.086366	0.107094
0.066412	0.115556
0.149323	0.229211
0.084910	0.211426
0.093241	0.139861
0.082081	0.084543
0.148507	0.311864
0.052804	0.076038
0.107034	0.165368
0.123068	0.139682
0.098988	0.132643
0.129212	0.129858
0.096711	0.190520
0.142454	0.198011
0.093539	0.268926
0.098813	0.196639
0.099644	0.169394
0.133088	0.128430
0.121665	0.121665
0.100181	0.224907
0.095779	0.153246
0.160843	0.179340
0.116868	0.116283
0.092193	0.193145
0.213159	0.187580
0.052489	0.084245
0.153314	0.610958
0.036305	0.106375
0.095356	0.187852
0.133258	0.523705
0.122411	0.190962
0.160506	0.243969
0.118483	0.211493
0.141488	0.260339
0.104081	0.274253
0.114303	0.158310
0.195133	0.198060
0.197167	0.254345
0.120978	0.154246
0.116321	0.200072
0.129185	0.280332
0.198492	0.183606
0.079878	0.088265
0.068729	0.103093
0.216626	0.281614
0.061092	0.115159
0.090724	0.119302
0.072887	0.108237
0.107563	0.144672
0.110197	0.311858
0.061541	0.076311
0.070355	0.088295
0.077875	0.123432
0.165242	0.306524
0.073781	0.101817
0.060397	0.076100
0.133799	0.390692
0.273610	0.336541
0.186073	0.728477
0.078618	0.155665
0.157373	0.157373
0.076266	0.139948
0.077649	0.271771
0.065887	0.110690
0.132769	0.362461
0.076843	0.193259
0.204560	0.347752
0.092899	0.122627
0.144805	0.245445
0.232757	0.398014
0.191274	0.372028
0.118916	0.188483
0.085188	0.097966
0.119415	0.148671
0.083007	0.088818
0.124929	0.168654
0.194399	0.657070
0.164590	0.150600
0.070017	0.335730
0.156378	0.118066
0.232856	0.136221
0.429336	0.802859
0.184019	0.239225
0.151773	0.101688
0.161390	0.117815
0.182235	0.143966
0.135807	0.124942
0.375027	0.480035
0.136865	0.104702
0.163286	0.167368
0.214946	0.307373
0.114737	0.196201
0.160781	0.233936
0.136121	0.191931
0.135497	0.104332
0.167001	0.163661
0.095791	0.110638
0.274920	0.443996
0.124334	0.446359
0.102020	0.089267
0.090966	0.173290
0.103109	0.221684
0.196286	1.571268
0.248582	0.586654
0.096103	0.260440
0.137287	0.241625
0.062054	0.083772
0.129048	0.096786
0.084704	0.121974
0.091093	0.163512
0.112346	0.176945
0.142912	0.260099
0.136692	0.230326
0.174135	0.656489
0.140191	0.188556
0.100545	0.189024
0.132030	0.145894
0.074952	0.093690
0.107521	0.184398
0.073212	0.106889
0.097561	0.100487
0.195678	0.307215
0.124594	0.147021
0.108777	0.185465
0.093828	0.148718
0.097866	0.147778
0.145954	0.338614
0.138967	0.105615
0.198230	0.288424
0.099670	0.113624
0.102315	0.219978
0.090193	0.147917
0.155247	0.181639
0.078567	0.082496
0.076440	0.142179
0.143985	0.200859
0.131250	0.207375
0.140228	0.347765
0.072281	0.075895
0.167231	0.308542
0.186635	0.312613
0.129203	0.160858
0.166012	0.322063
0.179106	0.720903
0.199936	0.307902
0.123988	0.135767
0.098169	0.113385
0.109060	0.255746
0.149224	0.172354
0.189572	0.727008
0.157154	0.146153
0.120917	0.142682
0.116200	0.175462
0.168373	0.236565
0.210164	0.262705
0.114910	0.155129
0.172231	0.266958
0.078344	0.082261
0.064250	0.086417
0.089221	0.117326
0.155247	0.237528
0.182294	0.407427
0.199077	0.304587
0.099879	0.199759
0.102749	0.187518
0.139221	0.139917
0.055255	0.121837
0.066080	0.108701
0.072170	0.187642
0.141628	0.227314
0.116402	0.183333
0.256971	0.582039
0.179310	0.144344
0.159428	0.766053
0.276881	1.258423
0.175337	0.155173
0.110825	0.184524
0.073852	0.136626
0.139556	0.386571
0.150162	0.283806
0.124522	0.608911
0.042580	0.100702
0.126469	0.238394
0.044457	0.105808
0.172951	0.274992
0.104160	0.110931
0.104638	0.365709
0.102862	0.156351
0.125006	0.170633
0.086087	0.139030
0.201855	0.403710
0.114484	0.142532
0.089199	0.141827
0.098812	0.239619
0.076681	0.294454
0.166255	0.182880
0.163784	0.570787
0.119890	0.137274
0.112025	0.105303
0.231803	0.329160
0.327441	0.230846
0.495463	0.143684
0.347551	0.232859
0.359419	0.149159
0.559290	0.455821
0.175478	0.105287
0.123269	0.118338
0.218039	0.218039
0.199258	0.340731
0.232202	0.415642
0.218994	0.308781
0.171470	0.275209
0.169048	0.234132
0.129446	0.159218
0.127185	0.200953
0.171814	0.548945
0.053357	0.100311
0.066257	0.177568
0.056685	0.083610
0.069270	0.315873
0.049601	0.098706
0.066728	0.111102
0.106395	0.173955
0.222163	0.458766
0.131907	0.256560
0.157247	0.231939
0.090053	0.148587
0.070566	0.091030
0.065130	0.161521
0.053276	0.074586
0.154540	0.309080
0.125455	0.225192
0.118991	0.141600
0.212694	0.151013
0.130971	0.172881
0.084415	0.136752
0.116928	0.164284
0.100436	0.108973
0.136734	0.183224
0.094880	0.138051
0.127372	0.144567
0.089966	0.262702
0.110727	0.253565
0.158044	0.358759
0.058791	0.226050
0.095976	0.269692
0.074723	0.150941
0.132485	0.208002
0.060130	0.113346
0.139682	0.189270
0.090624	0.275497
0.107343	0.110564
0.114235	0.283302
0.167921	0.386219
0.143193	0.168968
0.078497	0.118137
0.057222	0.099280
0.079925	0.124283
0.096061	0.246878
0.064831	0.110212
0.177669	0.378435
0.170978	0.188931
0.187339	0.470220
0.102593	0.196978
0.129626	0.316288
0.117272	0.191740
0.119202	0.174035
0.090630	0.300439
0.169955	0.375600
0.180045	0.388896
0.176630	0.378871
0.133382	1.345821
0.162070	0.273898
0.068683	0.095470
0.115940	0.279996
0.159494	0.144342
0.138528	0.117749
0.144187	0.193211
0.161887	0.290587
0.280830	0.661354
0.084215	0.152429
0.093534	0.180521
0.106813	0.149538
0.106341	0.204175
0.043632	0.083337
0.060080	0.113852
0.079828	0.107767
0.089217	0.214568
0.089407	0.150651
0.097078	0.307739
0.065644	0.096168
0.187974	0.277262
0.086075	0.117492
0.106972	0.124622
0.050216	0.182534
0.097818	0.223515
0.162215	0.518277
0.091469	0.132173
0.111325	0.271077
0.081062	0.230215
0.072710	0.121790
0.056403	0.159620
0.118547	0.204494
0.130334	0.144671
0.112442	0.124810
0.109793	0.164140
0.091746	0.224778
0.158524	0.272661
0.136700	0.162673
0.060517	0.086842
0.136620	0.251381
0.101123	0.233594
0.102017	0.196382
0.154817	0.275575
0.208686	0.113734
0.100998	0.104533
0.135764	0.333300
0.103638	0.102602
0.067089	0.095937
0.073613	0.077662
0.064560	0.092643
0.067440	0.134879
0.124855	0.216624
0.093124	0.143412
0.187683	0.646566
0.119848	0.133631
0.080179	0.099423
0.164710	0.353302
0.129425	0.291852
0.086090	0.094699
0.110936	0.237404
0.057305	0.073924
0.049456	0.117705
0.163715	0.221833
0.155111	0.431209
0.056471	0.102494
0.196600	0.520007
0.177037	0.392137
0.060786	0.107896
0.083157	0.099789
0.156153	0.322456
0.064925	0.102582
0.090819	0.210701
0.081493	0.152392
0.076132	0.132089
0.137284	0.835372
0.231048	0.499064
0.110234	0.148816
0.098808	0.189711
0.062763	0.085358
0.097476	0.135004
0.083415	0.148895
0.101660	0.262792
0.160051	0.441740
0.178133	0.273434
0.162595	0.403235
0.067742	0.246581
0.118741	0.561643
0.036049	0.116979
0.075630	0.168276
0.029844	0.109825
0.061463	0.192685
0.161509	0.276988
0.163909	0.294217
0.049182	0.100576
0.040003	0.125009
0.054825	0.276593
0.072608	0.188055
0.094197	0.155896
0.066301	0.122988
0.070453	0.158871
0.059167	0.131942
0.182981	0.461113
0.164803	0.369983
0.167037	0.273941
0.164684	0.322780
0.064221	0.151561
0.129103	0.356971
0.176971	0.266341
0.067453	0.142663
0.106483	0.157595
0.137175	0.413583
0.222863	0.901479
0.152811	0.268947
0.129250	0.449790
0.096930	0.191921
0.132314	0.136283
0.266752	0.349445
0.224332	0.142451
0.127468	0.210959
0.150617	0.140827
0.189078	0.180569
0.108924	0.151949
0.076917	0.078071
0.156159	0.294359
0.113751	0.333291
0.055440	0.072349
0.104019	0.220519
0.108425	0.214139
0.143970	0.210916
0.090008	0.082808
0.083186	0.113549
0.094778	0.266327
0.127642	0.183166
0.108088	0.175643
0.098681	0.095720
0.130011	0.332177
0.096781	0.285987
0.115951	0.252774
0.081828	0.134199
0.310945	0.730721
0.115400	0.117132
0.184986	0.334824
0.177869	0.342398
0.110757	0.243111
0.160742	0.193694
0.126786	0.253571
0.131006	0.244981
0.234432	0.407912
0.190746	0.161180
0.223242	0.412998
0.132512	0.218644
0.153416	0.207878
0.123889	0.115216
0.080661	0.122605
0.213139	0.758776
0.153645	0.217408
0.204954	0.490865
0.146410	0.215223
0.169146	0.280782
0.138647	0.282839
0.260881	0.525674
0.206599	0.347086
0.116343	0.193130
0.199536	0.182575
0.148351	0.428734
0.209924	0.449238
0.085549	0.094960
0.146572	0.210331
0.157965	0.248795
0.133561	0.308525
0.094484	0.117161
0.130523	0.145534
0.116256	0.124975
0.099813	0.148721
0.201202	0.247478
0.106943	0.111220
0.174482	0.140458
0.091601	0.093434
0.142018	0.141308
0.100486	0.119076
0.087354	0.173834
0.108215	0.239155
0.147196	0.271577
0.162928	0.229729
0.133884	0.150620
0.177714	0.312776
0.154531	0.248794
0.185095	0.443303
0.277081	0.362976
0.141186	0.200484
0.173451	0.127487
0.225694	0.251649
0.220179	0.192656
0.235322	0.177668
0.211808	0.373842
0.131644	0.171137
0.172181	0.155824
0.170543	0.141551
0.108467	0.120941
0.169367	0.254897
0.343745	0.804363
0.293639	0.383199
0.231666	0.345183
0.140271	0.213913
0.185722	0.165292
0.210932	0.487253
0.235635	0.239170
0.270565	0.301680
0.146143	0.184870
0.144480	0.327247
0.106396	0.176617
0.216958	0.240824
0.102110	0.109769
0.194585	0.378468
0.108925	0.112193
0.186377	0.182649
0.133524	0.146877
0.209128	0.157891
0.171292	0.212402
0.114294	0.109151
0.133445	0.188824
0.182882	0.324615
0.160932	0.315427
0.164565	0.202415
0.310053	2.370356
0.199613	0.352317
0.145381	0.145381
0.097577	0.091235
0.298171	0.214683
0.294461	0.524141
0.180773	0.176253
0.181858	0.181858
0.234664	0.309756
0.286906	0.421752
0.274672	0.484797
0.158045	0.192024
0.179957	0.445392
0.212709	0.326509
0.295616	1.096735
0.254066	0.176576
0.236175	0.203111
0.243843	0.285297
0.202776	0.162221
0.276215	0.530333
0.316406	0.249960
0.148324	0.309256
0.115357	0.115934
0.086845	0.147637
0.177768	0.420422
0.169506	0.110179
0.186271	0.404207
0.168929	0.288868
0.309664	0.322051
0.264327	0.704430
0.256668	0.450453
0.258966	0.503688
0.252278	0.155151
0.116918	0.168362
0.299751	0.235305
0.124043	0.132726
0.092207	0.119408
0.220101	0.529344
0.238321	0.347949
0.155539	0.228642
0.134456	0.213785
0.082868	0.157864
0.090226	0.121805
0.228831	0.308921
0.077666	0.122712
0.135377	0.195620
0.126976	0.152371
0.120099	0.211975
0.150574	0.133258
0.117145	0.101330
0.106456	0.203863
0.059056	0.100691
0.205379	0.155061
0.186842	0.269053
0.330812	0.441634
0.193824	0.347915
0.298544	0.297051
0.133863	0.183392
0.217416	0.201110
0.218833	0.241810
0.137758	0.149468
0.212789	0.379829
0.262892	0.563904
0.167708	0.214666
0.134142	0.116033
0.094054	0.104870
0.106808	0.140452
0.163136	0.415996
0.099292	0.183690
0.107244	0.242908
0.153299	0.564908
0.193658	0.223675
0.194771	0.666118
0.164851	0.352782
0.198770	0.303124
0.103585	0.092709
0.112931	0.172219
0.207411	0.763274
0.250868	0.339927
0.280387	0.612645
0.195711	0.157548
0.360379	0.551380
0.199991	0.375984
0.336443	0.439057
0.172894	0.164250
0.064278	0.064599
0.154347	0.137369
0.182011	0.277566
0.115459	0.127582
0.132009	0.211875
0.201706	0.161365
0.226470	0.284219
0.222314	0.369041
0.111801	0.124658
0.095194	0.216090
0.052172	0.148690
0.051726	0.147936
0.075965	0.096856
0.126100	0.238959
0.098286	0.110080
0.230621	0.454323
0.185835	0.354945
0.319380	0.854341
0.242014	0.660698
0.366330	1.135623
0.205825	0.223320
0.030880	0.149768
0.196567	0.369546
0.166503	0.421252
0.098619	0.191321
0.104890	0.255931
0.134367	0.210957
0.082302	0.113166
0.155337	0.376691
0.119321	0.199863
0.109068	0.175600
0.172759	0.182261
0.129366	0.438551
0.073728	0.154459
0.133330	0.136663
0.139371	0.403479
0.229817	0.337831
0.139316	0.274452
0.141215	0.093202
0.215539	0.207995
0.172033	0.321701
0.113213	0.121138
0.181475	0.349340
0.172504	0.232017
0.087831	0.172148
0.081626	0.127337
0.189598	0.188650
0.218750	0.345625
0.097881	0.147800
0.188609	0.280084
0.210674	0.267555
0.092521	0.167925
0.087285	0.106925
0.093016	0.184172
0.144064	0.189445
0.067168	0.157172
0.103440	0.137058
0.121097	0.161664
0.152693	0.148112
0.055135	0.082151
0.090920	0.128197
0.113020	0.139579
0.112300	0.111177
0.127972	0.336566
0.060266	0.115107
0.090542	0.174293
0.134490	0.398089
0.127330	0.248293
0.138567	0.204386
0.151902	0.306083
0.089488	0.200005
0.204772	0.334801
0.119451	0.106909
0.099751	0.105238
0.136312	0.162211
0.133344	0.255354
0.114622	0.167921
0.074408	0.126122
0.114468	0.085279
0.161479	0.110613
0.110714	0.083589
0.132453	0.143711
0.130802	0.155655
0.098630	0.148438
0.156754	0.197510
0.132634	0.271899
0.130238	0.303454
0.143292	0.121798
0.218829	0.283383
0.146391	0.174205
0.229894	0.301161
0.085330	0.094716
0.194118	0.252353
0.101657	0.087425
0.123210	0.093640
0.206406	0.104235
0.127021	0.134642
0.149620	0.203484
0.137214	0.074096
0.285538	0.095655
0.464915	0.374257
0.310135	0.201588
0.316938	1.118792
0.349109	0.397985
0.385930	0.449608
0.249292	0.149575
0.252010	0.342733
0.125475	0.138022
0.205973	0.212152
0.152334	0.597149
0.060309	0.122127
0.161590	0.158358
0.111870	0.177314
0.104198	0.259452
0.164943	0.348854
0.170299	0.154121
0.155443	0.341974
0.212973	0.409973
0.107706	0.187946
0.310058	0.922424
0.189445	0.262381
0.253668	0.584706
0.128542	0.232018
0.063677	0.098381
0.303078	0.454617
0.193675	0.244999
0.277682	0.322112
0.266408	1.218818
0.112529	0.100713
0.128292	0.297638
0.190526	0.184810
0.066411	0.116219
0.055348	0.111803
0.116392	0.187392
0.129604	0.254024
0.133935	0.158044
0.081956	0.125803
0.068486	0.094853
0.096835	0.172850
0.142141	0.130770
0.087447	0.108434
0.186362	0.204998
0.118679	0.148349
0.089233	0.095926
0.121424	0.244062
0.098240	0.165535
0.127389	0.114650
0.105060	0.176501
0.137421	0.217126
0.283157	0.545078
0.101952	0.113166
0.207087	0.327198
0.174617	0.260180
0.106784	0.161244
0.241731	0.340841
0.084762	0.085610
0.229698	0.166531
0.136943	0.121195
0.069909	0.069210
0.130046	0.262694
0.100687	0.190299
0.094546	0.092655
0.287321	0.445348
0.101633	0.127550
0.128287	0.221296
0.105238	0.179431
0.054189	0.083722
0.128573	0.261646
0.080967	0.182582
0.062515	0.095336
0.084627	0.140904
0.064624	0.085304
0.072248	0.121376
0.143235	0.441879
0.216190	1.696011
0.066029	0.112579
0.071283	0.187119
0.092355	0.163469
0.099471	0.322286
0.160263	0.601788
0.063222	0.140353
0.113577	0.277127
0.068347	0.081333
0.078237	0.142391
0.071056	0.114045
0.122479	0.261492
0.062537	0.108501
0.137751	0.309251
0.205860	0.244973
0.126782	0.168620
0.177716	0.372316
0.176088	0.160240
0.063245	0.087911
0.143883	0.223738
0.106988	0.146039
0.143337	0.164838
0.105863	0.182084
0.084608	0.107452
0.118451	0.090023
0.249165	0.565605
0.123908	0.166657
0.179361	0.133624
0.231852	0.199392
0.248579	0.236150
0.316397	0.466686
0.233116	0.392801
0.233324	0.206492
0.108483	0.101974
0.097291	0.124046
0.235111	0.727669
0.165286	0.465279
0.186972	0.387966
0.111248	0.147404
0.064026	0.091878
0.118162	0.170744
0.085182	0.089867
0.092531	0.131394
0.077725	0.285249
0.107573	0.167276
0.178346	0.272870
0.088440	0.100822
0.115867	0.182491
0.241031	0.314545
0.133631	0.267263
0.260986	0.515448
0.129632	0.191207
0.226264	1.185624
0.102108	0.152651
0.160263	0.213150
0.067731	0.086018
0.102603	0.149287
0.181817	0.191817
0.084848	0.098000
0.182168	0.331546
0.077620	0.119146
0.177578	0.301882
0.209422	0.347641
0.205134	0.340522
0.178720	0.251102
0.306461	0.170086
0.226011	1.165085
0.139730	0.108291
0.112066	0.088532
0.231495	0.298629
0.244097	0.303901
0.280539	0.276331
0.192622	0.209958
0.096248	0.103947
0.109612	0.224705
0.081654	0.158001
0.138429	0.334306
0.191467	0.222101
0.223120	0.801000
0.112097	0.129472
0.209079	0.316754
0.127049	0.137848
0.087638	0.170018
0.098861	0.083538
0.088796	0.124758
0.124764	0.227071
0.186507	0.445752
0.089057	0.099299
0.145757	0.115148
0.108470	0.192534
0.166729	0.254262
0.212920	0.235277
0.098866	0.099855
0.159593	0.165976
0.198345	0.485945
0.133413	0.410912
0.121373	0.144434
0.058300	0.127386
0.058430	0.096702
0.110626	0.192489
0.157998	0.218828
0.093850	0.161421
0.252929	0.681643
0.239097	0.493735
0.107367	0.126693
0.118693	0.137684
0.203493	0.218755
0.259663	0.338860
0.159296	0.119472
0.166163	0.136254
0.209862	0.328434
0.165993	0.179272
0.243953	0.309821
0.232434	0.182461
0.192794	0.318109
0.183424	0.183424
0.196899	0.326852
0.062914	0.087451
0.064612	0.091426
0.063810	0.108158
0.078442	0.099229
0.103594	0.173520
0.152581	0.414258
0.092305	0.158303
0.396213	1.537308
0.153343	0.380290
0.124266	0.188262
0.119421	0.204210
0.102334	0.247136
0.134413	0.230519
0.172574	0.343422
0.176067	0.210400
0.102852	0.263301
0.056234	0.084633
0.126012	0.217370
0.175135	0.308238
0.061056	0.097689
0.094722	0.190866
0.088741	0.162840
0.109776	0.147649
0.217432	0.415295
0.117055	0.191971
0.090512	0.104541
0.110813	0.135192
0.183421	0.158659
0.098247	0.109054
0.062180	0.089228
0.176750	0.481643
0.087348	0.255929
0.098604	0.146427
0.120268	0.636817
0.103252	0.101704
0.140710	0.339815
0.180182	0.411715
0.157573	0.325389
0.225024	0.532182
0.077425	0.082457
0.205439	0.380062
0.162917	0.286734
0.114912	0.126978
0.202565	0.247130
0.116170	0.206202
0.249852	0.356039
0.293791	0.296729
0.157119	0.290670
0.083243	0.089487
0.125964	0.137301
0.162046	0.176630
0.072022	0.079944
0.127221	0.180654
0.141854	0.267394
0.296803	0.314612
0.164554	0.203224
0.138966	0.196637
0.112581	0.179567
0.092188	0.121228
0.146492	0.214611
0.212780	0.333000
0.228774	0.364895
0.112710	0.104820
0.038282	0.168442
0.034406	0.111302
0.123038	0.318668
0.162421	0.237134
0.078523	0.110326
0.089843	0.224609
0.059714	0.206610
0.116024	0.303982
0.162189	0.436288
0.069533	0.087264
0.224747	0.350606
0.086867	0.154623
0.152461	0.536663
0.092269	0.242206
0.102278	0.142678
0.086787	0.199609
0.127353	0.266804
0.106715	0.231572
0.097308	0.132826
0.076992	0.141280
0.164410	0.131528
0.173353	0.306835
0.112291	0.122397
0.189592	0.127975
0.148749	0.336917
0.162951	0.322643
0.162972	0.141785
0.065655	0.093559
0.092661	0.132041
0.079318	0.172119
0.164258	0.508379
0.103069	0.246849
0.090684	0.198598
0.106680	0.139217
0.151571	0.729812
0.068427	0.129326
0.130665	0.207104
0.059034	0.111573
0.103078	0.163379
0.121895	0.181014
0.097065	0.107256
0.111194	0.301335
0.069563	0.124866
0.072046	0.103025
0.087478	0.221319
0.088147	0.163953
0.130292	0.308791
0.156559	0.194916
0.149822	0.172296
0.166078	0.109612
0.238073	0.247596
0.115126	0.101311
0.216687	0.400870
0.125891	0.210868
0.255896	0.330105
0.226022	0.433962
0.143326	0.204956
0.098086	0.101029
0.087226	0.080684
0.147075	0.219141
0.202022	0.381822
0.174962	0.361297
0.299938	0.314935
0.226339	0.368933
0.244713	0.451495
0.327169	0.534921
0.184493	0.351459
0.393832	0.569088
0.334594	0.185700
0.190518	0.147652
0.156016	0.411101
0.179157	0.159450
0.300630	0.584726
0.087856	0.087417
0.107422	0.168653
0.166831	0.233563
0.093445	0.114003
0.279765	0.443427
0.205273	0.362308
0.261761	0.280084
0.211557	0.250695
0.187426	0.404841
0.137287	0.131109
0.127384	0.238209
0.169880	0.217446
0.120542	0.174786
0.205056	0.302457
0.105483	0.199890
0.088819	0.264681
0.161994	0.161184
0.148215	0.114867
0.095192	0.191812
0.184628	0.132932
0.185191	0.351863
0.093850	0.173622
0.161854	0.256539
0.113802	0.113802
0.088171	0.109332
0.110122	0.178949
0.103318	0.190621
0.086966	0.150886
0.209685	0.250574
0.139257	0.125332
0.074325	0.091792
0.216250	0.175163
0.137856	0.124071
0.191083	0.200637
0.107553	0.250598
0.116009	0.188514
0.072329	0.118982
0.133258	0.225873
0.056521	0.109085
0.081186	0.107571
0.135338	0.202330
0.225201	0.450402
0.227035	0.313308
0.279877	2.350968
0.099864	0.188742
0.145456	0.192002
0.079634	0.170018
0.063896	0.095524
0.112990	0.181914
0.056765	0.080607
0.127576	0.152453
0.182699	0.205536
0.156946	0.379023
0.087052	0.076171
0.144042	0.096508
0.109613	0.135920
0.131731	0.278610
0.144594	0.263884
0.172454	0.189699
0.094315	0.141472
0.119064	0.139304
0.102885	0.090539
0.076843	0.091828
0.079690	0.128301
0.136986	0.128082
0.096464	0.162542
0.131597	0.145415
0.134687	0.400694
0.098620	0.153354
0.167075	0.155380
0.125357	0.193049
0.077226	0.168353
0.123189	0.194638
0.160444	0.158037
0.231069	0.523371
0.179922	0.503781
0.071036	0.152728
0.168972	0.223043
0.168181	0.129499
0.152865	0.207896
0.135945	0.219551
0.088993	0.161077
0.154156	0.337601
0.098722	0.182636
0.143376	0.192124
0.123234	0.131860
0.086488	0.187679
0.052863	0.099647
0.047755	0.088586
0.078598	0.141083
0.097780	0.159870
0.062627	0.125254
0.050418	0.069577
0.066051	0.113277
0.066182	0.136335
0.080864	0.092589
0.085868	0.112487
0.106167	0.235690
0.072177	0.093830
0.090738	0.100266
0.101187	0.179101
0.069285	0.096999
0.093289	0.172118
0.124927	0.136795
0.145358	0.287809
0.144123	0.204654
0.241277	0.259372
0.174586	0.316000
0.089715	0.129190
0.091307	0.218224
0.155811	0.410563
0.080105	0.116953
0.062016	0.101706
0.115846	0.149441
0.147970	0.420973
0.132384	0.289259
0.095832	0.081936
0.162639	0.435060
0.187047	0.214169
0.153674	0.278918
0.091509	0.162886
0.087194	0.099401
0.115320	0.094562
0.211696	0.260386
0.222542	0.329362
0.124452	0.179210
0.176461	0.161462
0.135369	0.139430
0.126098	0.109705
0.161172	0.173259
0.237867	0.343719
0.158708	0.286469
0.091362	0.089535
0.193619	0.267194
0.156373	0.965605
0.087859	0.111582
0.235829	0.538869
0.238020	0.216598
0.267142	0.197685
0.154124	0.263552
0.100721	0.124894
0.245442	0.375526
0.110270	0.086562
0.161727	0.181942
0.072312	0.082074
0.067910	0.103224
0.113699	0.118247
0.083962	0.107472
0.237902	0.612597
0.103936	0.161621
0.118496	0.286168
0.089920	0.114199
0.147081	0.175762
0.247533	0.581702
0.215285	0.240043
0.203779	0.221100
0.183642	0.196497
0.099418	0.123278
0.179411	0.322940
0.166394	0.173050
0.157722	0.163243
0.216725	0.250318
0.152834	0.190278
0.097924	0.214454
0.112907	0.183474
0.059124	0.095781
0.077020	0.149033
0.079595	0.123372
0.245869	0.983477
0.103003	0.192615
0.061882	0.107365
0.093639	0.169955
0.054654	0.093732
0.075656	0.158500
0.121274	0.730067
0.078187	0.186476
0.075574	0.119029
0.086659	0.126523
0.102674	0.300321
0.126895	0.241101
0.078519	0.082445
0.093964	0.154101
0.091283	0.126427
0.169987	0.604304
0.109182	0.280597
0.176603	0.253425
0.133477	0.150161
0.087058	0.135375
0.126807	0.169288
0.102754	0.139232
0.176794	0.228949
0.123570	0.256408
0.125924	0.209664
0.143117	0.218254
0.062094	0.162687
0.032851	0.065702
0.065556	0.144551
0.072597	0.185123
0.027712	0.067618
0.070324	0.221170
0.185939	0.328183
0.089071	0.104213
0.060969	0.126510
0.051607	0.090828
0.118825	0.157443
0.072610	0.136870
0.107761	0.142783
0.192287	0.242282
0.110969	0.271875
0.169184	0.224168
0.090136	0.124387
0.090744	0.147005
0.113678	0.269986
0.089636	0.156415
0.131167	0.213146
0.083565	0.163370
0.075813	0.231230
0.105533	0.134554
0.133017	0.178243
0.210808	0.453236
0.067976	0.097886
0.276521	0.691302
0.192761	0.392270
0.087818	0.168610
0.132989	0.115035
0.077067	0.145656
0.102149	0.178250
0.093499	0.093966
0.094639	0.135808
0.177518	0.154441
0.229170	0.413651
0.159709	0.317821
0.096571	0.127957
0.139186	0.241487
0.113130	0.138585
0.098089	0.104464
0.303719	0.517841
0.144858	0.346935
0.146995	0.277085
0.082539	0.160952
0.161845	0.253287
0.120937	0.145729
0.094142	0.151098
0.192701	0.295795
0.224539	0.444586
0.176859	0.171553
0.067567	0.135134
0.098111	0.097130
0.296234	0.804275
0.183746	0.480497
0.101850	0.175690
0.074181	0.111272
0.181423	0.216800
0.146300	0.215793
0.141786	0.249543
0.138980	0.225843
0.204039	0.160170
0.216404	0.107120
0.254293	0.577246
0.240301	0.180226
0.170538	0.164569
0.139564	0.191203
0.293037	0.369226
0.117995	0.074337
0.289050	0.329517
0.126397	0.126397
0.258939	0.256350
0.259114	0.476770
0.281503	0.351879
0.227484	0.184262
0.180871	0.330994
0.116113	0.116693
0.128579	0.131793
0.077871	0.118753
0.217176	0.315990
0.094506	0.103957
0.118892	0.255618
0.167642	0.273257
0.056428	0.127245
0.056108	0.081918
0.128615	0.359480
0.054521	0.136303
0.101222	0.233822
0.091663	0.152161
0.058089	0.153936
0.090802	0.171161
0.090146	0.149192
0.188733	0.439748
0.279206	0.550036
0.063667	0.108233
0.074447	0.144054
0.085498	0.117559
0.100291	0.130880
0.174591	0.255776
0.157513	0.378820
0.192928	0.325084
0.264265	0.461142
0.192681	0.276498
0.175551	0.236117
0.241472	0.348927
0.112152	0.248976
0.133297	0.149292
0.040228	0.104592
0.180138	0.385496
0.149852	0.155097
0.248783	0.406761
0.125422	0.461554
0.120523	0.205492
0.136396	0.163675
0.093374	0.112516
0.076617	0.225638
0.136222	0.303094
0.198394	0.349174
0.137722	0.247900
0.216287	0.359036
0.114455	0.299872
0.088495	0.106637
0.178323	0.373587
0.083671	0.104170
0.187801	0.180289
0.154787	0.184971
0.174588	0.551699
0.111783	0.191149
0.164471	0.615945
0.119301	0.162846
0.116720	0.140063
0.080204	0.154393
0.177955	0.367477
0.226147	0.309822
0.058279	0.092373
0.073525	0.122419
0.078953	0.125535
0.168765	0.675905
0.090210	0.153357
0.099100	0.115946
0.176355	0.477921
0.061401	0.147055
0.094165	0.095577
0.146845	0.158592
0.132177	0.091863
0.210771	3.770696
0.155549	0.104218
0.347010	0.374771
0.246382	0.168772
0.054545	0.111818
0.116298	0.638478
0.203791	0.415734
0.275534	0.402280
0.110649	0.114522
0.084757	0.172904
0.083588	0.106993
0.089609	0.143823
0.172954	0.244729
0.157472	0.141725
0.090771	0.107110
0.112813	0.164707
0.093517	0.160382
0.144384	0.243286
0.140445	0.186090
0.205041	0.484922
0.109489	0.268247
0.084915	0.182568
0.096100	0.143670
0.070465	0.087024
0.084759	0.162314
0.094659	0.101758
0.137761	0.396062
0.105723	0.273823
0.091381	0.082700
0.161303	0.403257
0.076052	0.118261
0.164358	0.156140
0.103619	0.095847
0.091875	0.358773
0.071195	0.205753
0.095444	0.108329
0.098802	0.128936
0.090780	0.162042
0.106290	0.188665
0.052666	0.130613
0.125938	0.227947
0.102059	0.207691
0.158539	0.195003
0.122616	0.154496
0.093628	0.082392
0.140133	0.137330
0.263582	0.250402
0.183385	0.129286
0.145562	0.444693
0.135944	0.171970
0.136159	0.111650
0.232493	0.177857
0.121768	0.116897
0.118796	0.303523
0.080775	0.174474
0.183369	0.912260
0.099861	0.136810
0.164755	0.259489
0.222610	0.271585
0.189465	0.104206
0.163861	0.181067
0.270610	0.225959
0.148793	0.349664
0.149286	0.240351
0.118093	0.173006
0.141385	0.120884
0.138280	0.147959
0.311813	0.620508
0.196268	0.220801
0.195234	0.225495
0.288536	0.318832
0.142165	0.194766
0.079842	0.080241
0.297266	0.405769
0.124845	0.140450
0.179180	0.307293
0.085781	0.103366
0.109179	0.128831
0.189456	0.194192
0.240846	0.445565
0.166301	0.166301
0.216849	0.171311
0.287867	0.388621
0.332012	0.454856
0.113944	0.098562
0.237750	0.203276
0.106888	0.142161
0.167941	0.121757
0.294815	0.355252
0.092014	0.092014
0.283492	0.673294
0.188325	0.142186
0.271566	0.475240
0.108513	0.194780
0.182331	0.473149
0.219893	0.512350
0.176060	0.214794
0.117537	0.115186
0.240966	0.327713
0.098336	0.099320
0.110546	0.173004
0.198037	0.131694
0.162918	0.316061
0.066689	0.088029
0.085704	0.117415
0.195764	0.426766
0.141513	0.174769
0.129412	0.180530
0.141231	0.178657
0.132549	0.115981
0.085051	0.124174
0.119727	0.208325
0.176689	0.242948
0.126203	0.145133
0.136402	0.399657
0.066534	0.241852
0.048067	0.084117
0.045169	0.098467
0.128939	0.218552
0.095880	0.197034
0.087197	0.183550
0.086066	0.186763
0.047500	0.073625
0.111244	0.380454
0.169458	0.644788
0.089390	0.171628
0.044001	0.109121
0.080854	0.200519
0.104891	0.281108
0.065139	0.135162
0.097657	0.273927
0.137592	0.248353
0.104442	0.230294
0.115389	0.168468
0.100922	0.254324
0.135626	0.265148
0.243047	0.250339
0.069777	0.167115
0.086531	0.195127
0.068015	0.211526
0.073587	0.111485
0.133321	0.172651
0.094500	0.137025
0.321337	0.589654
0.284435	0.657044
0.134144	0.146887
0.095497	0.180489
0.087470	0.146950
0.140353	0.225266
0.125933	0.230457
0.076597	0.100725
0.060364	0.110767
0.079680	0.103584
0.111003	0.229220
0.122130	0.362115
0.064043	0.090620
0.086049	0.143702
0.064100	0.089419
0.114575	0.268679
0.118946	0.263466
0.115121	0.175560
0.069026	0.102504
0.077664	0.111837
0.077683	0.181001
0.105659	0.332296
0.167404	0.161545
0.080518	0.097829
0.071124	0.136203
0.147648	0.166104
0.117462	0.214955
0.091693	0.101321
0.178233	0.229029
0.261712	0.946090
0.256928	0.325013
0.170236	0.190665
0.185400	0.200232
0.203305	0.427958
0.071384	0.082092
0.094330	0.127345
0.094780	0.118949
0.108166	0.232557
0.102907	0.278363
0.130424	0.134337
0.089395	0.090289
0.109244	0.169329
0.098979	0.182121
0.143517	0.289905
0.081732	0.124233
0.254995	0.234596
0.175537	0.209767
0.084778	0.121656
0.096406	0.150393
0.220122	0.361000
0.059222	0.077877
0.104730	0.089544
0.117958	0.247121
0.236168	0.239710
0.149189	0.250638
0.169978	0.396049
0.130954	0.190537
0.147539	0.219832
0.133882	0.246343
0.086886	0.089492
0.222869	0.356590
0.071455	0.128619
0.139165	0.121074
0.070576	0.118215
0.133336	0.183338
0.127263	0.272979
0.152251	0.312876
0.161762	0.136688
0.203313	0.121988
0.298218	0.246030
0.162878	0.127859
0.176544	0.296594
0.210196	0.456126
0.143872	0.180560
0.335398	0.436018
0.246158	0.318774
0.151831	0.194344
0.220310	0.364614
0.131789	0.259624
0.358312	0.646754
0.127847	0.219897
0.283088	0.294411
0.298915	0.584379
0.108984	0.220147
0.075400	0.147784
0.096264	0.133325
0.041402	0.072039
0.080334	0.241003
0.090467	0.093633
0.126454	0.166287
0.184133	0.411537
0.043634	0.080504
0.062042	0.141766
0.109732	0.165695
0.154970	0.230906
0.081055	0.104561
0.082475	0.194641
0.162903	0.265532
0.149186	0.311052
0.134515	0.326870
0.149310	0.194104
0.090999	0.217943
0.112666	0.109849
0.162901	0.164530
0.090036	0.090936
0.165924	0.228975
0.236275	0.223280
0.171244	0.245736
0.162537	0.167413
0.137156	0.250996
0.252168	0.651855
0.089793	0.122118
0.176681	0.222618
0.167316	0.240098
0.135497	0.162597
0.108606	0.164538
0.100170	0.161274
0.104140	0.233793
0.131667	0.172484
0.114376	0.253344
0.040658	0.110388
0.061579	0.100989
0.080755	0.179680
0.142089	0.220238
0.103580	0.111866
0.121051	0.215472
0.086438	0.098539
0.111806	0.106216
0.103590	0.309734
0.047614	0.092610
0.109751	0.121275
0.162561	0.121920
0.134434	0.180141
0.130901	0.149227
0.113587	0.132897
0.146253	0.329801
0.167993	0.178073
0.120867	0.214540
0.154606	0.207945
0.096138	0.120173
0.119013	0.161263
0.177168	0.896471
0.111488	0.125423
0.193438	0.678968
0.066541	0.086836
0.067423	0.096078
0.097771	0.201897
0.056923	0.118684
0.086887	0.224603
0.288925	2.491980
0.432287	0.475516
0.144618	0.091832
0.418288	0.186138
0.334432	0.277578
0.250614	0.254374
0.290077	0.543894
0.111182	0.119521
0.122750	0.149141
0.141335	0.139922
0.155008	0.459598
0.107518	0.290298
0.169797	0.297144
0.240256	0.777228
0.286856	0.167811
0.171812	0.187276
0.186612	0.139026
0.232183	0.249596
0.216230	0.243259
0.318828	0.380999
0.105178	0.074677
0.121024	0.082902
0.193740	0.276080
0.077153	0.092584
0.090698	0.092965
0.116979	0.177222
0.075250	0.105727
0.140963	0.431347
0.070989	0.105064
0.068472	0.103393
0.160480	0.215044
0.151844	0.309003
0.065920	0.110087
0.123901	0.278157
0.059510	0.096407
0.079749	0.122813
0.102575	0.186173
0.135356	0.278833
0.149798	0.199981
0.061050	0.112636
0.084535	0.157658
0.108623	0.171081
0.054994	0.088816
0.092133	0.122998
0.102322	0.166273
0.070296	0.107552
0.085368	0.161772
0.164731	0.526314
0.105660	0.243017
0.088280	0.204810
0.091117	0.116174
0.091422	0.282036
0.080430	0.150003
0.111056	0.747964
0.050334	0.094376
0.078063	0.267365
0.054541	0.120535
0.060880	0.233779
0.099373	0.221106
0.136956	0.130793
0.081801	0.101843
0.114615	0.234387
0.149812	0.229212
0.133261	0.204556
0.095323	0.160619
0.082825	0.368157
0.069293	0.118144
0.070936	0.127330
0.110092	0.205873
0.112781	0.204134
0.097056	0.128599
0.128470	0.259509
0.136291	0.303929
0.108005	0.194950
0.059447	0.125731
0.116167	0.332238
0.089548	0.118204
0.096004	0.098884
0.129342	0.217295
0.100878	0.153335
0.218318	0.112434
0.142258	0.301587
0.091243	0.160588
0.156652	0.173884
0.139904	0.502955
0.139000	0.268964
0.181736	0.242617
0.137512	0.206955
0.094246	0.092833
0.241023	0.453124
0.205699	0.194386
0.145072	0.217607
0.073162	0.117426
0.149794	0.126576
0.219951	0.528982
0.070459	0.211730
0.078790	0.103608
0.165216	0.120608
0.119907	0.217630
0.061533	0.127066
0.102138	0.323266
0.061502	0.122389
0.062427	0.125790
0.126970	0.202516
0.121700	0.354757
0.165189	0.139585
0.164856	0.222555
0.099635	0.094155
0.093143	0.148563
0.077722	0.111919
0.093596	0.172216
0.069243	0.099710
0.108241	0.118524
0.134602	0.366117
0.089187	0.103011
0.129744	0.207591
0.092338	0.173595
0.053132	0.113438
0.083406	0.134700
0.188791	0.427612
0.098685	0.196383
0.041267	0.075107
0.109532	0.285330
0.148715	0.214150
0.168714	0.154373
0.173755	0.269321
0.204207	0.411478
0.136020	0.131259
0.127973	0.175323
0.129908	0.163684
0.107565	0.145750
0.217033	0.505688
0.219759	0.636203
0.261471	0.235324
0.155249	0.159907
0.183910	0.165519
0.221418	0.666469
0.169432	0.432899
0.080756	0.092869
0.241555	0.343009
0.083709	0.135191
0.179964	0.988000
0.112676	0.138028
0.133136	0.351479
0.210057	0.477881
0.261353	0.978766
0.181183	0.182089
0.072046	0.094020
0.137716	0.271300
0.145880	0.234867
0.104244	0.170439
0.151670	0.294998
0.094843	0.169770
0.060820	0.128938
0.140821	0.241508
0.170437	0.488301
0.105659	0.284751
0.120063	0.253933
0.115862	0.151200
0.093874	0.358130
0.135964	0.318157
0.059236	0.098332
0.150684	0.419654
0.090341	0.120153
0.109627	0.115109
0.121209	0.135754
0.117147	0.219065
0.177665	0.410406
0.156327	0.324378
0.216204	0.510242
0.113226	0.123982
0.119801	0.158138
0.129150	0.242802
0.069873	0.093630
0.130088	0.130738
0.186916	0.111215
0.113545	0.149880
0.298175	0.316065
0.284108	0.278426
0.120208	0.162281
0.247834	0.485755
0.128719	0.298627
0.153780	0.179922
0.149797	0.304837
0.310192	0.654504
0.089820	0.096557
0.117424	0.137973
0.146724	0.162864
0.154026	0.121680
0.096527	0.099906
0.129407	0.249109
0.146267	0.162356
0.122775	0.244323
0.061127	0.134786
0.177111	0.247070
0.120637	0.234638
0.188377	0.713009
0.334664	0.639208
0.181453	0.136997
0.224007	0.175846
0.211272	0.306345
0.177136	0.183335
0.234100	0.280920
0.220124	0.309275
0.137181	0.489735
0.132183	0.180430
0.103956	0.184521
0.129412	0.290531
0.104513	0.207982
0.126344	0.313334
0.137574	0.235252
0.100003	0.176505
0.219581	0.517112
0.154043	0.242618
0.137894	0.197878
0.152982	0.338855
0.141057	0.127657
0.102802	0.226165
0.101878	0.120725
0.114146	0.159804
0.113666	0.189254
0.064437	0.108253
0.115184	0.210211
0.093013	0.142775
0.110142	0.343643
0.089843	0.149588
0.124212	0.196255
0.139518	0.192535
0.068813	0.103219
0.180147	0.191856
0.237411	0.200613
0.100959	0.144876
0.130890	0.289921
0.121920	0.110337
0.190989	0.239691
0.187323	0.266936
0.181965	0.275677
0.192150	0.133544
0.123861	0.099089
0.326930	0.294237
0.334950	0.398590
0.216142	0.185882
0.192113	0.121992
0.181608	0.218837
0.155530	0.343722
0.160410	0.239814
0.226004	0.227134
0.274804	0.581211
0.183762	0.325259
0.169475	0.404199
0.144182	0.204738
0.153715	0.123740
0.215369	0.367204
0.129743	0.144663
0.228743	0.283641
0.269110	0.349843
0.174209	0.191630
0.309491	0.490543
0.152241	0.218466
0.221070	0.550465
0.231965	0.178613
0.237111	0.311801
0.140716	0.129459
0.210244	0.166093
0.284234	0.305552
0.192413	0.312671
0.106909	0.154483
0.180250	0.443415
0.172260	0.491803
0.264721	0.232954
0.234759	0.143203
0.144737	0.112895
0.109096	0.102550
0.116128	0.145741
0.143245	0.201260
0.208227	0.600734
0.254729	0.416482
0.205928	0.358314
0.084814	0.134854
0.097530	0.241386
0.134005	0.124625
0.204757	0.284612
0.160045	0.283280
0.129731	0.118704
0.328164	0.274017
0.229464	0.300598
0.144564	0.140227
0.217422	0.232641
0.303544	0.292920
0.213316	0.286910
0.235922	0.194636
0.132117	0.129475
0.082562	0.082149
0.192047	0.149796
0.139816	0.238387
0.161323	0.166163
0.113350	0.088413
0.211097	0.262816
0.088453	0.084030
0.197714	0.225394
0.155815	0.253199
0.094248	0.137603
0.239928	0.183545
0.236333	0.300143
0.194066	0.293040
0.082999	0.111218
0.187768	0.271324
0.286860	0.322718
0.186932	0.158893
0.206437	0.166182
0.194012	0.114467
0.259761	0.313012
0.093246	0.081124
0.184061	0.180380
0.239689	0.248078
0.109162	0.092788
0.143390	0.171352
0.181608	0.331434
0.209354	0.146548
0.142012	0.191717
0.170950	0.393186
0.196899	0.374108
0.160577	0.265755
0.192933	0.298081
0.187523	0.230654
0.227161	0.162420
0.263547	0.192389
0.217881	0.178663
0.246111	0.842930
0.319663	0.359621
0.135418	0.212606
0.286941	0.265421
0.227907	0.210814
0.212194	0.103975
0.246237	0.275786
0.187009	0.277709
0.278702	0.333049
0.135372	0.169892
0.113751	0.100101
0.141738	0.228199
0.317616	0.562180
0.334688	0.403299
0.119615	0.145333
0.190320	0.145595
0.171280	0.165285
0.112970	0.104497
0.168279	0.191838
0.100632	0.166043
0.265453	0.180508
0.077202	0.066779
0.174630	0.175504
0.133829	0.116432
0.132280	0.096565
0.181756	0.284447
0.169641	0.542005
0.328244	0.374198
0.302219	0.275020
0.195339	0.233430
0.161634	0.185879
0.124131	0.171921
0.197423	0.422486
0.070526	0.136468
0.104948	0.317467
0.085421	0.134965
0.108223	0.322503
0.069875	0.149533
0.043481	0.087614
0.086982	0.188752
0.113460	0.242236
0.080983	0.113376
0.074950	0.103432
0.196296	0.386703
0.095833	0.134645
0.192488	0.189601
0.163306	0.320895
0.166712	0.215892
0.121518	0.289819
0.079880	0.112231
0.113466	0.357984
0.205803	0.334430
0.109675	0.088288
0.098431	0.177176
0.079980	0.135966
0.110780	0.120196
0.107702	0.141089
0.115717	0.133075
0.216321	0.351522
0.133339	0.149339
0.254493	0.404643
0.262880	0.482385
0.173683	0.257050
0.218682	0.290847
0.150498	0.231014
0.383746	0.779004
0.338805	0.308313
0.262442	0.397599
0.148051	0.256868
0.362621	1.669868
0.205876	0.185289
0.088542	0.120416
0.142748	0.975684
0.082440	0.139736
0.230392	0.296054
0.133692	0.189843
0.125944	0.133501
0.181355	0.420743
0.263398	0.479385
0.241593	0.457818
0.254956	0.314870
0.155288	0.149853
0.143271	0.146853
0.271872	0.188951
0.165660	0.138326
0.305149	0.628607
0.152953	0.137657
0.158614	0.168924
0.129845	0.109070
0.103755	0.146295
0.279809	0.311987
0.163687	0.139134
0.132410	0.269455
0.159582	0.228202
0.131534	0.276879
0.187800	0.221603
0.170276	0.288619
0.081173	0.130689
0.153541	0.283283
0.131616	0.253361
0.091717	0.084838
0.167112	0.127005
0.075286	0.084320
0.151560	0.143224
0.071466	0.117918
0.125455	0.192573
0.102789	0.201467
0.192858	0.328822
0.187092	0.292799
0.152222	0.105033
0.163484	0.216616
0.127070	0.401540
0.077176	0.131585
0.135438	0.319634
0.214672	0.183544
0.197756	0.236319
0.181443	0.230432
0.188569	0.290396
0.116693	0.148200
0.080844	0.081652
0.203154	0.167602
0.111764	0.197822
0.186949	0.431852
0.157890	0.393145
0.147434	0.155542
0.225140	0.251031
0.210073	0.305656
0.102251	0.171782
0.102183	0.152763
0.152604	0.309787
0.149288	0.285887
0.100154	0.176271
0.202615	1.118434
0.124135	0.181236
0.082910	0.135558
0.115329	0.253723
0.086692	0.271781
0.045116	0.094067
0.075838	0.075838
0.191685	0.265484
0.107791	0.130966
0.086559	0.095648
0.112953	0.129896
0.118826	0.163979
0.102497	0.109159
0.128885	0.267436
0.088503	0.127886
0.093990	0.147094
0.268171	0.410301
0.112928	0.147371
0.271311	0.367627
0.122004	0.154946
0.124645	0.231217
0.113344	0.265792
0.140981	0.410960
0.164112	0.319198
0.088589	0.123581
0.117220	0.158247
0.279894	0.356865
0.108839	0.235093
0.179055	0.323195
0.112114	0.188351
0.073277	0.108816
0.102275	0.215289
0.182922	0.257005
0.209000	0.352164
0.239385	0.490739
0.113897	0.265380
0.193414	0.105411
0.189572	0.192415
0.166033	0.144449
0.204515	0.300637
0.155633	0.214773
0.181663	0.299744
0.118606	0.148850
0.122337	0.231217
0.113616	0.122706
0.083766	0.139471
0.168031	0.194075
0.180184	0.396406
0.274421	0.867171
0.249286	0.241807
0.085718	0.105433
0.222499	0.208037
0.185021	0.142466
0.181147	0.240925
0.110205	0.089266
0.171344	0.245879
0.164132	0.306926
0.157392	0.159753
0.222020	0.350792
0.291645	0.205609
0.151493	0.238602
0.071728	0.095398
0.117729	0.128914
0.184038	0.247531
0.181511	0.184234
0.247771	0.336969
0.231650	0.129724
0.126652	0.108288
0.189445	0.291745
0.142182	0.122988
0.405648	0.584134
0.242200	0.184072
0.151567	0.164450
0.209945	0.317017
0.075316	0.076069
0.349808	0.342812
0.147716	0.181691
0.260080	0.546169
0.091359	0.077198
0.187873	0.306232
0.090579	0.092391
0.257615	0.386422
0.195921	0.419271
0.183380	0.344755
0.261863	0.451713
0.133971	0.116555
0.127987	0.090871
0.163286	0.124097
0.163161	0.132976
0.158881	0.304258
0.154160	0.245114
0.177824	0.286297
0.151980	0.277363
0.205515	0.162357
0.295827	0.389012
0.147081	0.142669
0.127898	0.269864
0.069458	0.085433
0.137464	0.208259
0.056181	0.111238
0.176845	0.785194
0.051191	0.077554
0.127175	0.191398
0.143859	0.326560
0.265595	0.374488
0.136720	0.287795
0.117094	0.151051
0.057952	0.120251
0.064139	0.219995
0.100858	0.129602
0.121314	0.181365
0.085967	0.076081
0.143393	0.105394
0.268582	0.209494
0.158809	0.212805
0.257168	0.349749
0.153461	0.150392
0.188543	0.658014
0.264028	0.588782
0.198899	0.213817
0.128702	0.135137
0.198753	0.160990
0.171845	0.250894
0.275569	0.256279
0.129701	0.161478
0.135082	0.293129
0.226957	0.266674
0.228050	0.767389
0.201097	0.205119
0.093745	0.106400
0.210555	0.178972
0.101081	0.147072
0.260356	0.333255
0.156454	0.201826
0.210307	0.282863
0.154952	0.229329
0.227293	0.167060
0.100526	0.099521
0.301029	0.307050
0.190081	0.872473
0.076987	0.089305
0.112105	0.119953
0.123639	0.192259
0.196635	0.184837
0.202253	0.207309
0.115191	0.168179
0.062609	0.079200
0.191460	0.276660
0.078164	0.116465
0.176244	0.348962
0.078632	0.121486
0.139346	0.233405
0.101099	0.120813
0.161889	0.279259
0.177944	0.377242
0.276032	0.523081
0.118671	0.135878
0.241799	0.446119
0.091035	0.096497
0.172632	0.164863
0.211216	0.706519
0.094968	0.109688
0.114403	0.283719
0.185783	0.389215
0.190162	0.564782
0.108664	0.194508
0.206373	0.341547
0.137088	0.346833
0.241133	0.611273
0.147022	0.126439
0.282160	0.286393
0.147578	0.134296
0.290364	0.136471
0.107101	0.140838
0.223283	0.177510
0.140320	0.340277
0.079314	0.077331
0.116103	0.173574
0.071372	0.081364
0.112822	0.229028
0.201083	0.219181
0.104184	0.094807
0.384743	1.036882
0.110098	0.123310
0.158757	0.241311
0.130069	0.159985
0.095796	0.155669
0.126815	0.111598
0.183777	0.141508
0.137277	0.089917
0.185824	0.222060
0.280453	0.243994
0.208567	0.154340
0.236996	0.227516
0.203220	0.276379
0.262792	0.436234
0.100809	0.082663
0.178219	0.150595
0.166485	0.153166
0.247044	0.146991
0.211690	0.258262
0.148914	0.129555
0.179685	0.313550
0.112656	0.248406
0.360925	0.544997
0.103327	0.159124
0.231389	0.193210
0.145845	0.169180
0.099943	0.135922
0.186764	0.189565
0.121947	0.237186
0.067211	0.069227
0.181947	0.153745
0.145736	0.151565
0.129153	0.221497
0.114480	0.154548
0.154364	0.226143
0.228736	0.235598
0.264732	0.906708
0.236426	0.315629
0.073057	0.096435
0.217530	0.412219
0.074308	0.098086
0.084249	0.106575
0.069624	0.104784
0.093886	0.133318
0.169819	0.156234
0.106084	0.193603
0.074180	0.120914
0.095961	0.247580
0.060840	0.105253
0.084231	0.086758
0.131381	0.142549
0.107215	0.247667
0.136811	0.251732
0.157717	0.384041
0.066482	0.086427
0.123798	0.333017
0.167321	0.138876
0.089546	0.146407
0.078324	0.084590
0.118288	0.183937
0.105201	0.122033
0.191576	0.209775
0.096116	0.168202
0.189256	0.478819
0.157839	0.251754
0.164023	0.285399
0.335449	0.447825
0.080751	0.096901
0.093974	0.194055
0.054264	0.115854
0.101627	0.132116
0.094261	0.151761
0.085894	0.167494
0.073682	0.199309
0.120675	0.290223
0.061668	0.096510
0.071777	0.100128
0.059749	0.135928
0.072206	0.121667
0.084610	0.094764
0.173120	0.484736
0.075752	0.090524
0.101396	0.259067
0.222559	0.189175
0.154499	0.292775
0.090850	0.129915
0.071341	0.088819
0.073155	0.084128
0.091791	0.199186
0.069404	0.172815
0.099925	0.222334
0.108453	0.212568
0.058201	0.094577
0.123731	0.215911
0.211212	0.234446
0.180236	0.228900
0.068716	0.129873
0.085765	0.155235
0.094586	0.288960
0.108246	0.159663
0.079079	0.388277
0.084645	0.247587
0.124042	0.335533
0.066968	0.126905
0.095337	0.161596
0.216378	0.442492
0.047147	0.089815
0.122224	0.203502
0.117145	0.241319
0.068521	0.115458
0.103360	0.190699
0.130221	0.153660
0.059734	0.102743
0.175508	0.643235
0.098534	0.108388
0.128478	0.221624
0.081631	0.105712
0.188609	0.163147
0.082153	0.089136
0.151167	0.169307
0.109407	0.187085
0.139930	0.167217
0.165639	0.353638
0.175194	0.233883
0.159287	0.144155
0.218014	0.581008
0.116290	0.243627
0.129634	0.167875
0.130211	0.096356
0.097858	0.134554
0.118144	0.426499
0.049612	0.093023
0.103366	0.135410
0.178589	0.888482
0.158654	0.276058
0.087721	0.154389
0.094378	0.128826
