Velocity(m/s)	Chord(mm)
0.079506	0.159011
0.054846	0.093513
0.078260	0.179216
0.111692	0.303801
0.165256	0.481722
0.100735	0.215573
0.151908	0.485346
0.084784	0.153458
0.082191	0.136848
0.093949	0.096767
0.091531	0.172535
0.129374	0.214114
0.251083	0.458227
0.237498	0.453622
0.185902	0.395971
0.184777	0.230971
0.231297	0.543548
0.150491	0.130927
0.333836	0.552498
0.243954	0.309822
0.231766	0.305931
0.147119	0.122109
0.218858	0.314061
0.135896	0.197728
0.078518	0.156251
0.202505	0.483987
0.128904	0.186266
0.196034	0.411671
0.170261	0.264757
0.107432	0.113878
0.157580	0.162307
0.229623	0.722166
0.195334	0.382854
0.155765	0.361376
0.089079	0.117585
0.116764	0.234696
0.076344	0.146581
0.134256	0.159765
0.099848	0.655003
0.094548	0.213207
0.084572	0.149269
0.122306	0.223209
0.200854	0.709013
0.083505	0.161583
0.144842	0.349792
0.139789	0.306838
0.107349	0.234558
0.126674	0.481362
0.063112	0.182394
0.068756	0.108291
0.195805	0.475807
0.133205	0.241102
0.092465	0.105872
0.079307	0.120944
0.171978	0.478959
0.149925	0.227886
0.189673	0.281664
0.080019	0.122029
0.237992	0.917461
0.179782	0.694858
0.099089	0.119402
0.074062	0.145533
0.060820	0.122553
0.075852	0.128949
0.118097	0.187184
0.228216	1.911310
0.122182	0.129513
0.094052	0.190455
0.109184	0.187797
0.085336	0.139525
0.147229	0.170049
0.092851	0.106314
0.180562	0.380082
0.096864	0.138516
0.088250	0.106341
0.244576	0.628559
0.130578	0.200438
0.072902	0.135233
0.072426	0.110088
0.087501	0.168002
0.210162	0.479169
0.214823	0.249194
0.291229	1.141619
0.275093	0.202193
0.344200	0.385504
0.286479	0.409665
0.212293	0.222907
0.322972	0.602342
0.174470	0.412622
0.151600	0.167518
0.143014	0.330362
0.131303	0.320379
0.123078	0.236310
0.202700	0.511817
0.157588	0.166256
0.254971	0.345486
0.108635	0.105376
0.165556	0.160589
0.150325	0.148822
0.134789	0.302601
0.085792	0.084076
0.150043	0.189805
0.184153	0.294645
0.110728	0.136749
0.147663	0.220755
0.165315	0.470322
0.115090	0.214067
0.092421	0.152495
0.134412	0.233204
0.126953	0.213916
0.197591	0.367520
0.168157	0.293435
0.136668	0.216618
0.185447	0.204919
0.190528	0.204817
0.160556	0.367673
0.171261	0.309126
0.116146	0.145764
0.088683	0.114401
0.157356	0.234461
0.078535	0.111913
0.098271	0.180326
0.182354	0.236149
0.080249	0.145652
0.152030	0.248570
0.122914	0.232307
0.106537	0.104407
0.127190	0.190785
0.114581	0.146091
0.120791	0.163068
0.105814	0.198401
0.081794	0.109604
0.153553	0.323997
0.107961	0.134951
0.131512	0.245927
0.072488	0.163461
0.126453	0.262391
0.075614	0.125141
0.090202	0.146127
0.090258	0.219327
0.149376	0.322652
0.112638	0.186980
0.168251	0.282662
0.086302	0.117371
0.180976	0.523020
0.135646	0.314698
0.143797	0.296940
0.122614	0.213961
0.156885	0.614989
0.101261	0.121007
0.115155	0.179641
0.146889	0.196097
0.083115	0.183269
0.127029	0.176570
0.146156	0.286467
0.134899	0.162553
0.130539	0.178838
0.137663	0.336587
0.150937	0.311684
0.162798	0.332922
0.252823	0.453817
0.130659	0.216893
0.153957	0.154727
0.093668	0.110996
0.187661	0.260849
0.156931	0.350740
0.095013	0.165322
0.119729	0.134695
0.175913	0.303451
0.100203	0.104211
0.137486	0.228227
0.234139	0.430816
0.147234	0.315818
0.108107	0.167566
0.189348	0.364494
0.118580	0.112058
0.095487	0.127476
0.134644	0.284099
0.124256	0.171474
0.132785	0.356527
0.099985	0.272460
0.086558	0.148880
0.073272	0.092689
0.116488	0.221327
0.119065	0.203602
0.127810	0.197467
0.098547	0.141907
0.132446	0.272176
0.067429	0.116315
0.232200	1.072763
0.082946	0.175016
0.136370	0.211374
0.140053	0.277306
0.132115	0.412858
0.105323	0.228551
0.086367	0.192598
0.109240	0.244152
0.148941	0.218199
0.265597	1.039811
0.160730	0.333516
0.052613	0.098386
0.075258	0.170460
0.106140	0.320011
0.166713	0.585164
0.076994	0.152064
0.089250	0.189210
0.135661	0.560278
0.119145	0.352073
0.088882	0.193763
0.102197	0.112928
0.208924	0.914044
0.083801	0.161317
0.104882	0.221301
0.110884	0.119201
0.097507	0.217929
0.132492	0.476971
0.096651	0.150292
0.094797	0.145040
0.092820	0.220913
0.107994	0.201410
0.120444	0.187893
0.112199	0.424674
0.095068	0.153534
0.080073	0.130520
0.123884	0.189542
0.155500	0.355318
0.264081	0.532123
0.231417	0.356382
0.201866	0.323994
0.218641	0.409952
0.208188	0.296667
0.154338	0.155110
0.195644	0.546824
0.115292	0.121633
0.209610	0.415027
0.153546	0.228783
0.162493	0.450107
0.141326	0.173124
0.086620	0.140757
0.169682	0.238404
0.106592	0.189733
0.237857	0.677892
0.101554	0.226466
0.153545	0.226479
0.308241	0.494726
0.262770	0.579409
0.221268	0.355136
0.276558	0.550351
0.277553	0.802129
0.154718	0.133831
0.141545	0.135176
0.185573	0.262586
0.164741	0.511521
0.095356	0.133498
0.114229	0.182766
0.152511	0.370602
0.130060	0.193139
0.121794	0.184517
0.083114	0.125087
0.084612	0.107880
0.203913	0.418022
0.207813	0.480047
0.242579	1.018833
0.109551	0.163231
0.127414	0.310252
0.090777	0.123003
0.251810	0.814604
0.100257	0.170437
0.105229	0.146794
0.164111	0.326580
0.120139	0.174802
0.127053	0.242671
0.274672	0.903672
0.072548	0.122243
0.085234	0.201578
0.060579	0.113282
0.087795	0.103159
0.111959	0.151705
0.056880	0.084752
0.099641	0.277501
0.090388	0.182583
0.339722	0.956318
0.193111	0.127453
0.133991	0.373835
0.111601	0.207019
0.073824	0.128085
0.125490	0.150587
0.164460	0.307540
0.126463	0.149226
0.108169	0.188214
0.103540	0.194137
0.072835	0.248732
0.087805	0.287999
0.056418	0.100142
0.100802	0.249485
0.097133	0.233606
0.126508	0.204943
0.150531	0.284504
0.130284	0.117256
0.204134	0.217402
0.198639	0.390325
0.115721	0.162009
0.135270	0.250249
0.077530	0.150796
0.074464	0.141854
0.097433	0.176840
0.091697	0.145799
0.083330	0.259989
0.120028	0.235255
0.091179	0.158651
0.074306	0.145268
0.100607	0.202219
0.069338	0.082166
0.152234	0.371451
0.144991	0.213137
0.115706	0.230255
0.178416	0.342559
0.163616	0.267513
0.194981	0.246651
0.162583	0.299966
0.102600	0.111321
0.123932	0.245386
0.173933	0.615721
0.143460	0.399535
0.134712	0.293673
0.068673	0.079661
0.169053	0.234984
0.066999	0.087768
0.086786	0.138424
0.117961	0.260103
0.203623	0.463243
0.091788	0.199180
0.089047	0.184773
0.149679	0.337527
0.127949	0.434387
0.075074	0.395641
0.089041	0.128220
0.102650	0.187336
0.090015	0.221436
0.096551	0.146758
0.070893	0.192476
0.149225	0.373062
0.131341	0.306025
0.203985	0.258041
0.100719	0.196402
0.171497	0.428744
0.175625	0.327540
0.151137	0.154160
0.236506	0.307457
0.251757	0.298333
0.102611	0.178543
0.078710	0.146795
0.182771	0.572072
0.135752	0.313587
0.090749	0.198286
0.094328	0.115551
0.104495	0.107629
0.122524	0.160506
0.110622	0.165379
0.081000	0.272161
0.096195	0.176998
0.081959	0.131953
0.080889	0.126996
0.096962	0.110537
0.141846	0.280145
0.126377	0.202203
0.180638	0.307987
0.131250	0.246750
0.140156	0.223549
0.165036	0.284688
0.139237	0.255500
0.195528	0.336308
0.122829	0.257326
0.112603	0.195930
0.072882	0.123536
0.112082	0.291414
0.124777	0.197148
0.187859	0.385111
0.307107	1.254530
0.152643	0.142721
0.131901	0.230827
0.187834	0.365338
0.215519	0.644403
0.139792	0.211785
0.154494	0.222471
0.157472	0.415725
0.176775	0.254557
0.212733	0.348882
0.224891	0.329466
0.189041	0.303410
0.182197	0.262363
0.191050	0.214932
0.123019	0.258340
0.070203	0.097934
0.130259	0.170639
0.134618	0.203946
0.099147	0.137319
0.107776	0.200464
0.106420	0.196876
0.127008	0.359434
0.141692	0.547641
0.093419	0.169089
0.082094	0.155979
0.095423	0.273388
0.080830	0.139028
0.168850	0.640786
0.190918	0.899225
0.076757	0.356538
0.091579	0.149732
0.122465	0.190433
0.135444	0.442903
0.091594	0.266995
0.126716	0.271172
0.080586	0.262711
0.201769	0.576050
0.216013	0.668560
0.102198	0.191622
0.102439	0.250464
0.078285	0.179273
0.106678	0.182953
0.147977	0.467608
0.094677	0.142016
0.101768	0.183182
0.096005	0.119047
0.094127	0.149191
0.110330	0.123569
0.117367	0.238256
0.267675	1.240672
0.112138	0.148022
0.108897	0.248286
0.104270	0.165790
0.101567	0.225478
0.081316	0.122381
0.074388	0.225023
0.093635	0.243452
0.117531	0.222133
0.102193	0.219715
0.111559	0.180168
0.096945	0.235577
0.058642	0.107607
0.064889	0.180715
0.122304	0.184678
0.145729	0.370879
0.081044	0.161278
0.111410	0.222821
0.074240	0.269863
0.090663	0.144155
0.102541	0.232767
0.084400	0.159517
0.075745	0.116647
0.072306	0.133767
0.081836	0.117844
0.181135	0.589596
0.148826	0.378017
0.122284	0.136347
0.107498	0.169848
0.121743	0.171048
0.113231	0.194192
0.161214	0.303083
0.174983	0.397212
0.187643	0.304920
0.127672	0.275773
0.101643	0.141793
0.053979	0.104989
0.153238	0.339423
0.215696	0.330014
0.246882	0.476483
0.173040	0.179096
0.181676	0.200752
0.230738	0.548002
0.159194	0.249935
0.100831	0.164859
0.117398	0.181967
0.080383	0.170815
0.081213	0.159178
0.121604	0.300362
0.075758	0.132198
0.079841	0.207186
0.144723	0.446471
0.140919	0.376253
0.168928	0.539723
0.099567	0.236970
0.160316	0.344680
0.065854	0.103720
0.113043	0.140738
0.127491	0.158089
0.169902	0.814682
0.116858	0.197490
0.095256	0.162412
0.124076	0.156956
0.117483	0.238490
0.127183	0.125275
0.126366	0.125102
0.195045	0.384238
0.098770	0.154575
0.150676	0.299845
0.162541	0.300701
0.079779	0.116477
0.113804	0.175258
0.166774	0.459464
0.123548	0.174821
0.101540	0.205618
0.179908	1.082145
0.127622	0.286511
0.150623	0.283171
0.175110	0.379989
0.104866	0.146813
0.076026	0.091612
0.082609	0.105326
0.091629	0.147065
0.161465	0.436764
0.118791	0.159180
0.142252	0.581099
0.128712	0.321779
0.136350	0.131578
0.076446	0.098998
0.169629	0.198466
0.094007	0.184255
0.100324	0.139952
0.120581	0.180268
0.101730	0.333674
0.132928	0.345612
0.149781	0.524233
0.117153	0.177487
0.095498	0.151842
0.177331	0.415841
0.126444	0.223174
0.094780	0.127005
0.219554	1.165829
0.061213	0.109877
0.123549	0.155054
0.101654	0.213981
0.068559	0.152886
0.104038	0.241368
0.087134	0.188210
0.096137	0.280720
0.082388	0.163953
0.074988	0.199468
0.052379	0.157923
0.078209	0.182228
0.114340	0.485946
0.329743	1.637175
0.098717	0.292201
0.130979	0.514749
0.164104	0.699082
0.189426	1.002066
0.106334	0.395563
0.097583	0.214195
0.096938	0.124565
0.127431	0.179678
0.124993	0.177489
0.111987	0.237413
0.131852	0.116689
0.153321	0.142588
0.104697	0.125113
0.180733	0.384962
0.191359	0.273644
0.168143	0.210178
0.117567	0.115803
0.125547	0.146890
0.129324	0.152602
0.181965	0.413971
0.115349	0.210512
0.104053	0.109776
0.150800	0.314418
0.142688	0.241855
0.138944	0.152838
0.139821	0.167786
0.120996	0.190569
0.115816	0.234528
0.132922	0.299738
0.082917	0.168737
0.102187	0.137953
0.145951	0.222575
0.134885	0.484238
0.090344	0.154037
0.127600	0.248820
0.172363	0.266300
0.342706	0.352987
0.163872	0.108975
0.192661	0.192661
0.112678	0.171833
0.199817	0.345684
0.107956	0.390262
0.098402	0.237640
0.067349	0.189250
0.076485	0.157942
0.053579	0.135823
0.067805	0.250200
0.087193	0.112043
0.104804	0.200176
0.141704	0.493840
0.090613	0.206145
0.111808	0.277285
0.209606	0.615193
0.219739	0.313127
0.277484	0.377378
0.106330	0.149926
0.143140	0.415822
0.180491	0.271640
0.078796	0.126468
0.159128	0.299955
0.107406	0.133184
0.089458	0.213804
0.132830	0.399819
0.117717	0.539143
0.134507	0.235387
0.125133	0.277169
0.092214	0.143854
0.105575	0.235959
0.097563	0.271712
0.067423	0.114620
0.087032	0.116188
0.136864	0.364059
0.098034	0.154893
0.081523	0.127176
0.149380	0.216600
0.193308	0.371151
0.099268	0.114159
0.138806	0.372000
0.105200	0.099940
0.075720	0.114715
0.106800	0.155928
0.081097	0.107454
0.070381	0.205160
0.092215	0.171519
0.095688	0.159321
0.085725	0.095583
0.089468	0.144491
0.080698	0.173098
0.118530	0.244172
0.071073	0.122246
0.096771	0.224508
0.096918	0.135686
0.085423	0.109768
0.086456	0.139193
0.165194	0.223838
0.097338	0.242371
0.159058	0.255288
0.178987	0.235369
0.152723	0.226794
0.200500	0.331827
0.189552	0.377208
0.100977	0.144397
0.177006	0.182316
0.141698	0.116901
0.160008	0.207210
0.198969	0.270598
0.165757	0.285102
0.149449	0.201756
0.064453	0.088623
0.125134	0.180193
0.309112	1.063347
0.114365	0.162399
0.103910	0.131966
0.138387	0.223495
0.126169	0.129954
0.131392	0.128107
0.098059	0.092665
0.192261	0.280702
0.109038	0.136297
0.155218	0.285602
0.134962	0.197045
0.107978	0.170605
0.157803	0.287990
0.189657	0.601213
0.157903	0.318963
0.114596	0.130067
0.252766	0.552294
0.117418	0.203133
0.079420	0.102451
0.103291	0.183858
0.093391	0.134482
0.163686	0.524613
0.176548	0.579960
0.105138	0.150873
0.090735	0.140185
0.069036	0.157748
0.207567	0.512691
0.113241	0.386718
0.110023	0.293761
0.180528	0.493744
0.082110	0.133839
0.134550	0.127149
0.233710	0.501309
0.119541	0.244462
0.163203	0.221140
0.092681	0.144118
0.115064	0.125420
0.198338	0.332216
0.083522	0.168714
0.090259	0.176908
0.095715	0.142615
0.122954	0.166602
0.114294	0.228587
0.095626	0.187427
0.102005	0.137707
0.180571	0.591371
0.093698	0.170531
0.064069	0.117567
0.107175	0.125395
0.184555	0.467846
0.093888	0.193879
0.071510	0.127646
0.058704	0.099209
0.139151	0.516947
0.119159	0.228785
0.093030	0.148383
0.284333	0.355417
0.144738	0.147632
0.214686	0.361745
0.110486	0.184511
0.255550	0.950646
0.091188	0.193319
0.066202	0.119163
0.117836	0.169095
0.075794	0.105733
0.112081	0.209030
0.129857	0.199331
0.098934	0.166209
0.103118	0.209330
0.074770	0.109912
0.103133	0.125307
0.165915	0.252190
0.114138	0.232272
0.132109	0.206751
0.236312	0.503345
0.128231	0.135924
0.097524	0.123368
0.144678	0.289356
0.117764	0.126007
0.111594	0.300747
0.196382	0.430077
0.166170	0.406286
0.110018	0.172729
0.158255	0.318092
0.086619	0.126897
0.096585	0.115420
0.189456	0.422486
0.121129	0.248919
0.120632	0.187582
0.182456	0.878525
0.107123	0.261381
0.087265	0.114753
0.068232	0.110878
0.082593	0.182531
0.076678	0.127285
0.097919	0.205141
0.107447	0.235847
0.104919	0.182559
0.098665	0.215089
0.096531	0.250497
0.076856	0.139493
0.074910	0.101504
0.087090	0.232966
0.133363	0.307402
0.106802	0.148989
0.056834	0.103437
0.091902	0.202645
0.073976	0.150541
0.079101	0.176791
0.067770	0.100978
0.078796	0.143014
0.107046	0.238713
0.090723	0.195055
0.089382	0.107258
0.166997	0.242145
0.184512	0.346883
0.232926	4.140258
0.260044	0.137823
0.120733	0.147295
0.094077	0.100663
0.096400	0.168219
0.184521	0.416095
0.090998	0.143777
0.126337	0.228670
0.148495	0.227940
0.141261	0.201297
0.106451	0.135725
0.113568	0.120950
0.235969	0.479017
0.095445	0.123602
0.108462	0.205535
0.111272	0.176923
0.157038	0.372965
0.120965	0.179028
0.102794	0.123352
0.087575	0.172960
0.160494	0.258395
0.126288	0.233633
0.088693	0.110423
0.164277	0.574148
0.096783	0.222601
0.095296	0.104826
0.114819	0.180266
0.098069	0.128961
0.146036	0.433727
0.135264	0.564052
0.093656	0.217282
0.078189	0.204074
0.071163	0.095359
0.108400	0.207044
0.120055	0.177081
0.089584	0.112875
0.120494	0.233156
0.203493	0.675596
0.163335	0.383838
0.076068	0.150235
0.095909	0.222510
0.097835	0.180016
0.158364	0.528936
0.118337	0.232531
0.079484	0.137508
0.140301	0.162047
0.123602	0.188493
0.154176	0.299102
0.090403	0.127468
0.108837	0.181758
0.154763	0.386907
0.086877	0.141175
0.124025	0.188518
0.305633	0.530273
0.137633	0.240170
0.133118	0.236284
0.169763	0.326794
0.158155	0.341614
0.077389	0.135043
0.139250	0.366227
0.121226	0.334584
0.116412	0.262508
0.105164	0.211906
0.112216	0.241265
0.067140	0.109773
0.058579	0.099291
0.082016	0.140247
0.099098	0.107521
0.234156	0.378162
0.156045	0.139660
0.377161	0.544998
0.347818	0.318253
0.239218	0.113629
0.354712	0.292637
0.232025	0.274950
0.262163	0.550543
0.219458	0.400511
0.238644	0.315010
0.196887	0.270720
0.200643	0.123396
0.288687	0.346424
0.101360	0.170792
0.132765	0.163301
0.194729	0.583213
0.180976	0.387288
0.123170	0.172438
0.120790	0.185413
0.114593	0.198247
0.149203	0.309596
0.205286	0.264819
0.135785	0.203678
0.201550	0.211627
0.183357	0.265868
0.160123	0.216165
0.173200	0.260666
0.150757	0.169602
0.150127	0.171895
0.165411	0.239018
0.189508	0.258679
0.166040	0.264004
0.087071	0.097085
0.076560	0.113691
0.134160	0.321313
0.166024	0.210020
0.224882	1.232356
0.131849	0.261061
0.172157	0.383909
0.318374	1.107941
0.176723	0.323403
0.108416	0.179429
0.115588	0.303996
0.087327	0.145399
0.188322	0.485872
0.085544	0.197606
0.139442	0.204282
0.139880	0.282558
0.156956	0.265256
0.143765	0.322751
0.153213	0.379203
0.079146	0.130195
0.125138	0.200846
0.253686	0.800381
0.138779	0.247721
0.081235	0.106824
0.109970	0.141311
0.140242	0.176004
0.156789	0.240670
0.172348	0.171487
0.119508	0.132653
0.175006	0.182006
0.164378	0.281087
0.151041	0.303592
0.132067	0.178291
0.110300	0.123536
0.208158	0.402785
0.105302	0.107408
0.247487	1.059244
0.154053	0.308105
0.101394	0.133333
0.133567	0.284497
0.165777	0.288452
0.186641	0.424608
0.120343	0.159454
0.114677	0.186350
0.141161	0.261854
0.222376	0.478108
0.120530	0.188027
0.081163	0.111194
0.179256	0.370163
0.088747	0.194801
0.124524	0.220408
0.156829	0.269746
0.112590	0.345650
0.120269	0.187620
0.124522	0.235346
0.132232	0.179175
0.116061	0.167128
0.122787	0.254783
0.117090	0.146948
0.098768	0.182721
0.119749	0.247281
0.085927	0.227705
0.129010	0.248989
0.082199	0.101926
0.128857	0.242251
0.185948	0.343074
0.114836	0.283070
0.117401	0.248891
0.171529	0.383368
0.135234	0.235308
0.184805	0.206057
0.124850	0.189772
0.104945	0.128033
0.100935	0.145346
0.105439	0.153941
0.180984	0.466034
0.100045	0.282628
0.059411	0.399834
0.121256	0.298897
0.114622	0.215489
0.112154	0.185615
0.158837	0.400268
0.185734	0.578561
0.106362	0.103703
0.174765	0.260399
0.178895	0.322011
0.093191	0.115090
0.176383	0.351002
0.126375	0.130798
0.102906	0.124002
0.194487	0.752666
0.101207	0.112846
0.163433	0.236161
0.123618	0.231784
0.135968	0.201232
0.221952	0.371770
0.175958	0.361593
0.090010	0.126015
0.079594	0.138494
0.088841	0.151917
0.073781	0.133175
0.079163	0.119140
0.158292	0.262764
0.138417	0.273373
0.094491	0.277330
0.081069	0.135385
0.091085	0.209041
0.151479	0.324164
0.101905	0.156933
0.083357	0.125869
0.139609	0.383228
0.134187	0.160354
0.127618	0.282037
0.147188	0.287016
0.180282	0.465129
0.164162	0.271688
0.170647	0.296926
0.141215	0.124976
0.177392	0.144574
0.259180	0.322679
0.189041	0.254260
0.187950	0.316696
0.101704	0.127639
0.147268	0.167885
0.106013	0.102302
0.166979	0.285533
0.146172	0.219989
0.150589	0.266542
0.092210	0.143386
0.156126	0.167055
0.142553	0.170351
0.214372	0.428744
0.206307	0.529176
0.194469	0.245031
0.119400	0.112833
0.133251	0.179222
0.136360	0.214767
0.172826	0.399228
0.167793	0.359076
0.190440	0.221863
0.214402	0.283010
0.177510	0.247626
0.125236	0.140265
0.262809	0.290404
0.281004	1.028475
0.152481	0.224910
0.138287	0.124458
0.167691	0.199552
0.170419	0.131223
0.124011	0.146333
0.166612	0.182440
0.141771	0.151695
0.218930	0.538568
0.139456	0.273333
0.087957	0.175915
0.122659	0.147804
0.085991	0.186601
0.102985	0.223477
0.094849	0.136108
0.145549	0.287458
0.086476	0.111121
0.121265	0.163101
0.143234	0.390312
0.152040	0.496412
0.099755	0.237417
0.121482	0.250860
0.123571	0.233548
0.102850	0.260211
0.185711	0.636990
0.099473	0.174077
0.117026	0.157985
0.129571	0.245538
0.101543	0.176178
0.085977	0.164216
0.110238	0.240871
0.108991	0.174930
0.080442	0.185820
0.227858	1.116502
0.156123	0.167832
0.051609	0.115347
0.083233	0.165633
0.084947	0.207694
0.095086	0.300948
0.099904	0.272239
0.109085	0.357797
0.112120	0.282543
0.103188	0.126405
0.112497	0.257619
0.183115	0.373556
0.154284	0.180512
0.135097	0.179679
0.178424	0.526352
0.105695	0.114150
0.171516	0.122634
0.229014	0.490089
0.178709	0.237683
0.188153	0.506131
0.138496	0.142651
0.185887	0.691500
0.199309	0.621845
0.126423	0.109988
0.102278	0.155462
0.149059	0.124464
0.211822	0.695835
0.089837	0.128467
0.117870	0.125532
0.103003	0.126179
0.116907	0.103462
0.234384	0.289464
0.148528	0.124764
0.273674	0.481666
0.185960	0.221292
0.177823	0.390321
0.106978	0.116071
0.101468	0.168944
0.161485	0.352844
0.132723	0.275400
0.129586	0.184660
0.093572	0.205859
0.094872	0.187371
0.073014	0.122663
0.115980	0.287631
0.167768	0.438714
0.101705	0.185612
0.069195	0.132162
0.093514	0.126712
0.118902	0.242560
0.109460	0.138467
0.094084	0.168880
0.128418	0.232437
0.099835	0.150751
0.105768	0.153892
0.153862	0.272337
0.102319	0.186221
0.100530	0.187488
0.111114	0.211672
0.107600	0.146336
0.208145	1.091718
0.103303	0.155988
0.086174	0.163300
0.105629	0.296290
0.084672	0.116000
0.105339	0.185923
0.068670	0.111932
0.111601	0.146198
0.157023	0.248882
0.128040	0.169653
0.134878	0.110600
0.193330	0.308362
0.180053	0.487943
0.121577	0.173247
0.086601	0.095694
0.115252	0.151556
0.090236	0.107832
0.132395	0.197931
0.071421	0.156769
0.112094	0.152447
0.091304	0.177587
0.107320	0.240934
0.077649	0.098226
0.098047	0.181387
0.117905	0.245831
0.194987	0.311980
0.121002	0.258945
0.188051	0.662879
0.118737	0.161483
0.132027	0.326108
0.139596	0.316883
0.140210	0.412218
0.093120	0.140146
0.090514	0.124910
0.106189	0.267066
0.057135	0.147124
0.171022	0.496819
0.134367	0.272094
0.110149	0.202675
0.232227	0.538767
0.131591	0.288184
0.104357	0.279156
0.092625	0.222763
0.088647	0.159564
0.146026	0.343891
0.085751	0.111047
0.098885	0.252651
0.078188	0.159504
0.103676	0.184025
0.186943	0.675799
0.098065	0.103949
0.164784	0.151602
0.115655	0.134738
0.162179	0.228672
0.171211	0.264522
0.155557	0.290893
0.236085	0.794426
0.108895	0.176954
0.194016	0.502500
0.132653	0.626783
0.178746	0.521045
0.065794	0.135864
0.142330	0.325937
0.132798	0.215797
0.087545	0.240748
0.097445	0.346417
0.075796	0.156519
0.079983	0.147569
0.106096	0.140047
0.111224	0.186299
0.095962	0.102199
0.131079	0.394547
0.086230	0.112961
0.102580	0.170282
0.092608	0.102332
0.128743	0.167366
0.121211	0.166060
0.136376	0.289799
0.094406	0.112816
0.181828	0.142735
0.168688	0.337376
0.259611	0.552971
0.188313	0.206203
0.308539	0.541487
0.136169	0.243062
0.158513	0.390735
0.144853	0.436733
0.113075	0.185444
0.088247	0.151785
0.079743	0.101672
0.184643	0.504998
0.158320	0.330096
0.062644	0.166632
0.104155	0.247369
0.141049	0.205931
0.157708	0.387963
0.098103	0.188357
0.126929	0.330649
0.110250	0.158760
0.119688	0.110113
0.145754	0.188752
0.114928	0.185608
0.241452	0.409261
0.178525	0.257968
0.117458	0.135076
0.158662	0.304631
0.146061	0.270943
0.164366	0.212855
0.180960	0.367349
0.162288	0.236940
0.166360	0.343532
0.103633	0.216075
0.129601	0.188569
0.191497	0.652046
0.126233	0.231007
0.196065	0.512710
0.076826	0.166712
0.125903	0.445067
0.120919	0.175937
0.132441	0.159591
0.145277	0.270215
0.107431	0.291675
0.120083	0.250374
0.130059	0.338153
0.087950	0.200526
0.124152	0.382390
0.115788	0.164997
0.093249	0.161320
0.092920	0.177013
0.089916	0.132176
0.097374	0.126587
0.081568	0.100328
0.080701	0.104105
0.101255	0.112900
0.177354	0.297068
0.156665	0.394795
0.073303	0.107023
0.143839	0.348808
0.125250	0.408940
0.074058	0.142191
0.081775	0.155780
0.116389	0.187387
0.087172	0.114195
0.130159	0.175063
0.141569	0.169175
0.170379	0.218085
0.153593	0.158200
0.142951	0.233725
0.201506	0.392937
0.146118	0.223560
0.093984	0.139567
0.081284	0.130460
0.159975	0.517518
0.114353	0.251577
0.083351	0.135863
0.087916	0.112972
0.076895	0.143794
0.200461	0.467075
0.127908	0.230874
0.207802	0.471709
0.118334	0.213593
0.100978	0.145408
0.094785	0.143126
0.124460	0.220293
0.093368	0.222684
0.138940	0.284132
0.136794	0.416538
0.098371	0.180510
0.234292	0.569330
0.166313	0.371710
0.090417	0.178121
0.072858	0.089616
0.135588	0.233890
0.139776	0.203374
0.105850	0.182591
0.180010	0.240313
0.105177	0.101496
0.105392	0.134902
0.091772	0.187673
0.070754	0.165564
0.089500	0.149466
0.079676	0.117920
0.131031	0.166409
0.102362	0.114645
0.187686	0.275898
0.092971	0.134344
0.128742	0.218218
0.118847	0.168168
0.131204	0.313577
0.073302	0.118750
0.093561	0.167942
0.172755	0.495808
0.171620	0.532023
0.152602	0.348697
0.103304	0.247413
0.081372	0.102936
0.163221	0.406419
0.095383	0.178844
0.122913	0.310354
0.168963	0.397064
0.123809	0.144856
0.111152	0.206186
0.150371	0.166912
0.050770	0.124894
0.057362	0.200768
0.042186	0.135627
0.164921	0.917788
0.132822	0.306819
0.122763	0.212380
0.086148	0.233460
0.079190	0.115618
0.108616	0.312813
0.110588	0.272046
0.108146	0.279558
0.069713	0.198335
0.112557	0.341612
0.077126	0.098722
0.055099	0.141605
0.107151	0.232518
0.176277	0.407200
0.098079	0.142706
0.214358	0.598060
0.113390	0.231882
0.116315	0.184360
0.105118	0.117207
0.124618	0.228051
0.160840	0.345805
0.136728	0.228336
0.174964	0.344678
0.088454	0.167178
0.097271	0.130830
0.114021	0.308996
0.114510	0.211844
0.098069	0.263807
0.082298	0.161715
0.109267	0.177012
0.111361	0.152565
0.095619	0.152990
0.068530	0.123011
0.090749	0.161988
0.102718	0.124802
0.214914	0.219213
0.127597	0.146736
0.146361	0.144898
0.158632	0.140390
0.172781	0.215976
0.149612	0.212449
0.180261	0.246057
0.126519	0.123356
0.130081	0.224390
0.100796	0.146657
0.088252	0.137673
0.181342	0.339110
0.096789	0.115663
0.106523	0.152327
0.094305	0.215488
0.129359	0.257424
0.109113	0.188220
0.104460	0.134231
0.095318	0.158705
0.098791	0.159054
0.095011	0.145366
0.282831	1.006877
0.094092	0.167014
0.116506	0.211458
0.163342	0.218879
0.110623	0.134960
0.116311	0.253557
0.135850	0.184756
0.112025	0.210046
0.092004	0.133405
0.097986	0.197932
0.175015	0.781442
0.089743	0.109038
0.112021	0.132185
0.140432	0.268224
0.125241	0.235453
0.102291	0.137070
0.120081	0.138093
0.098167	0.187008
0.138004	0.281528
0.078503	0.143268
0.086039	0.123036
0.160439	0.477307
0.087185	0.113777
0.089934	0.164129
0.101884	0.229748
0.097516	0.237451
0.110183	0.263888
0.070876	0.123324
0.182893	0.342010
0.081747	0.162676
0.193800	0.513570
0.079321	0.110256
0.128935	0.362951
0.100993	0.142400
0.109322	0.166170
0.111954	0.174648
0.120910	0.205547
0.105433	0.335277
0.077955	0.104460
0.134699	0.410832
0.076705	0.119276
0.109822	0.144416
0.087075	0.192436
0.127469	0.354364
0.099867	0.176264
0.058092	0.149878
0.149784	0.407412
0.162844	0.376169
0.161201	0.270817
0.122310	0.150441
0.101704	0.100179
0.170507	0.238709
0.164832	0.248073
0.173520	0.300190
0.233600	0.594511
0.122999	0.283513
0.148768	0.111576
0.143617	0.256356
0.131521	0.308416
0.106051	0.269370
0.148022	0.267180
0.081916	0.110177
0.089443	0.130587
0.123906	0.192674
0.105908	0.239881
0.155785	0.226667
0.286488	0.555787
0.126024	0.160681
0.158156	0.172390
0.183220	0.418657
0.095184	0.133258
0.098223	0.187606
0.108584	0.148217
0.152566	0.349377
0.096561	0.209537
0.159817	0.312442
0.127999	0.255997
0.099337	0.236918
0.069246	0.135377
0.108701	0.240229
0.113911	0.296739
0.101094	0.143553
0.078608	0.097867
0.131613	0.220452
0.076077	0.109931
0.114470	0.200894
0.085843	0.180699
0.065802	0.090149
0.114073	0.207043
0.089890	0.100227
0.250227	0.524226
0.233154	0.382373
0.103447	0.187239
0.084544	0.105681
0.193469	0.325028
0.183738	0.314191
0.136240	0.185967
0.167170	0.159647
0.147044	0.175717
0.232979	0.587106
0.187619	0.433399
0.118661	0.179178
0.175688	0.130009
0.132485	0.117912
0.218470	0.171499
0.153220	0.120278
0.208521	0.452490
0.252723	0.684879
0.203813	0.256804
0.176732	0.194406
0.193490	0.365696
0.159614	0.194729
0.165079	0.221206
0.129070	0.143913
0.131899	0.147068
0.175762	0.192459
0.170765	0.166496
0.158507	0.137108
0.119660	0.196242
0.102826	0.106425
0.105784	0.125354
0.179827	0.791238
0.095737	0.104832
0.065283	0.154721
0.151433	0.325581
0.120731	0.199206
0.133767	0.212689
0.104348	0.226436
0.233776	0.669770
