Velocity(m/s)	Chord(mm)
0.102454	0.136776
0.116091	0.116091
0.107009	0.115570
0.061710	0.099044
0.105913	0.151455
0.078224	0.098954
0.109787	0.145468
0.114776	0.179051
0.072318	0.108839
0.098669	0.238286
0.074484	0.090498
0.107343	0.293583
0.170434	0.562433
0.110637	0.203020
0.182189	0.705073
0.089135	0.232644
0.257818	0.683219
0.241171	0.885097
0.076481	0.106308
0.204342	0.633461
0.116461	0.266114
0.125277	0.261202
0.095664	0.154976
0.077848	0.142072
0.197182	0.467321
0.134511	0.233377
0.083941	0.147736
0.180521	1.204977
0.073052	0.299511
0.205867	0.716418
0.105504	0.114472
0.083966	0.120491
0.089915	0.181629
0.161416	0.313147
0.097477	0.229070
0.088204	0.115106
0.151048	0.302095
0.086900	0.144255
0.180005	0.243907
0.129812	0.262869
0.124386	0.172275
0.100380	0.110418
0.138180	0.170652
0.177369	0.491311
0.115700	0.154460
0.230568	0.909591
0.072751	0.110218
0.105858	0.187898
0.110255	0.233189
0.154508	0.360004
0.112198	0.205323
0.133976	0.218381
0.155028	0.224791
0.126210	0.208246
0.156001	0.327602
0.198098	0.420957
0.115957	0.213361
0.087288	0.173704
0.085719	0.185153
0.072111	0.105643
0.090328	0.132331
0.155132	0.613547
0.205422	0.642972
0.074453	0.150396
0.156688	0.358815
0.069993	0.170083
0.085084	0.173571
0.093953	0.147977
0.083696	0.118848
0.097043	0.106262
0.150366	0.330806
0.204873	0.532669
0.110086	0.187697
0.105398	0.134382
0.223464	0.601117
0.086217	0.103029
0.133958	0.213663
0.245222	0.479409
0.114097	0.159166
0.199757	0.431476
0.090705	0.150116
0.142772	0.316240
0.212035	0.421949
0.147122	0.303807
0.198654	0.483722
0.164485	0.341307
0.155390	0.240077
0.249043	2.250106
0.114579	0.191920
0.129645	0.183448
0.192155	0.559170
0.092454	0.136832
0.104005	0.256893
0.074890	0.177115
0.077268	0.134833
0.057810	0.098277
0.078862	0.111590
0.062740	0.136146
0.125613	0.251226
0.093197	0.184531
0.155356	0.288963
0.285606	0.899658
0.090963	0.115069
0.093843	0.209739
0.226910	0.608120
0.098488	0.138375
0.092738	0.180376
0.264059	0.637702
0.106133	0.144871
0.228376	0.934057
0.209913	0.297027
0.114795	0.196300
0.096014	0.131539
0.196906	0.935301
0.108865	0.269986
0.037366	0.096778
0.116485	0.270246
0.116791	0.259861
0.094570	0.125779
0.189882	0.639903
0.061522	0.110432
0.112787	0.168617
0.106234	0.178473
0.220667	1.039340
0.087107	0.122385
0.278491	1.107003
0.190223	0.462242
0.098426	0.125493
0.098675	0.116437
0.188658	0.333924
0.097817	0.115424
0.195296	0.377898
0.125002	0.262504
0.112681	0.266491
0.155646	0.362656
0.098521	0.166994
0.111946	0.175756
0.102318	0.143757
0.177915	0.170799
0.118932	0.306845
0.333647	1.007613
0.119873	0.197191
0.112154	0.154212
0.258720	1.046522
0.119660	0.240516
0.095057	0.191065
0.098789	0.115583
0.108140	0.148152
0.123231	0.206411
0.219307	0.482474
0.083406	0.119687
0.106207	0.131165
0.165107	0.179141
0.191002	0.449809
0.075460	0.102249
0.152964	0.253155
0.155555	0.237222
0.213235	0.301728
0.171133	0.332854
0.228725	0.713621
0.186609	0.573823
0.096743	0.204611
0.166325	0.308533
0.094151	0.115335
0.284489	3.962938
0.099691	0.155020
0.114627	0.274532
0.135594	0.228476
0.111287	0.208107
0.127235	0.176856
0.176304	0.372883
0.350184	1.190625
0.161088	0.397886
0.110012	0.114413
0.178968	0.675605
0.152728	0.345929
0.070114	0.110780
0.157038	0.455410
0.106303	0.212605
0.110750	0.307885
0.114618	0.120349
0.133436	0.355607
0.138607	0.157319
0.089287	0.100001
0.138249	0.541937
0.143655	0.265044
0.087143	0.091936
0.152279	0.223850
0.137969	0.163493
0.311028	1.597128
0.161578	0.284377
0.092239	0.135591
0.113159	0.179356
0.115651	0.196028
0.123494	0.272303
0.134214	0.276481
0.093954	0.136233
0.085984	0.108769
0.118208	0.278380
0.122616	0.264851
0.178669	0.361805
0.084621	0.190819
0.134861	0.282534
0.072606	0.120526
0.168342	0.417487
0.068275	0.153277
0.149077	0.376420
0.111732	0.299443
0.118063	0.164697
0.132427	0.260219
0.174921	0.383078
0.191878	0.612092
0.117706	0.143013
0.175512	0.270288
0.271024	0.874053
0.152630	0.290759
0.102715	0.213133
0.134086	0.159563
0.116328	0.183217
0.141545	0.317769
0.124081	0.232031
0.102678	0.145290
0.074773	0.126740
0.148153	0.196303
0.158026	0.308941
0.231265	0.531909
0.172505	0.574441
0.079425	0.091735
0.159110	0.428006
0.205244	0.427934
0.191097	0.483477
0.142064	0.213096
0.165510	0.299573
0.183351	0.406123
0.127458	0.177804
0.156190	0.238971
0.179788	0.399129
0.140758	0.158353
0.081752	0.114044
0.188567	0.819325
0.076531	0.094898
0.181845	0.375510
0.083290	0.133264
0.138766	0.215781
0.206768	0.535529
0.162571	0.495028
0.078314	0.149580
0.256348	0.775454
0.097069	0.171326
0.158194	0.310852
0.158898	0.552169
0.138788	0.321989
0.133548	0.289800
0.152138	0.359046
0.115903	0.187762
0.132481	0.271587
0.191853	0.438384
0.146010	0.214635
0.175706	0.759927
0.149942	0.392849
0.157806	0.369266
0.254041	0.693533
0.124621	0.141444
0.103926	0.114838
0.184775	0.350149
0.144739	0.311188
0.120233	0.250685
0.081675	0.208679
0.089041	0.183869
0.100943	0.236711
0.113073	0.168479
0.182847	0.520200
0.107665	0.192182
0.150191	0.524917
0.118860	0.125991
0.087792	0.172511
0.087503	0.150505
0.065120	0.106471
0.053860	0.136535
0.096315	0.172885
0.109729	0.211777
0.061820	0.096748
0.151402	0.348226
0.128573	0.284790
0.118603	0.139951
0.108935	0.203708
0.074102	0.120046
0.091482	0.113895
0.104275	0.179874
0.141547	0.245584
0.127947	0.368488
0.191916	0.310904
0.150554	0.249166
0.107339	0.134711
0.105720	0.163866
0.134225	0.197982
0.151580	0.202360
0.207761	0.361503
0.120265	0.155743
0.096034	0.204553
0.195568	0.342243
0.165325	0.249640
0.135639	0.203459
0.205119	0.339472
0.120052	0.235903
0.105955	0.132973
0.069375	0.135975
0.092832	0.244612
0.065750	0.099283
0.093648	0.154519
0.116629	0.136455
0.151733	0.430922
0.186209	0.378936
0.103868	0.249803
0.197701	0.603976
0.098848	0.207581
0.122176	0.182653
0.118422	0.174672
0.113134	0.247763
0.241334	0.627469
0.138289	0.233708
0.181007	0.392785
0.141828	0.228344
0.121103	0.176205
0.101391	0.167295
0.154639	0.179381
0.169163	0.294343
0.208053	0.266308
0.118012	0.159316
0.141551	0.208081
0.118134	0.184289
0.134292	0.171894
0.126409	0.296429
0.089708	0.206776
0.128156	0.213379
0.170049	0.457433
0.119343	0.229736
0.101612	0.287053
0.136622	0.302619
0.076151	0.101281
0.105349	0.123785
0.087409	0.168699
0.186130	0.300600
0.125489	0.225880
0.105358	0.124849
0.206279	0.522917
0.150899	0.370458
0.071242	0.186654
0.223934	0.470261
0.153768	0.223732
0.101724	0.169878
0.072129	0.090883
0.135573	0.193192
0.120860	0.135968
0.134810	0.135484
0.144288	0.159438
0.197839	0.494598
0.243337	0.663094
0.169453	0.233845
0.138929	0.328567
0.157625	0.225403
0.200796	0.476891
0.102349	0.161199
0.162267	0.279100
0.161261	0.460401
0.122162	0.280974
0.137830	0.254297
0.079791	0.098940
0.168399	0.430260
0.387205	1.763718
0.123654	0.223814
0.197871	0.441253
0.312503	0.864069
0.120238	0.227852
0.289999	1.795091
0.108654	0.300971
0.073788	0.141304
0.127024	0.189266
0.123107	0.146497
0.093723	0.096535
0.101228	0.163990
0.089105	0.110045
0.106329	0.319520
0.080535	0.151004
0.122938	0.137076
0.107882	0.187714
0.144917	0.184044
0.200145	0.445322
0.163281	0.490661
0.259728	1.572653
0.095609	0.261490
0.094023	0.187106
0.113095	0.226190
0.145102	0.331559
0.084186	0.118702
0.063395	0.140104
0.073837	0.142137
0.069999	0.113748
0.191263	0.706716
0.098545	0.181322
0.107559	0.235016
0.122744	0.361480
0.107641	0.136704
0.080446	0.214389
0.101626	0.220529
0.119994	0.206990
0.141609	0.185508
0.183706	0.359145
0.133415	0.292180
0.204092	0.358182
0.135113	0.216181
0.129571	0.138641
0.140581	0.262887
0.211586	0.541661
0.134608	0.129897
0.124376	0.119401
0.152308	0.120323
0.188584	0.347938
0.077348	0.126850
0.102521	0.137378
0.234343	1.145939
0.106226	0.214046
0.174604	0.279367
0.186527	0.692014
0.232790	0.469071
0.091773	0.156473
0.100564	0.206658
0.097878	0.159052
0.084348	0.136222
0.184653	0.625974
0.081893	0.137580
0.252987	0.925934
0.169056	0.551121
0.100598	0.187113
0.123413	0.399242
0.082517	0.185250
0.109777	0.199245
0.211405	0.297024
0.143971	0.309537
0.116967	0.207616
0.248445	0.910550
0.119793	0.234195
0.074368	0.128284
0.146376	0.461816
0.081454	0.131141
0.150711	0.251687
0.181569	0.450292
0.080951	0.098761
0.097823	0.194667
0.175978	0.542011
0.100976	0.184282
0.192300	0.341332
0.145418	0.564222
0.134744	0.324060
0.241853	2.216586
0.104891	0.103318
0.236949	0.735728
0.092499	0.130886
0.145192	0.391293
0.067243	0.142554
0.102343	0.160167
0.101617	0.222541
0.094579	0.124372
0.073708	0.201960
0.127068	0.189331
0.178201	0.308288
0.132548	0.225994
0.116640	0.145800
0.193422	0.253383
0.088205	0.194932
0.104553	0.278110
0.183991	0.352343
0.166747	0.244284
0.124115	0.220303
0.073740	0.114665
0.095103	0.114600
0.150245	0.218607
0.139745	0.491203
0.084293	0.101152
0.105068	0.135538
0.108232	0.169924
0.137517	0.367857
0.101350	0.241721
0.218485	0.643437
0.146877	0.315052
0.064290	0.117650
0.085022	0.142838
0.087755	0.125051
0.095144	0.166027
0.150751	0.290196
0.116009	0.202436
0.133734	0.201938
0.270780	1.171125
0.080784	0.111482
0.083822	0.155489
0.098063	0.210345
0.056672	0.126378
0.085738	0.157330
0.105419	0.152858
0.120976	0.211104
0.144331	0.398353
0.083072	0.152436
0.100817	0.150218
0.212620	0.761179
0.077304	0.178185
0.102341	0.309582
0.054946	0.132145
0.084450	0.163833
0.127199	0.247403
0.135778	0.165649
0.104413	0.156098
0.154324	0.516214
0.102544	0.128693
0.119350	0.187977
0.119744	0.181413
0.088394	0.179881
0.082878	0.264794
0.062485	0.119971
0.077828	0.151376
0.195487	0.375335
0.203338	0.761499
0.171195	0.290175
0.122249	0.212103
0.114572	0.198209
0.077139	0.134222
0.108020	0.262489
0.221294	0.716992
0.100020	0.197540
0.091340	0.171720
0.094493	0.180481
0.095001	0.146776
0.086452	0.163826
0.073956	0.088747
0.148430	0.279790
0.173917	0.311311
0.178307	0.325409
0.128074	0.148566
0.099545	0.169724
0.066905	0.118088
0.098217	0.155674
0.175888	0.466104
0.148378	0.463682
0.222493	0.691953
0.094958	0.150983
0.090002	0.108452
0.064336	0.120630
0.080103	0.148191
0.077223	0.120082
0.092568	0.163382
0.103406	0.176307
0.145276	0.581830
0.097298	0.149353
0.090989	0.169239
0.124794	0.416813
0.230099	0.483209
0.168763	0.298710
0.126392	0.230033
0.074680	0.114260
0.064257	0.097028
0.080753	0.131224
0.176206	0.298669
0.148213	0.280122
0.148682	0.238634
0.167101	0.375142
0.108532	0.193729
0.207332	0.646875
0.100525	0.132191
0.143874	0.167613
0.160734	0.165556
0.174335	0.344312
0.136321	0.147227
0.078854	0.110001
0.099137	0.150193
0.068406	0.126893
0.186967	0.620731
0.089994	0.149841
0.072125	0.137037
0.103889	0.191675
0.093686	0.163481
0.231724	1.316194
0.117648	0.231179
0.138980	0.166082
0.108343	0.149513
0.117435	0.310616
0.148224	0.893049
0.083090	0.121727
0.138297	0.266913
0.159842	0.534673
0.118634	0.186255
0.111309	0.176981
0.158993	0.313217
0.269288	1.432614
0.088332	0.166948
0.095847	0.146646
0.125611	0.266924
0.141636	0.307350
0.181053	0.242612
0.181395	0.395440
0.189301	0.547081
0.219662	0.385506
0.119786	0.221605
0.152148	0.358309
0.177590	0.254842
0.082538	0.229869
0.154881	0.256329
0.288734	1.097189
0.080576	0.139800
0.177635	0.306420
0.092760	0.127081
0.118344	0.191717
0.138587	0.358247
0.107202	0.182780
0.104949	0.220917
0.066680	0.092685
0.070023	0.101534
0.089363	0.150577
0.115683	0.223268
0.136294	0.139702
0.163431	0.116036
0.102802	0.128502
0.164135	0.210914
0.169012	0.310138
0.133101	0.362034
0.173728	0.390020
0.125934	0.281463
0.106838	0.230770
0.121014	0.188177
0.135520	0.255456
0.182292	0.306251
0.166317	0.375044
0.102042	0.162757
0.162434	0.358980
0.117911	0.120859
0.178863	0.268295
0.159470	0.335684
0.074828	0.124963
0.103531	0.112331
0.148018	0.183542
0.269712	0.861729
0.335822	0.748882
0.175947	0.312306
0.079335	0.110276
0.158443	0.179833
0.166064	0.278988
0.193896	0.363554
0.147160	0.239134
0.144435	0.160323
0.185673	0.172676
0.172430	0.253473
0.075279	0.118942
0.217275	0.450846
0.154572	0.195533
0.126856	0.167450
0.132659	0.409917
0.105184	0.237190
0.111666	0.166940
0.129726	0.303558
0.118993	0.199313
0.106507	0.111832
0.207117	0.912350
0.175246	0.569551
0.112888	0.330196
0.065426	0.107953
0.106505	0.115558
0.162943	0.646069
0.185132	0.520221
0.093921	0.173754
0.073983	0.119112
0.079321	0.106291
0.085682	0.163652
0.124011	0.231901
0.127059	0.267460
0.084815	0.115773
0.207117	1.093578
0.130286	0.444275
0.086882	0.134667
0.142479	0.372583
0.104601	0.233259
0.132254	0.146802
0.089950	0.167306
0.194636	0.460314
0.228463	0.499193
0.193862	0.308240
0.080405	0.166036
0.089225	0.128038
0.212213	1.074860
0.138902	0.240301
0.110400	0.162840
0.126134	0.284433
0.138898	0.382664
0.106961	0.144397
0.115081	0.196789
0.099719	0.137114
0.094124	0.145892
0.111269	0.206961
0.132807	0.315416
0.105479	0.139760
0.122540	0.148886
0.072777	0.086604
0.160323	0.304613
0.108150	0.239552
0.099691	0.115144
0.187292	0.477594
0.173671	0.459360
0.124592	0.146395
0.144298	0.250358
0.256368	1.366440
0.133820	0.216120
0.183550	0.407481
0.163665	0.312600
0.114444	0.214009
0.151864	0.214129
0.192962	0.339613
0.102158	0.122078
0.149195	0.158147
0.112278	0.106103
0.225562	0.295487
0.213161	0.560613
0.112597	0.267980
0.085287	0.130916
0.110453	0.113767
0.130449	0.206762
0.130170	0.225844
0.146933	0.215992
0.102385	0.128494
0.205871	0.444681
0.148352	0.391649
0.170513	0.280494
0.090633	0.119183
0.170212	0.275743
0.107107	0.131742
0.267879	0.731309
0.140103	0.187038
0.392457	2.029005
0.134344	0.173975
0.082778	0.145690
0.128263	0.209709
0.125602	0.132510
0.099813	0.146226
0.139161	0.200392
0.083128	0.174154
0.230056	0.302524
0.141861	0.231234
0.235919	0.812740
0.221480	0.383160
0.126844	0.223879
0.125696	0.224367
0.187216	0.304226
0.166517	0.316383
0.137775	0.205973
0.181247	0.353432
0.127980	0.216926
0.121099	0.246436
0.144875	0.284679
0.084191	0.160805
0.104155	0.147380
0.105454	0.150799
0.127316	0.265454
0.122083	0.117810
0.195296	0.537064
0.183911	0.402765
0.142980	0.233772
0.210748	0.427819
0.195457	0.304913
0.162570	0.452757
0.065256	0.131490
0.214410	0.660382
0.188218	0.420668
0.165190	0.256045
0.128393	0.246515
0.083452	0.095136
0.106396	0.160126
0.186111	0.370360
0.121361	0.235441
0.131793	0.260951
0.239314	1.140331
0.293608	0.629790
0.136078	0.152407
0.122102	0.123934
0.165667	0.285775
0.120990	0.168781
0.093811	0.150567
0.096504	0.099399
0.142295	0.237632
0.283095	0.505325
0.096209	0.215989
0.105492	0.141359
0.090068	0.176983
0.125011	0.251272
0.179944	0.312203
0.231685	0.704322
0.111415	0.310849
0.088639	0.099276
0.065272	0.171338
0.097109	0.109248
0.134711	0.301080
0.095046	0.120233
0.104971	0.124391
0.249204	0.493424
0.098452	0.135864
0.152071	0.237231
0.102538	0.199950
0.112007	0.319781
0.169490	0.330506
0.139127	0.322775
0.175947	0.573587
0.220028	0.715092
0.073309	0.144785
0.186124	0.697035
0.186803	0.353058
0.134027	0.211762
0.235510	0.613504
0.163320	0.303776
0.241529	0.611069
0.104155	0.131756
0.120413	0.169180
0.152560	0.225789
0.168420	0.255998
0.101050	0.094482
0.128767	0.191863
0.111112	0.188334
0.157671	0.452515
0.095283	0.146735
0.088883	0.152878
0.065350	0.121877
0.080918	0.125827
0.113255	0.181208
0.081641	0.105317
0.098172	0.127132
0.081084	0.122843
0.108873	0.221013
0.148899	0.262807
0.096351	0.119957
0.141540	0.196741
0.119503	0.214508
0.117772	0.183136
0.136499	0.310536
0.070036	0.146726
0.088335	0.146636
0.141678	0.174264
0.082425	0.137650
0.106578	0.125763
0.089294	0.115636
0.065740	0.092365
0.115747	0.241331
0.065586	0.117727
0.089516	0.138302
0.082754	0.133648
0.141659	0.263487
0.116391	0.196701
0.098023	0.252901
0.065433	0.118762
0.111346	0.167576
0.119869	0.231347
0.255662	0.993246
0.177752	0.554586
0.149367	0.342051
0.136496	0.277087
0.136542	0.443762
0.364897	1.733260
0.126393	0.207284
0.104017	0.217915
0.119351	0.129496
0.072700	0.104325
0.099251	0.144906
0.213061	0.470865
0.112464	0.101780
0.192877	0.717502
0.140870	0.204966
0.097107	0.194215
0.085263	0.119795
0.129056	0.244561
0.089738	0.188899
0.221317	1.028018
0.118380	0.240903
0.218787	0.950631
0.076893	0.091502
0.267965	1.208523
0.059115	0.085716
0.148479	0.440240
0.131814	0.206947
0.108723	0.129924
0.135684	0.162143
0.115970	0.147282
0.132167	0.282177
0.103708	0.247342
0.092697	0.094087
0.120219	0.146667
0.131266	0.179835
0.099983	0.108981
0.079892	0.113446
0.138660	0.244041
0.179654	0.691669
0.194567	0.453342
0.135870	0.342393
0.114920	0.190193
0.132562	0.252530
0.079665	0.122684
0.101822	0.109458
0.117473	0.303081
0.098273	0.160186
0.128882	0.243588
0.142309	0.287465
0.095202	0.173267
0.111231	0.167403
0.118241	0.289690
0.204847	0.440422
0.133860	0.184726
0.129103	0.178162
0.151386	0.162740
0.157240	0.290894
0.129842	0.251244
0.079620	0.123809
0.094022	0.150905
0.085172	0.129462
0.112692	0.258065
0.112363	0.155061
0.147849	0.288305
0.126879	0.264543
0.155004	0.355733
0.075029	0.107291
0.148377	0.298981
0.324828	1.521819
0.453752	1.921642
0.149742	0.250818
0.094915	0.187933
0.181559	0.297757
0.156307	0.285260
0.224673	0.335887
0.224589	0.326776
0.115464	0.100454
0.148285	0.130491
0.243791	0.455890
0.227024	0.316698
0.189977	0.141533
0.184958	0.179409
0.255101	0.410712
0.125317	0.196747
0.158225	0.477838
0.119255	0.311256
0.081879	0.177677
0.129941	0.185165
0.224172	1.455997
0.140573	0.189070
0.121876	0.145033
0.146788	0.277429
0.147044	0.363198
0.141873	0.212810
0.099745	0.190015
0.113028	0.232839
0.100938	0.299785
0.114730	0.211103
0.175395	0.554248
0.090381	0.119303
0.092038	0.136216
0.112110	0.203479
0.085217	0.097147
0.115370	0.181708
0.147955	0.488253
0.130938	0.213429
0.108000	0.195480
0.115621	0.165339
0.073740	0.139736
0.119463	0.282531
0.076644	0.082776
0.143101	0.264022
0.126365	0.160484
0.168853	0.377385
0.225808	0.543069
0.090539	0.103214
0.126229	0.265712
0.117246	0.156524
0.104783	0.111593
0.216553	0.852137
0.081748	0.219084
0.052778	0.089987
0.089018	0.206522
0.086242	0.175502
0.067889	0.196199
0.073893	0.172170
0.106352	0.275983
0.088986	0.117461
0.238498	0.519926
0.102512	0.137367
0.163544	0.561773
0.103856	0.144360
0.134491	0.381955
0.184464	0.321889
0.216059	0.639535
0.080571	0.132539
0.085440	0.168317
0.124301	0.233064
0.125630	0.224877
0.096402	0.227991
0.173185	0.346369
0.070024	0.096984
0.091493	0.188477
0.069182	0.153929
0.160001	0.263202
0.086515	0.132368
0.195222	0.302594
0.193776	0.561950
0.150898	0.494192
0.051388	0.156476
0.124696	0.316727
0.196180	0.466907
0.208117	0.548387
0.096142	0.150943
0.074736	0.132283
0.059485	0.157635
0.076185	0.147418
0.181498	0.556292
0.086854	0.191947
0.078890	0.136874
0.110827	0.310315
0.104613	0.177319
0.166292	0.418223
0.089765	0.144073
0.104112	0.184800
0.082945	0.156766
0.062827	0.105550
0.089398	0.137672
0.210135	0.479109
0.096540	0.128399
0.122551	0.188728
0.090060	0.103569
0.139603	0.249889
0.098465	0.131451
0.160649	0.327724
0.112649	0.179675
0.125605	0.167683
0.114201	0.188432
0.063809	0.100499
0.083080	0.132098
0.122762	0.308132
0.093724	0.180420
0.098451	0.125525
0.111037	0.138796
0.195545	0.656052
0.110385	0.243950
0.211313	1.157993
0.105098	0.367842
0.094757	0.188567
0.095438	0.134567
0.183231	0.344475
0.083475	0.099753
0.115785	0.269778
0.093838	0.115890
0.151605	0.592019
0.090600	0.178482
0.106450	0.144772
0.173108	0.253604
0.109875	0.215355
0.130220	0.290391
0.104491	0.170843
0.104791	0.325899
0.111412	0.240649
0.130480	0.183324
0.128851	0.228710
0.178441	0.355097
0.100388	0.206800
0.124611	0.128350
0.159367	0.246222
0.157805	0.377943
0.117515	0.159821
0.113562	0.194759
0.196027	1.303580
0.109335	0.241084
0.085899	0.213029
0.076366	0.115312
0.168916	0.291381
0.125763	0.216941
0.163658	0.427147
0.202055	0.412193
0.061418	0.085986
0.080269	0.128029
0.106410	0.194199
0.154538	0.297485
0.184365	0.280236
0.108367	0.187474
0.099390	0.166976
0.092876	0.239620
0.084304	0.150904
0.081641	0.141647
0.141174	0.422817
0.119794	0.249772
0.081859	0.145300
0.089136	0.186741
0.143289	0.240008
0.228675	0.403611
0.204743	0.320422
0.128063	0.231794
0.217326	0.422699
0.157871	0.335477
0.158011	0.308122
0.063408	0.122377
0.160754	0.358481
0.148148	0.303704
0.159389	0.295666
0.142883	0.240043
0.244725	0.617931
0.145364	0.190427
0.184652	0.480094
0.093920	0.193476
0.082484	0.125376
0.193217	0.699447
0.109955	0.184725
0.120550	0.260388
0.092044	0.147271
0.091828	0.127181
0.110507	0.237591
0.095519	0.175278
0.117914	0.284762
0.090045	0.127864
0.085576	0.114671
0.064219	0.101786
0.094810	0.143637
0.118368	0.377594
0.064126	0.117350
0.116598	0.212791
0.215299	0.709411
0.082420	0.150829
0.198940	0.666449
0.143598	0.272836
0.154093	0.355956
0.113199	0.137537
0.111908	0.203113
0.062468	0.117441
0.105765	0.113169
0.092450	0.118798
0.139040	0.250966
0.122699	0.323926
0.116083	0.221138
0.181351	0.476045
0.167172	0.402049
0.103740	0.105815
0.168541	0.174440
0.119471	0.191153
0.117869	0.218058
0.116495	0.138629
0.203795	0.516620
0.095224	0.199970
0.165172	0.184166
0.158600	0.307684
0.231613	0.466701
0.098372	0.114111
0.086763	0.121034
0.092472	0.186794
0.112261	0.147623
0.151739	0.217746
0.097238	0.177946
0.089092	0.100228
0.139314	0.259124
0.167120	0.368501
0.219460	0.306147
0.230458	0.500094
0.149175	0.191690
0.120351	0.228666
0.229161	0.568319
0.274984	0.655837
0.179492	0.241416
0.210458	0.307268
0.135377	0.129285
0.160887	0.208348
0.090636	0.127343
0.185292	0.310364
0.217777	0.552065
0.179959	0.270839
0.155872	0.200296
0.175425	0.246473
0.187165	0.538099
0.112084	0.300385
0.139156	0.182991
0.164793	0.379847
0.217881	0.496769
0.125760	0.164746
0.178706	0.383325
0.132437	0.140384
0.161836	0.298587
0.133486	0.221587
0.125073	0.200116
0.114505	0.170613
0.192845	0.420402
0.137916	0.258593
0.126912	0.190368
0.119772	0.170077
0.112266	0.119563
0.141251	0.301570
0.128764	0.233062
0.088217	0.116888
0.090554	0.101874
0.278732	0.957445
0.124572	0.193709
0.077406	0.126172
0.125187	0.281044
0.135054	0.240396
0.112723	0.155557
0.166321	0.298547
0.146042	0.250463
0.081714	0.104185
0.140580	0.252340
0.164294	0.168402
0.212126	0.657590
0.072127	0.100257
0.193705	0.182082
0.141143	0.330275
0.128316	0.148206
0.108349	0.136520
0.135390	0.208500
0.276012	1.041946
0.207891	0.477110
0.151327	0.325354
0.106370	0.118602
0.195045	0.588060
0.083154	0.147598
0.071530	0.096923
0.125509	0.212737
0.134908	0.204386
0.129774	0.240081
0.148982	0.297963
0.195202	0.390405
0.200763	0.476813
0.138632	0.307071
0.079218	0.106549
0.137598	0.378395
0.127118	0.151907
0.124020	0.125880
0.134203	0.118769
0.114623	0.144425
0.142067	0.217363
0.098557	0.179374
0.079542	0.104996
0.141824	0.250319
0.130567	0.139054
0.089606	0.151435
0.128328	0.299004
0.184656	0.320378
0.115186	0.146862
0.154134	0.296709
0.233752	0.577368
0.136746	0.149054
0.142828	0.244950
0.087771	0.166765
0.109332	0.195158
0.106666	0.163198
0.353896	1.631460
0.081127	0.129804
0.079770	0.145979
0.158621	0.357689
0.086208	0.135777
0.114269	0.130267
0.076125	0.157198
0.103140	0.166572
0.141497	0.418124
0.126298	0.234914
0.113149	0.211589
0.148888	0.307453
0.138376	0.237315
0.106707	0.236357
0.244155	0.469998
0.207015	0.393329
0.124554	0.149464
0.162885	0.228853
0.364391	0.969280
0.324338	0.505967
0.317308	0.680626
0.228887	0.352486
0.155600	0.300309
0.125111	0.152010
0.178501	0.240084
0.234984	0.390073
0.162309	0.268622
0.253281	0.531889
0.218730	0.269037
0.293912	0.656893
0.190689	0.383285
0.137827	0.117842
0.177567	0.273453
0.089500	0.101583
0.180918	0.200819
0.157183	0.322224
0.184050	0.519020
0.150126	0.176398
0.145466	0.158558
0.119386	0.257873
0.131049	0.146775
0.185601	0.542884
0.121337	0.162592
0.158712	0.215848
0.140731	0.154804
0.092812	0.157316
0.168464	0.308289
0.186533	0.330163
0.162685	0.214744
0.195842	0.597317
0.182921	0.436266
0.195574	0.254247
0.321168	0.594160
0.439068	0.406138
0.277943	0.247369
0.305601	0.944306
0.103424	0.140656
0.180622	0.254677
0.149868	0.400147
0.119892	0.231391
0.206549	0.387279
0.159943	0.416651
0.110371	0.267650
0.141990	0.278300
0.100046	0.129560
0.108299	0.242048
0.131535	0.187437
0.116682	0.245616
0.095738	0.234557
0.116996	0.129281
0.107271	0.125507
0.156531	0.282539
0.165629	0.340368
0.113331	0.147330
0.180933	0.331108
0.081650	0.100022
0.190027	0.289791
0.111179	0.165100
0.189395	0.815348
0.086653	0.140811
0.119615	0.302625
0.301543	1.580088
0.116448	0.177001
0.100276	0.152921
0.128620	0.230229
0.162421	0.484826
0.111262	0.178575
0.115621	0.134699
0.098803	0.155615
0.117325	0.178920
0.183069	0.348747
0.100554	0.209656
0.104401	0.124237
0.197511	0.401934
0.180484	0.447601
0.094321	0.128748
0.110149	0.178441
0.130294	0.183714
0.143443	0.267521
0.122500	0.172726
0.099707	0.125132
0.105282	0.127918
0.153675	0.209766
0.127602	0.177366
0.077150	0.108782
0.079656	0.087622
0.082905	0.104460
0.092696	0.196515
0.099110	0.209618
0.095391	0.135932
0.140864	0.288067
0.267688	0.718743
0.099758	0.110233
0.111646	0.162445
0.100158	0.162257
0.118551	0.190274
0.168590	0.187978
0.103316	0.109515
0.177316	0.279272
0.111542	0.101503
0.113410	0.122482
0.214263	0.415671
0.215445	0.343635
0.140412	0.335585
0.173107	0.210325
0.114645	0.116365
0.087831	0.124720
0.094327	0.151395
0.254363	0.750370
0.108819	0.154522
0.089055	0.247127
0.120814	0.265790
0.120292	0.132321
0.173216	0.248565
0.154891	0.277254
0.129781	0.229063
0.112775	0.188898
0.087931	0.174104
0.228475	1.031563
0.094963	0.095913
0.208141	0.962651
0.095682	0.175099
0.086981	0.160479
0.143271	0.474227
0.094612	0.138607
0.078936	0.125114
0.138612	0.309104
0.157985	0.327820
0.122880	0.256205
0.152345	0.205666
0.129297	0.141580
0.122894	0.230426
0.091343	0.169897
0.125225	0.158409
0.121082	0.267592
0.179368	0.255599
0.156972	0.231534
0.169875	0.389014
0.120907	0.240605
0.142390	0.340312
0.123334	0.308335
0.156476	0.448302
0.078872	0.132899
0.096627	0.157985
0.057806	0.141626
0.096438	0.117172
0.075387	0.139465
0.081216	0.126290
0.082763	0.108006
0.082261	0.109819
0.078957	0.165416
0.154838	0.557417
0.109665	0.206718
0.098865	0.185867
0.084111	0.113550
0.084774	0.125465
0.108201	0.127136
0.100232	0.101735
0.144418	0.237567
0.093490	0.151922
0.149648	0.279843
0.161528	0.180104
0.187083	0.460225
0.085908	0.124996
0.116234	0.218520
0.115051	0.256565
0.120642	0.324528
0.144537	0.260167
0.147635	0.183806
0.195447	0.680157
0.123986	0.239293
0.076394	0.095492
0.150200	0.354471
0.166243	0.226921
0.111168	0.176201
0.129856	0.146088
0.135595	0.138985
0.088130	0.120298
0.139144	0.305421
0.177132	0.563279
0.151193	0.221498
0.138392	0.163994
0.288776	2.066192
0.129017	0.282548
0.158432	0.583030
0.112427	0.241155
0.262373	1.708049
0.077001	0.115502
0.120920	0.125152
0.104762	0.168667
0.126305	0.198930
0.152342	0.266598
0.165611	0.171408
0.115797	0.129692
0.262043	1.508057
0.210614	0.335930
0.136329	0.211309
0.135075	0.177623
0.099670	0.147013
0.188295	0.482035
0.102153	0.241081
0.201223	0.432629
0.312305	1.063399
0.182984	0.311073
0.178037	0.327588
0.134076	0.288264
0.249348	1.064715
0.150590	0.145319
0.099022	0.146058
0.080307	0.105202
0.167298	0.502729
0.220654	0.486542
0.077523	0.106207
0.222625	0.502020
0.180960	0.633361
0.052202	0.097357
0.119790	0.247367
0.088933	0.106720
0.094938	0.246364
0.115863	0.207395
0.169749	0.250380
0.121572	0.135553
0.133577	0.239772
0.139937	0.270078
0.189614	0.472138
0.141264	0.327732
0.131157	0.205261
0.116944	0.190035
0.148926	0.334339
0.187836	0.772945
0.068961	0.103442
0.142965	0.300227
0.259469	1.227287
0.142350	0.220642
0.158399	0.364317
0.159283	0.266798
0.172691	0.281486
0.082709	0.110004
0.092348	0.162071
0.246103	1.739950
0.128757	0.316743
0.138120	0.337013
0.163200	0.483888
0.077040	0.117871
0.084152	0.165780
0.125401	0.300335
0.132256	0.448346
0.104279	0.175710
0.101517	0.214708
0.096452	0.152395
0.126622	0.250712
0.161525	0.414312
0.075926	0.172352
0.113896	0.158316
0.125848	0.168007
0.128989	0.234760
0.152537	0.311939
0.202772	0.506931
0.130880	0.284011
0.085104	0.114891
0.111565	0.216436
0.117404	0.257701
0.130631	0.205743
0.189153	0.201448
0.190201	0.563947
0.124022	0.230682
0.166683	0.213355
0.093399	0.233498
0.105956	0.120261
0.148830	0.255243
0.086309	0.119969
0.174744	0.253378
0.218775	0.435362
0.148148	0.193333
0.128961	0.317245
0.183306	0.442685
0.189960	0.434059
0.154395	0.300298
0.297786	1.859673
0.211994	0.322231
0.138617	0.130300
0.155220	0.183936
0.142928	0.148645
0.130238	0.186891
0.126654	0.184282
0.195548	0.579800
0.188618	0.314049
0.176173	0.218454
0.159033	0.190044
0.079649	0.124253
0.090192	0.169560
0.120368	0.249764
0.111959	0.129313
0.187454	0.687954
0.111519	0.171739
0.198467	0.359225
0.074621	0.133571
0.081571	0.139079
0.098141	0.179107
0.096769	0.111285
0.084555	0.100198
0.086749	0.114509
0.174628	0.545712
0.083732	0.150299
0.276169	1.803382
0.081569	0.137444
0.170866	0.563857
0.090986	0.125560
0.116048	0.352786
0.096536	0.167007
0.078628	0.105754
0.111885	0.228245
0.229464	0.826072
0.118637	0.244986
0.125546	0.225355
0.137650	0.554043
0.079858	0.130168
0.099352	0.116738
0.101238	0.167550
0.133934	0.227018
0.090869	0.176740
0.140491	0.146111
0.171267	0.278309
0.119820	0.158163
0.188584	0.591211
0.049898	0.117011
0.166058	0.225839
0.179954	0.177254
0.151796	0.181396
0.238907	0.615186
0.195604	0.397076
0.127640	0.142957
0.285592	0.584036
0.109685	0.131073
0.142992	0.146567
0.130224	0.200546
0.101538	0.145706
0.156859	0.293325
0.235899	1.023802
0.095569	0.115160
0.106349	0.190896
0.101785	0.130284
0.235875	0.559024
0.158656	0.286375
0.163660	0.191483
0.163278	0.144501
0.129854	0.140892
0.148515	0.152971
0.183994	0.424106
0.139936	0.136438
0.272444	0.408666
0.117113	0.166885
0.181845	0.124564
0.151619	0.189524
0.328538	0.489522
0.158886	0.332865
0.176174	0.208766
0.131324	0.093240
0.248338	0.432108
0.151723	0.351998
0.125755	0.126384
0.175851	0.284878
0.209981	0.329671
0.184250	0.403507
0.112050	0.145665
0.143266	0.309456
0.112229	0.181811
0.130107	0.178246
0.071027	0.096951
0.117113	0.118870
0.179414	0.427902
0.118546	0.126845
0.161061	0.326148
0.183124	0.314058
0.116419	0.132135
0.211590	0.534265
0.142672	0.163359
0.084297	0.097363
0.179908	0.326533
0.092227	0.119434
0.081635	0.105718
0.237534	1.924024
0.145544	0.188479
0.149896	0.182124
0.311113	1.512011
0.296218	1.842478
0.124135	0.242683
0.129456	0.184475
0.095139	0.171250
0.162209	0.360916
0.123509	0.276043
0.117772	0.138382
0.222476	0.332601
0.189168	0.426575
0.178913	0.410605
0.300860	0.947710
0.133134	0.179066
0.147504	0.214618
0.127623	0.634922
0.081249	0.189310
0.154288	0.250718
0.132056	0.272696
0.307886	1.627179
0.180256	0.346992
0.181041	0.421825
0.095286	0.111484
0.158092	0.260061
0.125346	0.231890
0.114687	0.154255
0.136508	0.170634
0.252683	1.033475
0.200401	0.328657
0.176948	0.374245
0.080345	0.151450
0.091671	0.104505
0.100792	0.116918
0.252922	1.220348
0.094056	0.104872
0.155904	0.355460
0.141015	0.304593
0.169005	0.359136
0.161595	0.294910
0.135042	0.172853
0.139384	0.121961
0.210838	0.343666
0.121196	0.115742
0.134881	0.202321
0.110703	0.114024
0.111290	0.139113
0.238814	0.460912
0.102869	0.139388
0.210763	0.544824
0.134314	0.210872
0.092978	0.114828
0.189937	0.435905
0.197622	0.430815
0.140646	0.210969
0.162364	0.328787
0.112648	0.154327
0.182730	0.453171
0.063746	0.149803
0.118048	0.171169
0.181297	0.753288
0.167905	0.247661
0.255926	0.310950
0.117543	0.151631
0.085603	0.125836
0.205399	0.360475
0.227148	0.299836
0.215543	0.667106
0.198421	0.341284
0.133860	0.380833
0.177404	0.232399
0.107828	0.186004
0.099903	0.132372
0.107514	0.155358
0.130297	0.102934
0.194463	0.294611
0.246854	0.783762
0.173322	0.407306
0.111537	0.211363
0.219110	0.522577
0.235752	0.475039
0.103703	0.093852
0.236594	0.475553
0.112992	0.132765
0.216600	0.511175
0.117173	0.265982
0.073580	0.090872
0.147932	0.503708
0.113208	0.164717
0.115292	0.193114
0.135478	0.184250
0.092711	0.114498
0.101512	0.099482
0.085763	0.139794
0.285240	1.433333
0.073992	0.119867
0.112171	0.146944
0.140432	0.179752
0.151035	0.289232
0.131779	0.258287
0.099175	0.137853
0.098800	0.154129
0.112301	0.279629
0.126201	0.140715
0.183921	0.446928
0.080274	0.145297
0.123144	0.255524
0.167927	0.319902
0.106045	0.128844
0.081836	0.110479
0.123057	0.267034
0.114477	0.227810
0.083213	0.171836
0.103607	0.271450
0.099282	0.131052
0.097513	0.139443
0.160324	0.276559
0.129646	0.253458
0.081423	0.135977
0.134392	0.281552
0.140100	0.265490
0.137239	0.301240
0.103879	0.116344
0.252061	1.272908
0.112598	0.151444
0.124124	0.176877
0.100157	0.117183
0.146649	0.230239
0.114852	0.264734
0.118466	0.229231
0.087227	0.090716
0.085786	0.098225
0.113439	0.225744
0.195229	0.258678
0.166681	0.455039
0.257297	0.712714
0.141871	0.303604
0.129336	0.125456
0.092040	0.110908
0.117495	0.249090
0.132410	0.292625
0.139751	0.176785
0.101901	0.109035
0.172040	0.202148
0.107016	0.108622
0.138431	0.242947
0.170259	0.266455
0.156312	0.205550
0.106497	0.173057
0.128077	0.156894
0.131670	0.177755
0.198906	0.401790
0.163946	0.237722
0.174609	0.385014
0.146628	0.332114
0.125258	0.209808
0.115492	0.113183
0.132621	0.164450
0.281925	0.582174
0.141184	0.230835
0.120908	0.148716
0.155044	0.220938
0.192755	0.385510
0.188165	0.337756
0.249110	0.418505
0.299693	1.095377
0.150102	0.285193
0.206195	0.296920
0.133329	0.233325
0.134280	0.226934
0.082635	0.097922
0.159618	0.222667
0.202717	0.588894
0.093434	0.174254
0.135466	0.267545
0.124780	0.184675
0.109373	0.179918
0.216634	0.511257
0.096509	0.149106
0.147971	0.251551
0.094919	0.150447
0.130662	0.203180
0.126102	0.260401
0.156051	0.372963
0.079898	0.135826
0.113075	0.179223
0.075318	0.106198
0.226921	0.827129
0.167525	0.221133
0.101213	0.126010
0.086979	0.126120
0.129474	0.253768
0.118987	0.152303
0.165878	0.220617
0.121122	0.245877
0.147504	0.217568
0.131440	0.156413
0.211629	0.565048
0.204584	0.303807
0.099573	0.095590
0.223079	0.369196
0.135661	0.179072
0.212548	0.409154
0.112773	0.135328
0.123198	0.169397
0.070737	0.091958
0.142968	0.260917
0.126986	0.131430
0.159597	0.236204
0.205948	0.487066
0.105623	0.155265
0.109338	0.139406
0.087616	0.176546
0.159495	0.295863
0.109629	0.227481
0.275107	0.723532
0.126804	0.214933
0.161908	0.393437
0.175374	0.476139
0.143474	0.196559
0.192301	0.476907
0.189912	0.478578
0.080235	0.149639
0.117903	0.274714
0.118423	0.123160
0.088528	0.116415
0.115988	0.151944
0.145145	0.161837
0.141689	0.206157
0.168146	0.269875
0.217408	0.448947
0.137326	0.160671
0.220197	0.280752
0.209216	0.413202
0.229673	0.336472
0.189318	0.187425
0.106813	0.090791
0.187558	0.210065
0.230303	0.470969
0.121287	0.092178
0.221304	0.431544
0.215886	0.510571
0.177552	0.239695
0.145669	0.169705
0.122435	0.279151
0.134970	0.226750
0.126229	0.121180
0.201694	0.373133
0.180876	0.255034
0.320511	0.828522
0.163808	0.259636
0.114792	0.114218
0.205088	0.259437
0.220522	0.680310
0.172428	0.215535
0.195553	0.322662
0.117502	0.232654
0.082785	0.110518
0.136624	0.316968
0.166170	0.238454
0.103943	0.155914
0.245281	0.820466
0.098676	0.161336
0.220931	0.526921
0.167380	0.250233
0.225562	0.886460
0.108616	0.142287
0.157849	0.453026
0.086859	0.155911
0.089538	0.137440
0.081876	0.103573
0.109346	0.153085
0.191859	0.668629
0.159435	0.187336
0.086366	0.103208
0.122638	0.122638
0.101478	0.164395
0.185804	0.264770
0.208985	0.295713
0.230910	0.330201
0.183933	0.362348
0.141716	0.182105
0.225696	0.268579
0.334473	0.722461
0.123633	0.152069
0.243864	0.702329
0.180976	0.213551
0.172816	0.324894
0.164445	0.269689
0.252194	0.585091
0.129141	0.133661
0.163492	0.322897
0.127362	0.158566
0.199246	0.311820
0.106648	0.122645
0.169622	0.251888
0.144676	0.175782
0.101261	0.111893
0.078559	0.108412
0.109755	0.133352
0.140841	0.305625
0.088340	0.142227
0.077023	0.125162
0.088616	0.157293
0.126371	0.338043
0.076212	0.132227
0.108421	0.181606
0.096892	0.108519
0.150368	0.138339
0.131555	0.271661
0.107238	0.115281
0.135929	0.230400
0.175988	0.247263
0.113429	0.224590
0.175306	0.475079
0.070669	0.098583
0.152183	0.300562
0.148081	0.182140
0.099076	0.189731
0.088994	0.119252
0.174083	0.494395
0.144797	0.410500
0.091663	0.278196
0.118757	0.219700
0.099366	0.136628
0.121665	0.198923
0.077256	0.142151
0.197745	0.802843
0.209725	0.834706
0.068717	0.142587
0.144049	0.285218
0.241449	0.848695
0.106885	0.219649
0.138911	0.518831
0.123712	0.283918
0.148953	0.462499
0.131876	0.267708
0.130559	0.244799
0.134068	0.332490
0.087111	0.137199
0.106868	0.122364
0.164323	0.400127
0.166903	0.523241
0.111191	0.143992
0.074817	0.124945
0.118612	0.148265
0.111414	0.094702
0.103833	0.139655
0.097756	0.126594
0.149953	0.408622
0.148695	0.241629
0.120867	0.245965
0.115777	0.189874
0.161237	0.503058
0.151888	0.165558
0.094017	0.105769
0.181256	0.466733
0.152231	0.697218
0.104933	0.256562
0.118546	0.167150
0.091805	0.104658
0.134713	0.136734
0.095918	0.104071
0.102096	0.131194
0.140673	0.196239
0.225936	0.389739
0.141812	0.160956
0.166107	0.272415
0.147410	0.120139
0.136528	0.191822
0.117610	0.190528
0.111555	0.121037
0.130436	0.124566
0.143181	0.154635
0.077045	0.104396
0.125382	0.132278
0.198836	0.337027
0.097727	0.106522
0.089739	0.125186
0.143092	0.191028
0.198389	0.361068
0.124829	0.112346
0.170753	0.240761
0.171888	0.371277
0.313413	0.850917
0.156719	0.159853
0.164622	0.217301
0.181663	0.361509
0.206450	0.445932
0.145189	0.232302
0.208328	0.705189
0.135481	0.115836
0.210185	0.625300
0.104956	0.149037
0.192819	0.367320
0.181606	0.416786
0.120667	0.217805
0.120427	0.123438
0.097015	0.120299
0.144810	0.245453
0.106239	0.188043
0.101896	0.212453
0.138421	0.184100
0.159753	0.208478
0.107428	0.132136
0.239138	0.509363
0.113833	0.200346
0.149429	0.203223
0.097691	0.188055
0.154168	0.248982
0.091581	0.172629
0.178963	0.490358
0.307481	1.638872
0.183372	0.630799
0.110411	0.267747
0.104605	0.122388
0.165734	0.295007
0.137420	0.263846
0.119481	0.184001
0.212355	0.445946
0.099211	0.118557
0.086224	0.114678
0.059293	0.154754
0.078286	0.137392
0.138926	0.344537
0.092140	0.135446
0.104176	0.134909
0.132762	0.268843
0.146699	0.244987
0.147510	0.298707
0.134902	0.165255
0.134199	0.210692
0.101510	0.149220
0.118589	0.440557
0.166661	0.597479
0.126595	0.151914
0.192598	0.593203
0.168382	0.207952
0.190928	0.385674
0.107564	0.126387
0.161780	0.218402
0.114798	0.297901
0.148779	0.249949
0.164305	0.218525
0.138512	0.334508
0.140151	0.289411
0.167275	0.301094
0.144327	0.267005
0.100257	0.218560
0.083464	0.125614
0.112779	0.234016
