Velocity(m/s)	Chord(mm)
0.094229	0.199293
0.113516	0.271304
0.199938	0.303906
0.236723	0.482915
0.135688	0.158076
0.103896	0.158960
0.261723	0.400436
0.268184	0.363389
0.289326	0.606137
0.232819	0.352721
0.420123	1.413714
0.187151	0.131006
0.151678	0.141819
0.250673	0.408598
0.188183	0.305798
0.187212	0.426842
0.251317	1.328212
0.201545	0.268054
0.218008	0.767389
0.138875	0.238865
0.178364	0.371889
0.179881	0.370555
0.171375	0.436148
0.104571	0.123394
0.160706	0.196865
0.147471	0.230792
0.154741	0.304840
0.252014	0.621214
0.190940	0.260633
0.214445	0.893165
0.095280	0.155783
0.117875	0.233393
0.169500	0.314423
0.161473	0.333442
0.143616	0.259945
0.132209	0.211534
0.105312	0.168500
0.131116	0.185530
0.137308	0.354255
0.082514	0.141511
0.113425	0.355021
0.076703	0.171431
0.148198	0.392726
0.123112	0.260382
0.153585	0.403930
0.135550	0.370728
0.059546	0.185485
0.114709	0.174931
0.141273	0.230981
0.102017	0.146394
0.082959	0.114898
0.202863	0.531501
0.194386	0.395576
0.194642	0.234544
0.130584	0.152784
0.117204	0.178737
0.098028	0.157336
0.216341	0.570059
0.149768	0.196945
0.157094	0.203437
0.158960	0.208237
0.109672	0.122833
0.107057	0.119369
0.086309	0.088035
0.136553	0.120167
0.186227	0.240233
0.128395	0.205431
0.143899	0.130229
0.126156	0.199326
0.178171	0.223605
0.172065	0.305415
0.100895	0.165973
0.245062	0.475419
0.112161	0.149174
0.124912	0.252946
0.117308	0.121414
0.155555	0.214666
0.125195	0.145226
0.168162	0.332961
0.088871	0.138194
0.190899	0.289213
0.250862	0.289745
0.162112	0.141848
0.140558	0.089254
0.194758	0.262924
0.268160	0.463917
0.262649	0.401853
0.190512	0.231472
0.130339	0.138159
0.174194	0.317904
0.199374	0.269155
0.166313	0.257785
0.148575	0.178290
0.212153	0.455068
0.095983	0.136776
0.171525	0.270152
0.167439	0.334878
0.120214	0.155076
0.234666	0.833064
0.163095	0.215286
0.450412	1.220616
0.239012	0.450537
0.099821	0.111301
0.173611	0.211806
0.138632	0.139326
0.277231	0.706939
0.205876	0.425135
0.173198	0.323880
0.200240	0.573687
0.191977	0.523137
0.165187	0.179228
0.118227	0.396060
0.169930	0.354304
0.166214	0.329104
0.070604	0.098846
0.128778	0.153246
0.147677	0.322673
0.124910	0.375354
0.187923	0.439739
0.159206	0.201396
0.106704	0.116307
0.158735	0.330961
0.077993	0.115040
0.092655	0.135276
0.157258	0.389214
0.163834	0.371083
0.121069	0.228821
0.376623	1.143050
0.111087	0.234393
0.106322	0.250387
0.057998	0.087286
0.069280	0.147567
0.089841	0.193159
0.108992	0.214715
0.078262	0.127958
0.081397	0.102153
0.121218	0.175767
0.125791	0.239632
0.123142	0.169320
0.146508	0.323050
0.108875	0.157868
0.121635	0.209821
0.130272	0.257938
0.142071	0.276327
0.157290	0.239081
0.167550	0.337614
0.074658	0.104148
0.137530	0.235176
0.080752	0.139701
0.130205	0.247389
0.078998	0.110992
0.226545	0.814429
0.077105	0.138789
0.221444	0.446209
0.129316	0.272858
0.149427	0.215175
0.194333	0.243887
0.141673	0.152299
0.092787	0.102994
0.137639	0.183748
0.144427	0.452778
0.095117	0.097971
0.138671	0.182353
0.126488	0.189732
0.140114	0.144318
0.225903	0.664154
0.121360	0.212987
0.132295	0.261945
0.155571	0.264471
0.089176	0.094527
0.128753	0.135191
0.130313	0.348587
0.082480	0.239191
0.087491	0.195542
0.099123	0.245826
0.092147	0.136377
0.227215	1.122441
0.083767	0.163345
0.131977	0.320045
0.141289	0.358169
0.057962	0.081726
0.216671	0.843932
0.122059	0.279515
0.090506	0.138475
0.087487	0.105422
0.125892	0.197650
0.106483	0.143220
0.141154	0.493335
0.111032	0.298121
0.111937	0.213240
0.089121	0.144377
0.140113	0.389513
0.122006	0.259872
0.136443	0.215580
0.147939	0.401655
0.132029	0.304987
0.063520	0.101632
0.083090	0.180306
0.163040	0.398634
0.086334	0.188640
0.116026	0.149093
0.152492	0.266099
0.119244	0.159787
0.193251	0.640628
0.110822	0.140744
0.065834	0.121464
0.137377	0.308412
0.141852	0.270228
0.170182	0.283352
0.150938	0.301877
0.146247	0.285181
0.115720	0.175316
0.097106	0.171878
0.122255	0.124089
0.079232	0.134299
0.252099	1.309653
0.075928	0.187543
0.197826	1.465888
0.129760	0.307532
0.174244	0.777126
0.097404	0.152924
0.125723	0.178526
0.104734	0.134584
0.126383	0.112481
0.190014	0.396180
0.192675	0.288049
0.155860	0.271975
0.189634	0.211442
0.182555	0.510241
0.165408	0.339914
0.168000	0.302401
0.171067	0.337858
0.101706	0.140355
0.199075	0.234908
0.140338	0.130514
0.134099	0.152873
0.100140	0.107150
0.104068	0.150899
0.086999	0.171823
0.140276	0.268629
0.121888	0.303502
0.121418	0.233729
0.122359	0.208010
0.202641	0.839948
0.194246	0.461335
0.151746	0.226860
0.216671	0.517843
0.118360	0.209497
0.132712	0.257462
0.120694	0.179230
0.108078	0.168602
0.106537	0.156077
0.135759	0.232148
0.131515	0.113760
0.133151	0.120502
0.206956	0.425295
0.131155	0.139680
0.180564	0.372866
0.239646	0.718937
0.200664	0.352166
0.107217	0.113650
0.146020	0.250425
0.219543	0.660825
0.157346	0.211630
0.070363	0.097805
0.200508	0.711804
0.107912	0.217444
0.127475	0.232642
0.069138	0.122028
0.110222	0.241936
0.118652	0.270526
0.085182	0.306656
0.075156	0.155197
0.100196	0.153801
0.100079	0.160627
0.067005	0.091797
0.071129	0.129099
0.082152	0.125282
0.080615	0.158408
0.086367	0.184393
0.072026	0.130366
0.150474	0.539451
0.119830	0.230073
0.164931	0.569836
0.098411	0.190917
0.080980	0.125924
0.168956	0.380995
0.098867	0.105788
0.159136	0.266553
0.220501	0.508255
0.174342	0.187417
0.133295	0.154622
0.150277	0.441813
0.198949	0.368055
0.145674	0.319754
0.113297	0.104234
0.101580	0.163544
0.122670	0.215898
0.083665	0.139721
0.104333	0.158587
0.138918	0.222269
0.145984	0.444520
0.217859	0.407396
0.120059	0.134466
0.178642	0.214370
0.090581	0.102810
0.117624	0.171732
0.144797	0.178101
0.111128	0.234479
0.101087	0.264342
0.145150	0.243126
0.189935	0.533718
0.099398	0.218677
0.146763	0.163641
0.144365	0.234593
0.117977	0.169297
0.158536	0.297255
0.128878	0.202339
0.156018	0.219205
0.170811	0.257924
0.104586	0.142761
0.134434	0.142500
0.193792	0.468008
0.134611	0.280665
0.189573	0.240758
0.094936	0.124367
0.167005	0.343195
0.123026	0.180848
0.137315	0.216272
0.231491	1.340331
0.138945	0.273026
0.164125	0.499759
0.100425	0.136076
0.163809	0.310419
0.146712	0.184857
0.169756	0.315746
0.113809	0.303300
0.180222	0.412709
0.097021	0.116911
0.144068	0.241314
0.148903	0.285894
0.165380	0.272050
0.130166	0.145786
0.103646	0.218176
0.100115	0.149672
0.156270	0.334418
0.200866	0.492121
0.224243	0.430547
0.149067	0.207948
0.156743	0.188092
0.164341	0.366480
0.162716	0.323804
0.148676	0.245315
0.139664	0.143156
0.184543	0.480734
0.141267	0.264876
0.078522	0.156259
0.088985	0.118795
0.140551	0.171472
0.153332	0.269864
0.161302	0.308086
0.172158	0.266845
0.128340	0.214328
0.133951	0.150025
0.098363	0.139675
0.157824	0.647079
0.080492	0.293392
0.082243	0.129532
0.141379	0.266499
0.113186	0.197510
0.120317	0.177468
0.114453	0.152223
0.131132	0.228170
0.145122	0.408517
0.121030	0.214223
0.085220	0.135926
0.123456	0.252468
0.079426	0.145350
0.110221	0.187375
0.091205	0.160977
0.123987	0.204578
0.110901	0.310524
0.083436	0.128075
0.182277	0.482122
0.151033	0.410809
0.069766	0.097324
0.148328	0.298140
0.122151	0.158185
0.148322	0.328534
0.177695	0.533973
0.197118	0.613037
0.171342	0.585132
0.064606	0.097878
0.106204	0.210284
0.122490	0.371758
0.192344	0.403923
0.176126	0.361939
0.127562	0.338038
0.074473	0.285231
0.098695	0.113993
0.116388	0.247324
0.125615	0.222338
0.107314	0.134678
0.136696	0.236484
0.111572	0.289530
0.073587	0.133928
0.139010	0.289835
0.095732	0.155086
0.119042	0.164278
0.109412	0.213901
0.131495	0.217625
0.128437	0.367971
0.167514	0.440561
0.127393	0.322305
0.118613	0.204608
0.102461	0.210046
0.113100	0.216020
0.131704	0.400379
0.247448	1.265697
0.126432	0.209245
0.114947	0.128166
0.114809	0.229618
0.145662	0.295694
0.165477	0.313578
0.124260	0.250383
0.125740	0.156547
0.164796	0.323824
0.176079	0.268521
0.119482	0.225223
0.094133	0.156261
0.122649	0.218929
0.093302	0.103565
0.101770	0.168938
0.130149	0.145767
0.171862	0.763067
0.093679	0.351765
0.124640	0.357717
0.158549	0.302829
0.070028	0.121849
0.117586	0.383919
0.086539	0.169184
0.100610	0.139345
0.111883	0.227123
0.119978	0.193765
0.081050	0.221267
0.114111	0.164320
0.121528	0.215712
0.138880	0.244428
0.184680	0.438614
0.170238	0.256208
0.118414	0.255774
0.215645	0.352580
0.171543	0.219575
0.201256	0.402512
0.229199	0.628006
0.203200	0.260097
0.145683	0.166807
0.200793	0.386526
0.133164	0.162460
0.102053	0.161754
0.158020	0.304978
0.097307	0.118228
0.130959	0.288109
0.181637	0.246119
0.126143	0.140650
0.202693	0.366874
0.150565	0.243163
0.122881	0.146842
0.111571	0.152853
0.159191	0.330321
0.138657	0.312672
0.227875	0.946823
0.119689	0.236387
0.165426	0.220844
0.108259	0.167261
0.231502	1.185292
0.097602	0.141036
0.082415	0.091892
0.129521	0.188453
0.113844	0.119537
0.119799	0.146754
0.185760	0.221984
0.215052	0.761283
0.095502	0.095025
0.164405	0.545002
0.107021	0.123075
0.202728	0.305106
0.210618	0.251689
0.129025	0.141928
0.210101	0.286788
0.236597	0.166801
0.126551	0.090484
0.496116	0.362164
0.215199	0.384131
0.151370	0.166507
0.091119	0.123011
0.122543	0.168496
0.179288	0.163152
0.186795	0.446441
0.143242	0.285051
0.237533	0.581955
0.071403	0.083899
0.136577	0.289544
0.121830	0.151069
0.211752	0.701959
0.121915	0.157271
0.149674	0.276896
0.081889	0.117101
0.113217	0.342482
0.157155	0.676552
0.120566	0.189891
0.129144	0.125269
0.152769	0.457544
0.079251	0.147407
0.118759	0.266613
0.095024	0.149188
0.114444	0.127605
0.120508	0.215710
0.117275	0.200541
0.122066	0.191033
0.117823	0.207368
0.107049	0.213027
0.181968	0.250206
0.107501	0.110727
0.193776	0.429213
0.178071	0.406893
0.138211	0.150650
0.218891	0.418081
0.104461	0.101327
0.127375	0.152213
0.132676	0.262035
0.167233	0.303527
0.122913	0.125986
0.102910	0.086445
0.153781	0.218369
0.135878	0.286703
0.198010	0.297014
0.169454	0.193178
0.131580	0.181581
0.122356	0.125415
0.141162	0.286559
0.077128	0.140759
0.081116	0.126541
0.103401	0.189223
0.082263	0.130798
0.174094	0.293349
0.096866	0.107521
0.077913	0.094664
0.072289	0.099398
0.120340	0.188332
0.118876	0.259743
0.124791	0.159732
0.182820	0.280628
0.184371	0.271948
0.099638	0.119566
0.182132	0.449867
0.145135	0.287368
0.127923	0.319808
0.139261	0.324477
0.136547	0.124258
0.212926	0.416270
0.081016	0.172159
0.086616	0.127325
0.090841	0.293870
0.125088	0.214526
0.111656	0.164134
0.154924	0.308298
0.114707	0.174355
0.086448	0.099415
0.202145	0.723680
0.187670	0.375341
0.137962	0.282133
0.109864	0.181275
0.140831	0.192938
0.162848	0.260557
0.136227	0.176414
0.100593	0.110652
0.099109	0.131815
0.070236	0.089200
0.149657	0.197547
0.100296	0.190563
0.150241	0.403396
0.093709	0.094646
0.095194	0.161829
0.174749	0.203582
0.109209	0.119584
0.138849	0.152040
0.146513	0.316468
0.135690	0.210319
0.097546	0.150221
0.075863	0.096346
0.160780	0.573179
0.107909	0.211503
0.129704	0.201041
0.303414	1.603541
0.105927	0.141413
0.175098	0.295041
0.155135	0.268384
0.109145	0.130974
0.184594	0.412568
0.187537	0.393827
0.178041	0.275073
0.086790	0.167938
0.100024	0.156037
0.113832	0.167332
0.242248	1.415941
0.156659	0.259271
0.162856	0.349326
0.152187	0.318832
0.120239	0.140078
0.148723	0.283317
0.086659	0.152520
0.152192	0.312755
0.145929	0.415899
0.202666	0.524905
0.080011	0.134418
0.131192	0.353563
0.176366	0.279539
0.160169	0.308325
0.111901	0.156101
0.134361	0.319779
0.200984	0.339663
0.167476	0.395244
0.130000	0.175500
0.168103	0.292498
0.101288	0.128636
0.181304	0.148669
0.123068	0.143375
0.154337	0.285524
0.141447	0.240460
0.150240	0.247895
0.150625	0.155897
0.188173	0.398926
0.115440	0.244732
0.108261	0.224643
0.141199	0.280986
0.172717	0.345433
0.132759	0.175242
0.142764	0.171317
0.162733	0.183074
0.164741	0.175449
0.173108	0.174840
0.133053	0.117086
0.163645	0.259378
0.193050	0.406371
0.087262	0.183250
0.099943	0.110437
0.122104	0.211240
0.136349	0.304739
0.129776	0.281615
0.212295	0.418221
0.104869	0.116404
0.201873	0.309874
0.136518	0.230033
0.095898	0.126585
0.123651	0.283161
0.215339	1.000251
0.100817	0.164332
0.129853	0.278534
0.082090	0.215896
0.082404	0.218370
0.133861	0.177366
0.181770	0.538038
0.069695	0.088862
0.152740	0.158850
0.121724	0.230667
0.143255	0.159013
0.128238	0.262889
0.115219	0.214307
0.161993	0.309407
0.142980	0.223764
0.137048	0.143900
0.194768	0.208402
0.132389	0.131065
0.091168	0.100285
0.162618	0.284581
0.129748	0.166726
0.146774	0.225298
0.204162	0.177621
0.173332	0.233132
0.193224	0.373888
0.116935	0.129798
0.134687	0.175767
0.153792	0.246836
0.085800	0.134277
0.160705	0.293286
0.148858	0.256780
0.112616	0.158788
0.120162	0.203073
0.142929	0.245124
0.090973	0.179671
0.168234	0.363386
0.158259	0.222354
0.161852	0.506596
0.103086	0.115972
0.167468	0.390200
0.129739	0.168660
0.105467	0.167164
0.157916	0.360837
0.142049	0.252847
0.130669	0.280285
0.150747	0.365562
0.148838	0.162234
0.158674	0.405411
0.125180	0.250360
0.122567	0.178948
0.138878	0.277756
0.176778	0.252793
0.107804	0.166018
0.158852	0.128670
0.208174	0.402818
0.202334	0.214474
0.137700	0.110849
0.088065	0.100394
0.141189	0.292967
0.110359	0.203612
0.203471	0.495453
0.154344	0.334926
0.167155	0.356041
0.134422	0.173404
0.181701	0.218950
0.110435	0.156265
0.147408	0.285235
0.115767	0.129080
0.123161	0.119466
0.100788	0.144127
0.134803	0.337007
0.204882	0.155710
0.226525	0.467774
0.285550	0.988003
0.193656	0.224641
0.287210	0.732385
0.109193	0.109739
0.190956	0.213871
0.092891	0.116114
0.180929	0.194499
0.129686	0.238623
0.159739	0.242004
0.154629	0.092004
0.319650	0.923790
0.167774	0.225656
0.108541	0.182891
0.181642	0.217970
0.078806	0.170220
0.106541	0.245578
0.129254	0.299869
0.115612	0.184401
0.087117	0.206466
0.125712	0.206167
0.081759	0.137763
0.163185	0.628262
0.107881	0.216841
0.207124	0.475350
0.157073	0.480643
0.119695	0.182535
0.124469	0.294991
0.144253	0.441413
0.078883	0.136861
0.141666	0.262083
0.166610	0.595632
0.111455	0.354985
0.134977	0.285477
0.158787	0.474772
0.113696	0.105737
0.211774	0.270011
0.275427	1.196732
0.299046	2.537407
0.203151	0.413411
0.097534	0.111677
0.161812	0.233010
0.116621	0.163269
0.133390	0.243437
0.118768	0.176370
0.168550	0.346369
0.149155	0.163325
0.228266	1.506553
0.123723	0.155891
0.091836	0.136836
0.102748	0.121242
0.138051	0.283695
0.133153	0.218372
0.124995	0.165619
0.105000	0.133875
0.210242	0.239676
0.185234	0.431595
0.155456	0.460928
0.175208	0.387210
0.149366	0.227037
0.168550	0.389349
0.132170	0.201559
0.156362	0.236888
0.233427	0.654762
0.098269	0.129715
0.164576	0.236167
0.122143	0.254667
0.228560	0.530260
0.199781	0.403558
0.209869	0.333692
0.121609	0.108840
0.147211	0.142795
0.121646	0.105832
0.180452	0.144362
0.250580	0.270626
0.406880	2.062884
0.165810	0.242083
0.105509	0.127138
0.146821	0.143150
0.110930	0.164732
0.099350	0.100343
0.162463	0.259940
0.213746	0.229777
0.294089	0.970492
0.228349	0.575439
0.334866	0.654663
0.276229	0.628420
0.195055	0.332568
0.214109	0.460334
0.215012	0.366595
0.144798	0.153486
0.198355	0.343154
0.083651	0.100381
0.134860	0.116654
0.129319	0.216609
0.150677	0.252384
0.165323	0.163670
0.085559	0.120211
0.149127	0.329571
0.211550	0.286650
0.290373	0.621399
0.198537	0.216405
0.169795	0.277616
0.137416	0.136042
0.268228	0.808707
0.110962	0.132600
0.140255	0.288224
0.078833	0.087898
0.127705	0.112381
0.186172	0.239231
0.118848	0.178867
0.183797	0.350134
0.104348	0.171131
0.148172	0.366725
0.147808	0.333308
0.105078	0.186513
0.110811	0.131311
0.133566	0.156940
0.181827	0.234556
0.187305	0.243497
0.104660	0.104136
0.154148	0.188831
0.141955	0.274683
0.223511	1.175668
0.162828	0.322399
0.140650	0.234183
0.155453	0.337334
0.214406	0.820102
0.102667	0.129360
0.095223	0.112363
0.174859	0.507092
0.108580	0.198159
0.104228	0.168850
0.173233	0.215675
0.195513	0.440883
0.139365	0.381164
0.158471	0.325658
0.112751	0.197878
0.184431	0.156767
0.136694	0.196840
0.099341	0.119209
0.088799	0.136307
0.116093	0.127702
0.138011	0.307764
0.095532	0.154762
0.100971	0.174679
0.089772	0.092016
0.160798	0.307125
0.134826	0.150332
0.079847	0.078250
0.092718	0.086227
0.099220	0.118568
0.184663	0.430266
0.131067	0.266721
0.105227	0.144161
0.120093	0.230579
0.083131	0.197021
0.160261	0.437512
0.071093	0.094198
0.096212	0.159713
0.108827	0.204594
0.207441	0.333980
0.250352	1.453294
0.152145	0.505122
0.130066	0.277691
0.141827	0.209903
0.130602	0.224635
0.147021	0.300657
0.174006	0.303640
0.130689	0.203222
0.151021	0.259001
0.143371	0.141937
0.140485	0.136973
0.256248	0.594495
0.143401	0.183553
0.086341	0.109653
0.146837	0.353144
0.098892	0.168116
0.135616	0.276657
0.155431	0.300760
0.140499	0.163681
0.176717	0.496576
0.086030	0.136788
0.198540	0.165781
0.129589	0.178185
0.136011	0.108128
0.125004	0.149380
0.179856	0.504496
0.101912	0.796444
0.133369	0.130035
0.147984	0.330004
0.094583	0.102150
0.116069	0.177005
0.125818	0.218924
0.090445	0.254602
0.071067	0.104468
0.093939	0.137151
0.101321	0.148435
0.135425	0.438776
0.071667	0.099617
0.098689	0.168759
0.084620	0.220434
0.174199	0.601858
0.214781	0.794690
0.195050	0.377421
0.203500	0.353072
0.201478	0.310276
0.104357	0.098617
0.191014	0.426917
0.173300	0.336202
0.125068	0.237004
0.156403	0.242424
0.100001	0.203003
0.170472	0.284688
0.137255	0.134509
0.187871	0.265837
0.255922	0.364689
0.232092	0.252980
0.152371	0.235413
0.259069	0.310883
0.289665	1.704677
0.158694	0.315802
0.171432	0.187718
0.252833	0.361551
0.111304	0.083478
0.214368	0.843539
0.140625	0.096328
0.136050	0.170063
0.139192	0.155895
0.149571	0.155554
0.118474	0.120251
0.131489	0.193288
0.129836	0.272006
0.122770	0.211164
0.130246	0.201882
0.171163	0.299536
0.181622	0.592087
0.170154	0.164199
0.079735	0.079337
0.166292	0.377482
0.142197	0.277284
0.107407	0.148759
0.338534	1.272888
0.162594	0.206494
0.226081	0.341383
0.146374	0.201264
0.188261	0.387818
0.233059	0.368234
0.226543	0.340947
0.204938	0.388357
0.195446	0.403596
0.135516	0.123997
0.112831	0.141038
0.165360	0.187684
0.130391	0.162336
0.275204	0.339877
0.162157	0.149185
0.391983	0.356704
0.303814	0.554460
0.131874	0.120665
0.158708	0.156328
0.163978	0.139382
0.243320	0.317533
0.235647	0.287490
0.171204	0.171204
0.178567	0.184817
0.250891	0.495510
0.142426	0.390246
0.057188	0.142398
0.082309	0.124286
0.105332	0.230677
0.138139	0.191322
0.156693	0.340024
0.117354	0.174271
0.118521	0.170670
0.108110	0.240544
0.112274	0.218935
0.077277	0.149918
0.057480	0.091394
0.102275	0.139094
0.109015	0.116646
0.119633	0.150738
0.142310	0.232677
0.162171	0.401373
0.127132	0.125860
0.137781	0.220450
0.157052	0.131923
0.135372	0.212535
0.114592	0.173606
0.128823	0.284055
0.124997	0.219994
0.158745	0.278598
0.153373	0.341255
0.112797	0.199651
0.179580	0.361855
0.138765	0.203291
0.280031	0.625869
0.155412	0.153857
0.121810	0.191241
0.180653	0.330595
0.177723	0.292355
0.164189	0.394873
0.145181	0.242453
0.162280	0.207718
0.124353	0.259277
0.089068	0.176354
0.082879	0.232061
0.141768	0.248093
0.189749	0.402267
0.172854	0.217797
0.119829	0.219886
0.091711	0.141693
0.106615	0.163654
0.146819	0.428711
0.098472	0.104380
0.148386	0.320514
0.095763	0.131196
0.153610	0.227343
0.164378	0.332866
0.078700	0.124346
0.128565	0.238487
0.103707	0.132744
0.165283	0.268585
0.101561	0.146248
0.101177	0.117872
0.168935	0.218771
0.136331	0.256984
0.078415	0.102724
0.088209	0.120847
0.126967	0.183467
0.071502	0.079724
0.142017	0.289714
0.142645	0.378724
0.096761	0.113695
0.085840	0.141636
0.139695	0.211638
0.164069	0.446267
0.144914	0.347069
0.094831	0.137504
0.122513	0.201535
0.088493	0.161058
0.120596	0.788697
0.153808	0.392981
0.086695	0.137412
0.094894	0.137121
0.142421	0.210071
0.173402	0.450846
0.114299	0.186307
0.101924	0.164608
0.133785	0.168569
0.147306	0.190762
0.128151	0.214652
0.143262	0.295836
0.100470	0.268255
0.113225	0.177764
0.116278	0.211627
0.101973	0.226890
0.203947	0.467039
0.121258	0.126109
0.133082	0.349339
0.095774	0.124506
0.084047	0.167253
0.160066	0.236898
0.069836	0.097770
0.113230	0.164183
0.134227	0.184562
0.127885	0.162414
0.128054	0.287482
0.154714	0.215826
0.096037	0.128689
0.164283	0.247245
0.156203	0.405346
0.139038	0.247487
0.118761	0.260087
0.114587	0.143234
0.129882	0.332499
0.133870	0.198796
0.079416	0.172332
0.151781	0.456860
0.166782	0.377761
0.095910	0.142427
0.088558	0.185529
0.091516	0.122174
0.089810	0.158066
0.116129	0.240969
0.098074	0.160841
0.150093	0.463787
0.140443	0.283694
0.160084	0.318567
0.106944	0.174319
0.222657	0.433068
0.206553	0.591774
0.166592	0.270713
0.261635	0.307422
0.291746	0.640382
0.160228	0.270785
0.208714	0.427863
0.104599	0.174681
0.129309	0.153231
0.138498	0.188357
0.115356	0.288389
0.083583	0.128300
0.125258	0.232981
0.132360	0.204496
0.078188	0.141521
0.119519	0.224099
0.138731	0.328793
0.159713	0.200439
0.179817	0.178918
0.182051	0.559806
0.159484	0.323753
0.190699	0.537770
0.150102	0.255173
0.176320	0.252137
0.119901	0.232008
0.082409	0.125674
0.106557	0.181680
0.161518	0.301232
0.166991	0.389088
0.114445	0.123601
0.124604	0.216188
0.116448	0.125764
0.143236	0.148965
0.265377	0.383470
0.236127	0.521840
0.117959	0.149808
0.207977	0.433631
0.137990	0.192496
0.145050	0.184939
0.165725	0.236158
0.119663	0.133424
0.078982	0.170600
0.097383	0.149970
0.106549	0.137980
0.125668	0.262017
0.119434	0.229910
0.101857	0.171120
0.101183	0.200342
0.084701	0.166014
0.079393	0.191733
0.131657	0.267263
0.140724	0.308889
0.108074	0.143198
0.103540	0.187408
0.121872	0.290666
0.196502	0.409707
0.105518	0.131898
0.139657	0.149433
0.179611	0.249659
0.136036	0.170725
0.153051	0.259422
0.144638	0.344963
0.072909	0.131237
0.083552	0.139950
0.098852	0.205118
0.126136	0.228307
0.100374	0.222328
0.070664	0.129669
0.089752	0.194762
0.075065	0.087450
0.224998	0.583870
0.090369	0.115672
0.110282	0.180312
0.121060	0.134376
0.125792	0.202525
0.110967	0.168670
0.154830	0.178054
0.190092	0.553168
0.129584	0.182713
0.123692	0.129877
0.077137	0.095650
0.149145	0.295308
0.127576	0.229637
0.075343	0.137877
0.187222	0.293939
0.090167	0.112259
0.136434	0.206697
0.148829	0.278310
0.180744	0.440113
0.152519	0.300463
0.106903	0.127749
0.106807	0.158074
0.165432	0.367259
0.177190	0.329573
0.215054	0.348387
0.126194	0.129349
0.137190	0.117298
0.133989	0.275348
0.099017	0.142089
0.159510	0.258407
0.149662	0.745317
0.118297	0.196373
0.101979	0.224865
0.115810	0.214249
0.117341	0.217667
0.137740	0.303717
0.062728	0.108206
0.090182	0.187127
0.066855	0.159449
0.067256	0.179910
0.114601	0.295098
0.066184	0.153546
0.075982	0.185777
0.165412	0.749316
0.117424	0.492595
0.113625	0.177823
0.076948	0.190446
0.092609	0.232912
0.099123	0.176439
0.169479	0.393192
0.104864	0.138421
0.103164	0.159388
0.249783	0.269765
0.205501	0.294893
0.194963	0.179366
0.164183	0.204407
0.239677	0.375095
0.198824	0.245548
0.104265	0.104787
0.248920	0.388315
0.175563	0.261589
0.190725	0.362378
0.123432	0.148735
0.208534	0.375361
0.129541	0.240298
0.108835	0.221480
0.109707	0.185954
0.068761	0.140960
0.128945	0.180523
0.052296	0.104069
0.094733	0.265725
0.088251	0.228569
0.109539	0.170333
0.111362	0.246110
0.098187	0.204719
0.176649	0.527297
0.126426	0.276872
0.131145	0.346877
0.080863	0.123316
0.126566	0.205669
0.082293	0.176930
0.118529	0.235874
0.083658	0.140128
0.115919	0.236476
0.083494	0.129833
0.115123	0.212977
0.138402	0.337008
0.175538	0.330889
0.088435	0.091088
0.169766	0.289450
0.150723	0.173331
0.129420	0.149480
0.128821	0.207402
0.188273	0.296531
0.104641	0.140742
0.162170	0.291905
0.085799	0.151436
0.158935	0.203436
0.112020	0.147866
0.149188	0.231988
0.098892	0.147349
0.182459	0.390462
0.099990	0.101490
0.137446	0.274891
0.147921	0.291403
0.180522	0.431448
0.225582	0.429734
0.122169	0.226013
0.131050	0.153328
0.160424	0.387423
0.196867	0.379953
0.108068	0.130222
0.089203	0.154321
0.112770	0.153368
0.147004	0.303563
0.138020	0.151823
0.124525	0.184297
0.213118	0.482712
0.107967	0.155473
0.123888	0.224237
0.090360	0.139154
0.097940	0.102837
0.091010	0.187025
0.106961	0.132632
0.070388	0.116844
0.129404	0.421858
0.115114	0.229077
0.103831	0.225314
0.119768	0.286245
0.065573	0.156393
0.100225	0.193434
0.122822	0.229063
0.098910	0.145398
0.110241	0.260720
0.106145	0.183101
0.142235	0.262424
0.120471	0.324066
0.199220	0.334690
0.275494	0.611596
0.131079	0.125181
0.127734	0.201180
0.139284	0.267426
0.131416	0.256262
0.130611	0.151508
0.208425	0.509599
0.163433	0.318695
0.130992	0.214172
0.237999	0.938908
0.161182	0.236131
0.090151	0.122606
0.130334	0.228736
0.169393	0.369276
0.130243	0.185597
0.132052	0.248258
0.145194	0.208354
0.100703	0.096172
0.150434	0.135391
0.121512	0.190167
0.170008	0.304315
0.146409	0.412142
0.081509	0.127562
0.111904	0.215975
0.112720	0.220368
0.142295	0.345776
0.158833	0.609126
0.095457	0.217165
0.135353	0.219271
0.109424	0.304198
0.088986	0.170854
0.075570	0.155297
0.083869	0.327509
0.101616	0.264202
0.108807	0.252432
0.105221	0.136787
0.092247	0.152669
0.168163	0.271584
0.114771	0.110754
0.107771	0.160040
0.080067	0.096480
0.090990	0.137850
0.156016	0.351815
0.243300	0.227486
0.191956	0.437660
0.214703	1.123973
0.191328	0.366392
0.217355	0.420581
0.293726	1.245399
0.185784	0.367853
0.070384	0.109799
0.218569	0.642593
0.113288	0.225444
0.085923	0.099670
0.076996	0.106255
0.122491	0.232121
0.134011	0.385952
0.146203	0.152051
0.199964	0.467915
0.085927	0.113424
0.113244	0.107016
0.093490	0.122004
0.083678	0.094975
0.126693	0.103255
0.172327	0.170603
0.225641	0.521232
0.119391	0.119988
0.152420	0.160041
0.198353	0.256868
0.145665	0.180624
0.095567	0.114681
0.158417	0.403963
0.151933	0.289432
0.137094	0.180279
0.112169	0.109365
0.124365	0.141155
0.200524	0.573498
0.194276	0.273929
0.150120	0.331765
0.088489	0.200429
0.159739	0.249991
0.157891	0.397095
0.117351	0.208298
0.075720	0.141219
0.123787	0.266142
0.129243	0.275287
0.119471	0.261043
0.095739	0.154140
0.143241	0.484154
0.178898	0.445455
0.095119	0.165506
0.155583	0.193700
0.103864	0.189032
0.176849	0.345741
0.095763	0.109169
0.120401	0.179398
0.186972	0.435644
0.072604	0.283519
0.132730	0.178522
0.226002	0.378553
0.177966	0.455593
0.153035	0.166808
0.129651	0.131596
0.192824	0.247779
0.179727	0.220165
0.212674	0.264779
0.157572	0.296236
0.171571	0.501845
0.119501	0.099186
0.140162	0.185014
0.139501	0.206462
0.154916	0.159563
0.308431	0.259082
0.185151	0.282356
0.181219	0.104201
0.191631	0.178217
0.162860	0.335491
0.068845	0.290526
0.206726	0.624312
0.111848	0.124151
0.103545	0.190523
0.115913	0.272975
0.075525	0.098182
0.086036	0.136797
0.107485	0.177350
0.168579	0.373402
0.229751	0.763921
0.142321	0.176478
0.176750	0.441874
0.194976	0.717512
0.085792	0.135552
0.133604	0.229132
0.152520	0.129642
0.162479	0.366389
0.214803	0.231987
0.105088	0.124004
0.145466	0.179651
0.157332	0.420863
0.106019	0.203556
0.111806	0.194543
0.167106	0.279903
0.106079	0.162831
0.085973	0.140565
0.182197	0.405387
0.159678	0.379236
0.176158	0.185847
0.150686	0.412125
0.120356	0.222057
0.116994	0.326998
0.109074	0.153249
0.098186	0.190972
0.105372	0.197045
0.115683	0.167740
0.115056	0.178337
0.137174	0.324417
0.090103	0.181106
0.105483	0.222569
0.140939	0.195905
0.135591	0.145760
0.150257	0.203598
0.103036	0.109733
0.094408	0.122258
0.148370	0.887994
0.246825	0.544250
0.207202	0.412332
0.100098	0.127625
0.238910	1.128851
0.147958	0.210840
0.147813	0.297104
0.122529	0.130493
0.164387	0.485765
0.096753	0.121425
0.088871	0.217734
0.110037	0.182662
0.105098	0.180769
0.101376	0.116583
0.144877	0.315832
0.157435	0.378632
0.157042	0.404384
0.093075	0.108898
0.281216	1.095336
0.184962	0.262646
0.254908	0.518737
0.184816	0.365936
0.118577	0.177865
0.147014	0.264625
0.139930	0.294553
0.129908	0.283199
0.081340	0.187895
0.067134	0.089289
0.176606	0.306411
0.167931	0.236783
0.157396	0.154248
0.181569	0.400360
0.152195	0.213073
0.127829	0.168096
0.145155	0.237329
0.221018	0.424354
0.159742	0.373797
0.098882	0.221991
0.101166	0.129998
0.097718	0.132408
0.097116	0.121881
0.116716	0.206004
0.099702	0.134099
0.070678	0.094355
0.139085	0.228794
0.111996	0.121515
0.175728	0.311918
0.096530	0.106666
0.127756	0.178220
0.094583	0.166939
0.078976	0.151239
0.082910	0.152140
0.131081	0.273304
0.136486	0.163783
0.075518	0.084580
0.121334	0.245701
0.143458	0.111180
0.110500	0.100003
0.209968	0.330700
0.167226	0.235789
0.124641	0.210020
0.197959	0.677020
0.112305	0.142066
0.179568	0.579107
0.108662	0.150497
0.142494	0.310637
0.079822	0.104567
0.094007	0.187074
0.079473	0.168881
0.104566	0.256186
0.115897	0.226579
0.097472	0.152056
0.108720	0.229398
0.092152	0.122101
0.121840	0.161439
0.120129	0.176590
0.198038	0.580252
0.179015	0.501242
0.225690	0.424297
0.187224	0.267730
0.168984	0.212920
0.205204	0.427851
0.134423	0.116276
0.232759	0.564440
0.244476	0.614857
0.183115	0.362569
0.148103	0.187350
0.207087	0.208123
0.189224	0.311274
0.186112	0.161918
0.124399	0.110715
0.174326	0.145562
0.178651	0.250112
0.203154	0.368725
0.209058	0.160975
0.165922	0.179195
0.115554	0.121909
0.148376	0.572733
0.156036	0.203626
0.146703	0.222255
0.155554	0.174221
0.126254	0.268922
0.129671	0.307969
0.135697	0.492581
0.103912	0.291474
0.124771	0.156588
0.117479	0.183267
0.074410	0.123521
0.100141	0.139697
0.121183	0.234489
0.161918	0.330314
0.142665	0.219704
0.136052	0.287750
0.136042	0.290449
0.137363	0.453297
0.081422	0.142896
0.140673	0.218044
0.228998	0.730503
0.210614	0.446502
0.209143	0.707948
0.122611	0.183304
0.117595	0.231075
0.149246	0.387294
0.068330	0.191323
0.195334	0.630928
0.084886	0.106956
0.120960	0.324778
0.130623	0.328516
0.284480	0.824992
0.126706	0.104532
0.189934	0.184236
0.248667	0.825575
0.265883	0.470613
0.174500	0.126513
0.305008	0.828098
0.221607	0.402216
0.151384	0.173334
0.307952	0.557392
0.201033	0.158816
0.203453	0.203453
0.297032	0.384657
0.236883	0.268863
0.149859	0.125882
0.197121	0.130100
0.110171	0.116782
0.235140	0.435010
0.187346	0.246360
0.202677	0.446902
0.200313	0.360563
0.141872	0.228413
0.207226	0.305659
0.123119	0.123119
0.129943	0.231948
0.127266	0.251351
0.275176	0.762236
0.270342	0.765067
0.128052	0.169029
0.154639	0.115979
0.121050	0.194286
0.155206	0.258418
0.207213	0.860971
0.145852	0.185232
0.106440	0.167110
0.103742	0.153538
0.084375	0.148078
0.111987	0.245813
0.115222	0.298424
0.105751	0.224192
0.113824	0.133743
0.164581	0.124259
0.240109	0.262919
0.262405	0.293893
0.221302	0.401664
0.220704	0.281398
0.107121	0.076592
0.145048	0.134895
0.190256	0.205476
0.147337	0.106083
0.178821	0.187762
0.129929	0.114338
0.159135	0.205284
0.136479	0.136479
0.114023	0.180156
0.172574	0.216581
0.157303	0.532471
0.148720	0.184413
0.115612	0.206946
0.107160	0.126984
0.116414	0.189173
0.083538	0.149116
0.110946	0.213016
0.107585	0.146853
0.136378	0.252298
0.168585	0.316940
0.148777	0.163655
0.138611	0.252272
0.126448	0.244678
0.132385	0.155552
0.265900	0.473302
0.204391	0.404694
0.228165	0.454047
0.153472	0.118941
0.205273	0.672270
0.118617	0.284087
0.108090	0.151866
0.129552	0.228660
0.075051	0.079554
0.099083	0.183304
0.146901	0.269562
0.461178	0.212142
0.445969	0.330017
0.401634	0.556262
0.307287	0.204346
0.352440	1.120758
0.329709	0.367625
0.224974	0.282342
0.108216	0.115250
0.116685	0.142939
0.153199	0.255842
0.211615	0.314248
0.149456	0.207743
0.106093	0.091240
0.128333	0.173249
0.123801	0.225317
0.117612	0.158776
0.156264	0.373470
0.120649	0.293178
0.064265	0.109251
0.091542	0.248537
0.101733	0.098681
0.191503	0.454819
0.123387	0.178294
0.112599	0.186915
0.136689	0.219386
0.179090	0.427129
0.187141	0.175912
0.151398	0.521568
0.050217	0.179275
0.112197	0.237858
0.096384	0.309876
0.068880	0.141203
0.116900	0.294588
0.073838	0.108173
0.088733	0.161050
0.105525	0.281752
0.168210	0.697230
0.135634	0.205486
0.100629	0.237988
0.160056	0.222478
0.152876	0.208676
0.173226	0.245981
0.206595	0.280969
0.137644	0.188572
0.109056	0.135229
0.161576	0.354659
0.075710	0.119243
0.115059	0.394652
0.144357	0.465550
0.222905	0.392314
0.103343	0.111094
0.149402	0.265935
0.186907	0.441100
0.124987	0.296220
0.112731	0.194461
0.118593	0.221176
0.103314	0.148255
0.080236	0.118750
0.125040	0.175057
0.114837	0.207281
0.131419	0.241810
0.154699	0.435477
0.119373	0.133698
0.136981	0.253416
0.087541	0.132624
0.212248	1.424185
0.107147	0.358407
0.139471	0.497214
0.076297	0.154502
0.110443	0.341267
0.096896	0.181680
0.102967	0.164233
0.110006	0.231562
0.167388	0.493795
0.106879	0.220172
0.127110	0.243416
0.116696	0.172126
0.101533	0.105594
0.291419	2.366324
0.109770	0.208563
0.079619	0.239652
0.169506	0.575474
0.071580	0.141371
0.101831	0.221992
0.105411	0.158116
0.149242	0.341765
0.115697	0.295606
0.132922	0.134251
0.121112	0.248280
0.114149	0.246562
0.124648	0.282328
0.115950	0.401187
0.039177	0.182761
0.115481	0.237891
0.238312	0.836477
0.090071	0.097276
0.133105	0.210305
0.165424	0.440027
0.124629	0.218101
0.151930	0.307658
0.222118	0.617488
0.138884	0.227770
0.116390	0.256059
0.178492	0.398037
0.163352	0.249111
0.098295	0.095838
0.154796	0.278632
0.161827	0.167491
0.172713	0.240071
0.090938	0.117310
0.227458	0.401463
0.206481	0.412962
0.162454	0.373643
0.112342	0.202216
0.165166	0.205631
0.163903	0.236021
0.108689	0.133144
0.159983	0.164783
0.128326	0.127685
0.171118	0.248121
0.211434	0.689274
0.188118	0.279355
0.155970	0.170787
0.128370	0.148268
0.143324	0.309580
0.109432	0.115998
0.163732	0.237411
0.127822	0.167446
0.124416	0.118817
0.098485	0.167424
0.132566	0.296285
0.218872	0.386309
0.107230	0.159236
0.135723	0.238193
0.093335	0.142336
0.101072	0.140996
0.139712	0.216553
0.140108	0.182141
0.116409	0.118155
0.106895	0.149653
0.120181	0.182074
0.110394	0.223547
0.117747	0.166024
0.175722	0.193294
0.220860	0.262823
0.122283	0.172419
0.146583	0.225005
0.209339	0.215619
0.147506	0.303124
0.197514	0.389103
0.239427	0.581808
0.227121	0.377022
0.166334	0.338491
0.097349	0.153325
0.205268	0.435168
0.207785	0.340767
0.128823	0.132688
0.100819	0.109892
0.171572	0.293389
0.131294	0.213352
0.112055	0.199458
0.274180	1.150184
0.181258	0.279138
0.202771	0.270699
0.127277	0.189007
0.160050	0.280887
0.081449	0.143757
0.112809	0.185006
0.163389	0.303087
0.125961	0.137297
0.119999	0.157199
0.118738	0.213135
0.162418	0.207895
0.104739	0.100025
0.147381	0.206334
0.222689	0.626871
0.136335	0.235860
0.150420	0.273012
0.139273	0.243728
0.096764	0.171272
0.109300	0.126788
0.154433	0.302689
0.209509	0.621195
0.082696	0.129419
0.221516	0.548251
0.120932	0.331959
0.101630	0.246962
0.088485	0.196879
0.086279	0.186363
0.112429	0.301310
0.069426	0.094420
0.253002	2.131539
0.103261	0.128560
0.114691	0.133615
0.163980	0.186117
0.187792	0.522062
0.115895	0.143710
0.097071	0.136870
0.100447	0.129074
0.074834	0.112626
0.209892	1.246759
0.091806	0.114299
0.190176	0.271001
0.175654	0.525205
0.169344	0.220148
0.100310	0.176546
0.126617	0.465317
0.078155	0.282140
0.083813	0.162178
0.150578	0.222855
0.118951	0.232550
0.105076	0.201220
0.108057	0.183156
0.109192	0.274619
0.154921	0.278857
0.114082	0.188806
0.104643	0.197775
0.137235	0.218204
0.138576	0.339512
0.091520	0.123094
0.289255	2.656809
0.124255	0.166502
0.199412	0.462636
0.169358	0.279441
0.107660	0.179792
0.156548	0.130718
0.213508	0.890329
0.155402	0.307696
0.134148	0.205918
0.094386	0.124590
0.180538	0.398086
0.160345	0.287819
0.147674	0.303470
0.179597	0.458871
0.126106	0.324723
0.102869	0.181049
0.130031	0.172291
0.160003	0.426409
0.163331	0.209880
0.147448	0.246238
0.138055	0.221578
0.095823	0.128403
0.133379	0.224077
0.096777	0.104035
0.106926	0.116014
0.123236	0.223673
0.097857	0.126235
0.169280	0.404579
0.123318	0.171412
0.083753	0.107622
0.114695	0.193835
0.112090	0.156366
0.132237	0.277697
0.186503	0.446674
0.115595	0.232925
0.131495	0.195271
0.171320	0.340927
0.077923	0.116885
0.452183	2.534484
0.151347	0.348098
0.097863	0.134561
0.151920	0.202054
0.179911	0.505549
0.171753	0.668976
0.114296	0.124011
0.125192	0.153360
0.111905	0.231083
0.133559	0.225047
0.155397	0.337212
0.155775	0.271048
0.123295	0.163983
0.149548	0.459113
0.151482	0.184050
0.158551	0.361497
0.156205	0.214001
0.121990	0.257400
0.114947	0.155178
0.117208	0.215076
0.143490	0.296306
0.079127	0.132143
0.219013	0.631851
0.155299	0.214313
0.080997	0.100842
0.128710	0.175689
0.110171	0.146528
0.145770	0.231045
0.124200	0.283796
0.115371	0.173634
0.108919	0.121989
0.144681	0.266936
0.139540	0.177215
0.142007	0.205910
0.174919	0.632331
0.225059	0.406232
0.129228	0.121475
0.199984	0.525959
0.094699	0.116954
0.085542	0.113771
0.160738	0.335139
0.120275	0.230326
0.199695	0.381418
0.092112	0.216002
0.104641	0.154868
0.131310	0.387365
0.124751	0.180888
0.114839	0.260684
0.110146	0.243974
0.119417	0.187485
0.145793	0.227437
0.085391	0.113998
0.107613	0.143126
0.144522	0.416224
0.091099	0.142114
0.087649	0.148127
0.087555	0.166355
0.119420	0.208388
0.079471	0.121987
0.125129	0.317827
0.130168	0.163361
0.175549	0.473982
0.203418	0.562450
0.109163	0.141912
0.217351	0.880270
0.125656	0.230579
0.163670	0.374803
0.174612	0.308190
0.153534	0.296320
0.093529	0.154323
0.137173	0.244167
0.207956	0.696653
0.093498	0.100043
0.138439	0.253343
0.203915	0.536296
0.160608	0.216018
0.130824	0.267536
0.076170	0.098260
0.161093	0.230363
0.124849	0.289649
0.133480	0.185537
0.197640	0.443702
0.117204	0.236751
0.079481	0.181216
0.076397	0.110776
0.130682	0.379632
0.070286	0.184149
0.090461	0.135240
0.193049	0.335905
0.140482	0.295012
0.130111	0.158085
0.129487	0.128839
0.160935	0.281635
0.198974	0.212902
0.162756	0.152177
0.137056	0.139112
0.135810	0.154823
0.131876	0.268367
0.112397	0.325390
0.091128	0.104341
0.085640	0.112189
0.151564	0.244775
0.114245	0.269046
0.099208	0.176590
0.097022	0.147959
0.081445	0.095698
0.162753	0.273426
0.155004	0.382859
0.069392	0.088822
0.107019	0.244539
0.166582	0.391467
0.137563	0.243487
0.122174	0.151496
0.120849	0.156500
0.114512	0.231315
0.091377	0.158995
0.107539	0.228520
0.157193	0.293165
0.163903	0.676920
0.108367	0.176638
0.131863	0.270979
0.096003	0.165605
0.215331	0.444659
0.147627	0.249489
0.115634	0.197734
0.095670	0.119588
0.152195	0.243512
0.155761	0.187692
0.132779	0.185890
0.193158	0.402734
0.245878	0.319642
0.116049	0.118950
0.214636	0.153465
0.249574	0.330686
0.235624	0.830576
0.290586	0.233922
0.156016	0.130273
0.401373	0.610087
0.312311	0.924440
0.184574	0.237177
0.169535	0.133085
0.147569	0.160850
0.260452	0.311240
0.205501	0.325719
0.183215	0.185047
0.176399	0.180809
0.096601	0.108676
0.256873	0.841260
0.204375	0.193134
0.183241	0.481925
0.146835	0.186481
0.136684	0.327359
0.095131	0.153160
0.111122	0.155016
0.107019	0.203872
0.107600	0.170008
0.063774	0.123722
0.064278	0.135305
0.058432	0.110729
0.131999	0.409197
0.151283	0.392579
0.108527	0.180698
0.106008	0.127209
0.128825	0.250565
0.132395	0.371368
0.166424	0.331184
0.128479	0.301284
0.098513	0.126097
0.139441	0.276093
0.116579	0.303689
0.128186	0.244194
0.106697	0.243269
0.107807	0.197287
0.120828	0.422295
0.231368	0.554127
0.220746	0.466879
0.141672	0.299635
0.136573	0.136573
0.115290	0.125666
0.120973	0.153635
0.131130	0.148832
0.082529	0.096146
0.104534	0.139552
0.119528	0.237860
0.128289	0.143043
0.170960	0.256440
